0 0.028333333333333335 0.6933333333333334 0.05 0.04666666666666667
0 0.06166666666666667 0.65 0.030000000000000002 0.02666666666666667
0 0.1 0.6333333333333334 0.04 0.03333333333333333
0 0.14666666666666667 0.6166666666666667 0.04666666666666667 0.04666666666666667
0 0.18666666666666668 0.5933333333333334 0.03333333333333333 0.04666666666666667
0 0.22833333333333336 0.5666666666666667 0.043333333333333335 0.04
0 0.27 0.5383333333333333 0.04666666666666667 0.03666666666666667
0 0.3066666666666667 0.51 0.04666666666666667 0.03333333333333333
0 0.34833333333333333 0.4816666666666667 0.043333333333333335 0.03666666666666667
0 0.38833333333333336 0.45333333333333337 0.03666666666666667 0.02666666666666667
0 0.4266666666666667 0.43333333333333335 0.03333333333333333 0.02666666666666667
0 0.46166666666666667 0.41500000000000004 0.030000000000000002 0.030000000000000002
0 0.49333333333333335 0.40166666666666667 0.04 0.043333333333333335
0 0.5316666666666667 0.375 0.030000000000000002 0.03666666666666667
0 0.5666666666666667 0.36333333333333334 0.02666666666666667 0.02666666666666667
0 0.6016666666666667 0.35000000000000003 0.030000000000000002 0.04
0 0.6283333333333334 0.32333333333333336 0.030000000000000002 0.04666666666666667
0 0.6616666666666667 0.305 0.03666666666666667 0.05
0 0.7033333333333334 0.29333333333333333 0.04666666666666667 0.04
0 0.7466666666666667 0.28 0.03333333333333333 0.04
0 0.78 0.2516666666666667 0.03333333333333333 0.03666666666666667
0 0.8150000000000001 0.23 0.03666666666666667 0.03333333333333333
0 0.8500000000000001 0.20500000000000002 0.03333333333333333 0.03666666666666667
0 0.8833333333333334 0.18000000000000002 0.03333333333333333 0.04
0 0.92 0.15000000000000002 0.03333333333333333 0.02666666666666667
0 0.9500000000000001 0.11166666666666668 0.02666666666666667 0.030000000000000002
0 0.9833333333333334 0.11166666666666668 0.02666666666666667 0.06333333333333334
0 0.025 0.9500000000000001 0.05 0.05333333333333334
0 0.07 0.9066666666666667 0.04 0.05333333333333334
0 0.11333333333333334 0.89 0.04 0.04
0 0.155 0.8650000000000001 0.043333333333333335 0.043333333333333335
0 0.19833333333333333 0.8483333333333334 0.03666666666666667 0.03666666666666667
0 0.24000000000000002 0.8366666666666667 0.04666666666666667 0.04
0 0.2866666666666667 0.8033333333333333 0.03333333333333333 0.04
0 0.3116666666666667 0.765 0.03666666666666667 0.043333333333333335
0 0.35333333333333333 0.7383333333333334 0.04666666666666667 0.05
0 0.4 0.7100000000000001 0.04 0.05333333333333334
0 0.44333333333333336 0.6816666666666668 0.04 0.043333333333333335
0 0.4816666666666667 0.6483333333333334 0.03666666666666667 0.03666666666666667
0 0.525 0.6183333333333334 0.043333333333333335 0.05
0 0.5733333333333334 0.5950000000000001 0.04666666666666667 0.05
0 0.615 0.5566666666666668 0.03666666666666667 0.04666666666666667
0 0.6566666666666667 0.5283333333333333 0.04666666666666667 0.05
0 0.7033333333333334 0.5033333333333334 0.04666666666666667 0.060000000000000005
0 0.755 0.48333333333333334 0.043333333333333335 0.060000000000000005
0 0.7966666666666667 0.44 0.03333333333333333 0.05333333333333334
0 0.8350000000000001 0.4116666666666667 0.03666666666666667 0.043333333333333335
0 0.8733333333333334 0.37000000000000005 0.04666666666666667 0.05333333333333334
0 0.915 0.34500000000000003 0.03666666666666667 0.05
0 0.9466666666666668 0.3016666666666667 0.02666666666666667 0.043333333333333335
0 0.9800000000000001 0.28 0.03333333333333333 0.04
