0 0.25 0.6066666666666667 0.04666666666666667 0.060000000000000005
0 0.29000000000000004 0.5483333333333333 0.02666666666666667 0.03666666666666667
0 0.3516666666666667 0.7000000000000001 0.05666666666666667 0.19333333333333336
0 0.46 0.7050000000000001 0.12666666666666668 0.21000000000000002
0 0.5716666666666667 0.75 0.07 0.19333333333333336
0 0.6466666666666667 0.8116666666666668 0.06666666666666667 0.05
0 0.8400000000000001 0.7383333333333334 0.2733333333333334 0.11
0 0.8200000000000001 0.6233333333333334 0.02666666666666667 0.09333333333333334
0 0.9366666666666668 0.635 0.060000000000000005 0.09000000000000001
0 0.395 0.26333333333333336 0.06333333333333334 0.04
0 0.3116666666666667 0.23500000000000001 0.03666666666666667 0.05666666666666667
