0 0.6000000000000001 0.3216666666666667 0.02 0.023333333333333334
0 0.5650000000000001 0.3466666666666667 0.016666666666666666 0.013333333333333334
0 0.5566666666666668 0.36833333333333335 0.013333333333333334 0.016666666666666666
0 0.5333333333333333 0.38833333333333336 0.013333333333333334 0.016666666666666666
0 0.51 0.41000000000000003 0.013333333333333334 0.02
0 0.48333333333333334 0.4416666666666667 0.013333333333333334 0.023333333333333334
0 0.4683333333333334 0.465 0.016666666666666666 0.016666666666666666
0 0.4416666666666667 0.48500000000000004 0.016666666666666666 0.023333333333333334
0 0.41833333333333333 0.5033333333333334 0.016666666666666666 0.013333333333333334
0 0.395 0.5266666666666667 0.016666666666666666 0.02666666666666667
0 0.3816666666666667 0.5533333333333333 0.016666666666666666 0.02666666666666667
0 0.3516666666666667 0.5733333333333334 0.016666666666666666 0.02
0 0.34 0.5933333333333334 0.013333333333333334 0.02
0 0.3166666666666667 0.61 0.02 0.013333333333333334
0 0.29833333333333334 0.6266666666666667 0.0033333333333333335 0.02
0 0.28833333333333333 0.65 0.016666666666666666 0.02666666666666667
0 0.2566666666666667 0.6816666666666668 0.013333333333333334 0.016666666666666666
0 0.24166666666666667 0.7083333333333334 0.016666666666666666 0.023333333333333334
0 0.22 0.7283333333333334 0.013333333333333334 0.016666666666666666
0 0.19833333333333333 0.7466666666666667 0.01 0.013333333333333334
0 0.1716666666666667 0.7733333333333334 0.01 0.02666666666666667
0 0.1366666666666667 0.81 0.013333333333333334 0.02
0 0.11833333333333335 0.8283333333333334 0.0033333333333333335 0.01
0 0.08666666666666667 0.8650000000000001 0.03333333333333333 0.05
0 0.12666666666666668 0.8750000000000001 0.02 0.016666666666666666
0 0.16333333333333333 0.8583333333333334 0.02666666666666667 0.01
0 0.18500000000000003 0.8433333333333334 0.023333333333333334 0.013333333333333334
0 0.21166666666666667 0.8266666666666668 0.023333333333333334 0.006666666666666667
0 0.26666666666666666 0.77 0.03333333333333333 0.013333333333333334
0 0.3016666666666667 0.7583333333333334 0.030000000000000002 0.016666666666666666
0 0.4366666666666667 0.61 0.03333333333333333 0.02666666666666667
0 0.5466666666666667 0.49500000000000005 0.02666666666666667 0.01
0 0.5900000000000001 0.49333333333333335 0.02 0.02666666666666667
0 0.66 0.39666666666666667 0.02666666666666667 0.013333333333333334
