0 0.12000000000000001 0.3016666666666667 0.02666666666666667 0.030000000000000002
0 0.16666666666666669 0.3466666666666667 0.03333333333333333 0.04
0 0.21500000000000002 0.3983333333333334 0.03666666666666667 0.030000000000000002
0 0.25833333333333336 0.45 0.03666666666666667 0.04666666666666667
0 0.31333333333333335 0.4816666666666667 0.03333333333333333 0.03666666666666667
0 0.38 0.4916666666666667 0.02 0.03666666666666667
0 0.35500000000000004 0.5333333333333333 0.043333333333333335 0.04
0 0.4733333333333334 0.55 0.060000000000000005 0.06666666666666667
0 0.5966666666666667 0.5983333333333334 0.16 0.08333333333333334
0 0.6416666666666667 0.5283333333333333 0.03666666666666667 0.016666666666666666
0 0.6883333333333334 0.545 0.030000000000000002 0.016666666666666666
0 0.7233333333333334 0.615 0.02666666666666667 0.11
0 0.7000000000000001 0.6216666666666667 0.03333333333333333 0.09666666666666668
0 0.7616666666666667 0.6733333333333333 0.016666666666666666 0.060000000000000005
0 0.7883333333333333 0.7250000000000001 0.030000000000000002 0.03666666666666667
