0 0.63 0.32833333333333337 0.02666666666666667 0.016666666666666666
0 0.655 0.2966666666666667 0.030000000000000002 0.02
0 0.6900000000000001 0.2783333333333334 0.04 0.023333333333333334
0 0.7200000000000001 0.24333333333333335 0.04 0.02
0 0.7383333333333334 0.21333333333333335 0.023333333333333334 0.02
0 0.7683333333333334 0.17 0.030000000000000002 0.02666666666666667
0 0.7983333333333333 0.12666666666666668 0.030000000000000002 0.02666666666666667
0 0.8216666666666668 0.10666666666666667 0.023333333333333334 0.02
0 0.8483333333333334 0.08333333333333334 0.03666666666666667 0.02666666666666667
0 0.885 0.06166666666666667 0.043333333333333335 0.03666666666666667
0 0.525 0.37833333333333335 0.016666666666666666 0.016666666666666666
0 0.51 0.39333333333333337 0.013333333333333334 0.013333333333333334
0 0.49333333333333335 0.4166666666666667 0.013333333333333334 0.02
0 0.47500000000000003 0.44 0.023333333333333334 0.02
0 0.45833333333333337 0.4633333333333334 0.016666666666666666 0.02
0 0.4416666666666667 0.49000000000000005 0.016666666666666666 0.02
0 0.42833333333333334 0.525 0.023333333333333334 0.023333333333333334
0 0.36000000000000004 0.6033333333333334 0.02 0.02
0 0.33666666666666667 0.6266666666666667 0.02 0.02
0 0.14833333333333334 0.76 0.030000000000000002 0.02
0 0.09000000000000001 0.7766666666666667 0.03333333333333333 0.013333333333333334
0 0.07166666666666667 0.7966666666666667 0.043333333333333335 0.02
