0 0.46 0.375 0.04666666666666667 0.030000000000000002
0 0.5033333333333334 0.3466666666666667 0.04 0.03333333333333333
0 0.5416666666666667 0.33 0.030000000000000002 0.02666666666666667
0 0.41000000000000003 0.38 0.04 0.02666666666666667
0 0.38 0.39666666666666667 0.02666666666666667 0.02
0 0.3433333333333334 0.42500000000000004 0.02 0.030000000000000002
0 0.31333333333333335 0.4416666666666667 0.02666666666666667 0.023333333333333334
0 0.2833333333333333 0.4666666666666667 0.02666666666666667 0.02666666666666667
0 0.24166666666666667 0.4816666666666667 0.016666666666666666 0.01
0 0.22666666666666668 0.5083333333333334 0.02 0.030000000000000002
0 0.1716666666666667 0.5616666666666666 0.023333333333333334 0.016666666666666666
0 0.8233333333333334 0.13166666666666668 0.02 0.023333333333333334
0 0.8466666666666667 0.115 0.02 0.016666666666666666
0 0.8700000000000001 0.09000000000000001 0.02666666666666667 0.02
0 0.9083333333333334 0.08833333333333333 0.030000000000000002 0.030000000000000002
