0 0.09333333333333334 0.15666666666666668 0.02 0.013333333333333334
0 0.18333333333333335 0.17666666666666667 0.013333333333333334 0.006666666666666667
0 0.24666666666666667 0.22 0.04 0.02666666666666667
0 0.315 0.2783333333333334 0.05 0.043333333333333335
0 0.4 0.32833333333333337 0.02 0.030000000000000002
0 0.4316666666666667 0.375 0.016666666666666666 0.016666666666666666
0 0.4633333333333334 0.41000000000000003 0.02 0.02
0 0.4916666666666667 0.4366666666666667 0.016666666666666666 0.02
0 0.535 0.48333333333333334 0.03666666666666667 0.02
0 0.5816666666666667 0.5233333333333333 0.023333333333333334 0.02666666666666667
0 0.63 0.5750000000000001 0.02666666666666667 0.030000000000000002
0 0.6683333333333333 0.6216666666666667 0.01 0.023333333333333334
0 0.7216666666666667 0.6716666666666667 0.023333333333333334 0.023333333333333334
0 0.7583333333333334 0.7200000000000001 0.030000000000000002 0.04
0 0.79 0.765 0.013333333333333334 0.016666666666666666
