0 0.54 0.4166666666666667 0.03333333333333333 0.013333333333333334
0 0.5933333333333334 0.395 0.12000000000000001 0.023333333333333334
0 0.395 0.4066666666666667 0.01 0.02666666666666667
0 0.33333333333333337 0.33166666666666667 0.02 0.016666666666666666
0 0.3516666666666667 0.335 0.016666666666666666 0.016666666666666666
0 0.3216666666666667 0.27166666666666667 0.023333333333333334 0.016666666666666666
0 0.32833333333333337 0.29500000000000004 0.03666666666666667 0.016666666666666666
0 0.4133333333333334 0.3383333333333334 0.03333333333333333 0.016666666666666666
0 0.5716666666666667 0.36333333333333334 0.11 0.02
0 0.6666666666666667 0.3616666666666667 0.06666666666666667 0.016666666666666666
0 0.78 0.39666666666666667 0.02666666666666667 0.02666666666666667
0 0.8166666666666668 0.4116666666666667 0.03333333333333333 0.016666666666666666
0 0.2916666666666667 0.23500000000000001 0.043333333333333335 0.030000000000000002
0 0.2816666666666667 0.45333333333333337 0.05666666666666667 0.02
0 0.44 0.525 0.04 0.016666666666666666
