0 0.44333333333333336 0.48000000000000004 0.013333333333333334 0.006666666666666667
0 0.4716666666666667 0.43833333333333335 0.016666666666666666 0.016666666666666666
0 0.5016666666666667 0.4216666666666667 0.016666666666666666 0.01
0 0.545 0.3916666666666667 0.016666666666666666 0.01
0 0.5833333333333334 0.34500000000000003 0.02 0.016666666666666666
0 0.6183333333333334 0.31333333333333335 0.01 0.013333333333333334
0 0.6733333333333333 0.2316666666666667 0.013333333333333334 0.016666666666666666
0 0.6416666666666667 0.27166666666666667 0.016666666666666666 0.016666666666666666
0 0.7150000000000001 0.22833333333333336 0.023333333333333334 0.016666666666666666
0 0.7583333333333334 0.20333333333333334 0.016666666666666666 0.04
0 0.38833333333333336 0.5833333333333334 0.023333333333333334 0.02
0 0.37833333333333335 0.61 0.016666666666666666 0.013333333333333334
0 0.36500000000000005 0.6333333333333334 0.023333333333333334 0.013333333333333334
0 0.35500000000000004 0.66 0.0033333333333333335 0.013333333333333334
0 0.30833333333333335 0.7366666666666667 0.016666666666666666 0.02666666666666667
0 0.27166666666666667 0.78 0.016666666666666666 0.02
0 0.23500000000000001 0.8183333333333334 0.01 0.030000000000000002
0 0.03166666666666667 0.8933333333333334 0.05 0.02
0 0.05166666666666667 0.8600000000000001 0.016666666666666666 0.013333333333333334
0 0.135 0.7783333333333334 0.023333333333333334 0.023333333333333334
0 0.15000000000000002 0.7533333333333334 0.013333333333333334 0.013333333333333334
0 0.16666666666666669 0.7300000000000001 0.013333333333333334 0.013333333333333334
0 0.17666666666666667 0.6983333333333334 0.02 0.01
0 0.19333333333333336 0.675 0.02 0.01
0 0.20500000000000002 0.655 0.016666666666666666 0.016666666666666666
