0 0.04666666666666667 0.7400000000000001 0.08666666666666667 0.03333333333333333
0 0.4133333333333334 0.7016666666666667 0.07333333333333333 0.05
0 0.48500000000000004 0.6816666666666668 0.06333333333333334 0.05666666666666667
0 0.545 0.6633333333333333 0.03666666666666667 0.02666666666666667
0 0.5816666666666667 0.645 0.030000000000000002 0.016666666666666666
0 0.32833333333333337 0.8200000000000001 0.03666666666666667 0.013333333333333334
0 0.36500000000000005 0.8033333333333333 0.03666666666666667 0.02
0 0.4066666666666667 0.7833333333333334 0.02666666666666667 0.013333333333333334
0 0.49000000000000005 0.7683333333333334 0.05333333333333334 0.01
0 0.63 0.6466666666666667 0.03333333333333333 0.02
0 0.65 0.625 0.02 0.016666666666666666
0 0.6733333333333333 0.6083333333333334 0.02 0.016666666666666666
0 0.6900000000000001 0.5850000000000001 0.02 0.016666666666666666
0 0.7116666666666667 0.5683333333333334 0.023333333333333334 0.016666666666666666
0 0.7250000000000001 0.5433333333333333 0.023333333333333334 0.013333333333333334
0 0.7683333333333334 0.4966666666666667 0.023333333333333334 0.013333333333333334
0 0.7833333333333334 0.4666666666666667 0.02666666666666667 0.02
0 0.8016666666666667 0.43500000000000005 0.016666666666666666 0.01
0 0.8233333333333334 0.39333333333333337 0.02 0.02666666666666667
