0 0.23333333333333334 0.03666666666666667 0.21333333333333335 0.06666666666666667
0 0.395 0.12000000000000001 0.043333333333333335 0.16666666666666669
0 0.22666666666666668 0.4966666666666667 0.12000000000000001 0.06666666666666667
0 0.3433333333333334 0.4683333333333334 0.09333333333333334 0.17666666666666667
0 0.45833333333333337 0.5166666666666667 0.11666666666666667 0.2066666666666667
0 0.48833333333333334 0.31 0.19 0.18666666666666668
0 0.6166666666666667 0.5483333333333333 0.18000000000000002 0.25
0 0.6383333333333334 0.37000000000000005 0.09000000000000001 0.10666666666666667
0 0.7483333333333334 0.5566666666666668 0.07 0.23333333333333334
0 0.8183333333333334 0.65 0.05666666666666667 0.2066666666666667
0 0.8866666666666667 0.6933333333333334 0.06666666666666667 0.16
0 0.9466666666666668 0.7150000000000001 0.04 0.14333333333333334
