0 0.5766666666666667 0.7000000000000001 0.03333333333333333 0.02666666666666667
0 0.6016666666666667 0.6766666666666667 0.030000000000000002 0.02
0 0.7400000000000001 0.5416666666666667 0.013333333333333334 0.01
0 0.7416666666666667 0.5016666666666667 0.016666666666666666 0.01
0 0.7566666666666667 0.46166666666666667 0.02666666666666667 0.023333333333333334
0 0.7816666666666667 0.4316666666666667 0.023333333333333334 0.01
0 0.795 0.3983333333333334 0.016666666666666666 0.016666666666666666
0 0.805 0.3566666666666667 0.023333333333333334 0.02666666666666667
0 0.8316666666666667 0.3383333333333334 0.030000000000000002 0.023333333333333334
0 0.8566666666666667 0.30333333333333334 0.02 0.02
0 0.8816666666666667 0.2733333333333334 0.016666666666666666 0.013333333333333334
0 0.895 0.2516666666666667 0.023333333333333334 0.01
0 0.9083333333333334 0.22833333333333336 0.016666666666666666 0.016666666666666666
0 0.8216666666666668 0.28833333333333333 0.023333333333333334 0.016666666666666666
0 0.805 0.30333333333333334 0.016666666666666666 0.02
0 0.7716666666666667 0.325 0.023333333333333334 0.016666666666666666
0 0.7416666666666667 0.3433333333333334 0.01 0.013333333333333334
0 0.645 0.32833333333333337 0.016666666666666666 0.016666666666666666
0 0.7316666666666667 0.23 0.016666666666666666 0.013333333333333334
0 0.7566666666666667 0.2 0.02 0.006666666666666667
0 0.7716666666666667 0.18666666666666668 0.01 0.006666666666666667
0 0.775 0.16333333333333333 0.023333333333333334 0.013333333333333334
0 0.7983333333333333 0.15166666666666667 0.016666666666666666 0.01
