0 0.15666666666666668 0.4116666666666667 0.08 0.08333333333333334
0 0.25 0.44333333333333336 0.1 0.07333333333333333
0 0.32833333333333337 0.4816666666666667 0.05 0.03666666666666667
0 0.38 0.535 0.05333333333333334 0.05666666666666667
0 0.43500000000000005 0.5733333333333334 0.05 0.09333333333333334
0 0.5 0.6216666666666667 0.060000000000000005 0.06333333333333334
0 0.56 0.655 0.05333333333333334 0.05666666666666667
0 0.6233333333333334 0.6883333333333334 0.05333333333333334 0.06333333333333334
0 0.7016666666666667 0.7233333333333334 0.07666666666666667 0.08666666666666667
0 0.79 0.7833333333333334 0.07333333333333333 0.060000000000000005
0 0.8166666666666668 0.7033333333333334 0.03333333333333333 0.05333333333333334
0 0.88 0.7966666666666667 0.060000000000000005 0.1
0 0.6633333333333333 0.5533333333333333 0.04666666666666667 0.03333333333333333
0 0.7216666666666667 0.5850000000000001 0.043333333333333335 0.023333333333333334
0 0.775 0.615 0.023333333333333334 0.05
0 0.09166666666666667 0.24166666666666667 0.03666666666666667 0.023333333333333334
0 0.16 0.26833333333333337 0.07333333333333333 0.023333333333333334
0 0.23 0.305 0.02666666666666667 0.023333333333333334
