0 0.21833333333333335 0.28833333333333333 0.03666666666666667 0.030000000000000002
0 0.25 0.32833333333333337 0.02666666666666667 0.030000000000000002
0 0.2866666666666667 0.36333333333333334 0.04 0.02666666666666667
0 0.33 0.4 0.03333333333333333 0.03333333333333333
0 0.3616666666666667 0.43333333333333335 0.016666666666666666 0.02
0 0.39666666666666667 0.47000000000000003 0.02 0.02
0 0.4366666666666667 0.4916666666666667 0.03333333333333333 0.023333333333333334
0 0.48333333333333334 0.52 0.04 0.03333333333333333
0 0.53 0.55 0.04 0.02666666666666667
0 0.5766666666666667 0.5783333333333334 0.04 0.030000000000000002
0 0.6183333333333334 0.6050000000000001 0.030000000000000002 0.023333333333333334
0 0.6583333333333333 0.6283333333333334 0.030000000000000002 0.03666666666666667
0 0.6950000000000001 0.655 0.023333333333333334 0.030000000000000002
0 0.7250000000000001 0.6833333333333333 0.023333333333333334 0.02666666666666667
0 0.785 0.7200000000000001 0.043333333333333335 0.03333333333333333
0 0.8216666666666668 0.755 0.023333333333333334 0.030000000000000002
0 0.8583333333333334 0.7783333333333334 0.030000000000000002 0.030000000000000002
0 0.8 0.7866666666666667 0.04666666666666667 0.04
0 0.8966666666666667 0.8116666666666668 0.03333333333333333 0.03666666666666667
0 0.9016666666666667 0.8483333333333334 0.023333333333333334 0.023333333333333334
0 0.9500000000000001 0.8583333333333334 0.02666666666666667 0.030000000000000002
0 0.5583333333333333 0.65 0.023333333333333334 0.02666666666666667
0 0.05333333333333334 0.29500000000000004 0.060000000000000005 0.05
0 0.10666666666666667 0.31333333333333335 0.03333333333333333 0.04
0 0.155 0.3566666666666667 0.043333333333333335 0.04666666666666667
0 0.19166666666666668 0.3766666666666667 0.030000000000000002 0.02666666666666667
0 0.21666666666666667 0.4116666666666667 0.02666666666666667 0.023333333333333334
0 0.255 0.42833333333333334 0.023333333333333334 0.030000000000000002
0 0.28500000000000003 0.46166666666666667 0.030000000000000002 0.030000000000000002
0 0.32666666666666666 0.49500000000000005 0.02666666666666667 0.023333333333333334
0 0.1366666666666667 0.2783333333333334 0.02 0.030000000000000002
0 0.17333333333333334 0.25333333333333335 0.02 0.02
0 0.37000000000000005 0.5216666666666667 0.02666666666666667 0.030000000000000002
