0 0.9400000000000001 0.35500000000000004 0.03333333333333333 0.030000000000000002
0 0.8966666666666667 0.39 0.04 0.03333333333333333
0 0.8550000000000001 0.42333333333333334 0.03666666666666667 0.04
0 0.5583333333333333 0.6066666666666667 0.016666666666666666 0.02
0 0.5083333333333334 0.645 0.03666666666666667 0.043333333333333335
0 0.4633333333333334 0.665 0.03333333333333333 0.030000000000000002
0 0.4133333333333334 0.6966666666666667 0.02666666666666667 0.02666666666666667
0 0.38333333333333336 0.7283333333333334 0.02 0.016666666666666666
0 0.35333333333333333 0.745 0.013333333333333334 0.023333333333333334
0 0.33666666666666667 0.765 0.02 0.016666666666666666
0 0.31833333333333336 0.7883333333333333 0.016666666666666666 0.016666666666666666
0 0.2866666666666667 0.8033333333333333 0.013333333333333334 0.013333333333333334
0 0.2816666666666667 0.8250000000000001 0.023333333333333334 0.016666666666666666
