0 0.6916666666666668 0.35500000000000004 0.030000000000000002 0.03666666666666667
0 0.6483333333333334 0.43333333333333335 0.01 0.03333333333333333
0 0.5866666666666667 0.48000000000000004 0.0 0.02
0 0.47000000000000003 0.5233333333333333 0.0 0.013333333333333334
0 0.4133333333333334 0.5633333333333334 0.0 0.02
0 0.3866666666666667 0.61 0.006666666666666667 0.04
0 0.35500000000000004 0.6466666666666667 0.0033333333333333335 0.02
0 0.2966666666666667 0.6766666666666667 0.006666666666666667 0.02
0 0.24833333333333335 0.7066666666666667 0.016666666666666666 0.02666666666666667
0 0.20500000000000002 0.7300000000000001 0.01 0.02
0 0.1366666666666667 0.7433333333333334 0.013333333333333334 0.02
