0 0.8783333333333334 0.19333333333333336 0.030000000000000002 0.05333333333333334
0 0.8450000000000001 0.23333333333333334 0.01 0.02
0 0.8250000000000001 0.265 0.01 0.03666666666666667
0 0.7866666666666667 0.30333333333333334 0.006666666666666667 0.02666666666666667
0 0.7150000000000001 0.3516666666666667 0.01 0.023333333333333334
0 0.6783333333333333 0.395 0.016666666666666666 0.030000000000000002
0 0.645 0.44333333333333336 0.023333333333333334 0.03333333333333333
0 0.6033333333333334 0.4783333333333334 0.013333333333333334 0.030000000000000002
0 0.5383333333333333 0.5333333333333333 0.016666666666666666 0.02666666666666667
0 0.49500000000000005 0.5950000000000001 0.023333333333333334 0.05
0 0.47000000000000003 0.6233333333333334 0.013333333333333334 0.02
0 0.4416666666666667 0.645 0.016666666666666666 0.016666666666666666
0 0.4066666666666667 0.6666666666666667 0.013333333333333334 0.02
0 0.325 0.6916666666666668 0.016666666666666666 0.023333333333333334
0 0.2966666666666667 0.755 0.02666666666666667 0.030000000000000002
0 0.265 0.7866666666666667 0.023333333333333334 0.02666666666666667
0 0.22666666666666668 0.8016666666666667 0.03333333333333333 0.030000000000000002
0 0.17333333333333334 0.8333333333333334 0.03333333333333333 0.03333333333333333
0 0.135 0.8616666666666667 0.030000000000000002 0.03666666666666667
0 0.085 0.8833333333333334 0.023333333333333334 0.013333333333333334
0 0.03666666666666667 0.9383333333333334 0.03333333333333333 0.023333333333333334
