0 0.18500000000000003 0.45833333333333337 0.06333333333333334 0.06333333333333334
0 0.28500000000000003 0.5333333333333333 0.08333333333333334 0.07333333333333333
0 0.39333333333333337 0.6000000000000001 0.10666666666666667 0.04
0 0.49333333333333335 0.5833333333333334 0.06666666666666667 0.04
0 0.5950000000000001 0.665 0.030000000000000002 0.01
0 0.61 0.5950000000000001 0.02 0.030000000000000002
0 0.5816666666666667 0.6316666666666667 0.05 0.023333333333333334
0 0.6683333333333333 0.5166666666666667 0.03666666666666667 0.02
0 0.7083333333333334 0.455 0.05 0.016666666666666666
0 0.805 0.40166666666666667 0.05 0.043333333333333335
0 0.7433333333333334 0.41000000000000003 0.013333333333333334 0.013333333333333334
0 0.63 0.4216666666666667 0.04 0.03666666666666667
0 0.5983333333333334 0.515 0.05666666666666667 0.05
0 0.48000000000000004 0.47000000000000003 0.2066666666666667 0.07333333333333333
0 0.32333333333333336 0.42333333333333334 0.07333333333333333 0.04
0 0.3566666666666667 0.37000000000000005 0.04666666666666667 0.04666666666666667
0 0.2916666666666667 0.3383333333333334 0.030000000000000002 0.030000000000000002
0 0.2316666666666667 0.2966666666666667 0.030000000000000002 0.02
0 0.16666666666666669 0.25833333333333336 0.05333333333333334 0.043333333333333335
0 0.09666666666666668 0.19333333333333336 0.02666666666666667 0.02
0 0.05333333333333334 0.1716666666666667 0.02666666666666667 0.030000000000000002
0 0.29333333333333333 0.6416666666666667 0.05333333333333334 0.030000000000000002
0 0.8983333333333334 0.45833333333333337 0.03666666666666667 0.06333333333333334
0 0.8633333333333334 0.3433333333333334 0.04666666666666667 0.08
