0 0.5183333333333333 0.48833333333333334 0.03666666666666667 0.12333333333333334
0 0.7333333333333334 0.4416666666666667 0.04666666666666667 0.11666666666666667
0 0.7250000000000001 0.62 0.03666666666666667 0.05333333333333334
0 0.7816666666666667 0.6083333333333334 0.06333333333333334 0.05
0 0.8383333333333334 0.5933333333333334 0.043333333333333335 0.04
0 0.89 0.5733333333333334 0.02666666666666667 0.02666666666666667
0 0.9866666666666667 0.44833333333333336 0.02 0.11666666666666667
0 0.645 0.6583333333333333 0.07 0.043333333333333335
0 0.5866666666666667 0.7083333333333334 0.03333333333333333 0.03666666666666667
0 0.5183333333333333 0.7516666666666667 0.07 0.03666666666666667
0 0.4566666666666667 0.7883333333333333 0.04 0.03666666666666667
0 0.39 0.8483333333333334 0.08666666666666667 0.043333333333333335
0 0.27666666666666667 0.89 0.02666666666666667 0.04
0 0.2316666666666667 0.8516666666666667 0.023333333333333334 0.10333333333333335
0 0.19166666666666668 0.8550000000000001 0.03666666666666667 0.10333333333333335
0 0.14500000000000002 0.905 0.05666666666666667 0.043333333333333335
0 0.10333333333333335 0.9066666666666667 0.03333333333333333 0.07333333333333333
0 0.05 0.9633333333333334 0.08 0.05333333333333334
