0 0.023333333333333334 0.095 0.02 0.016666666666666666
0 0.055 0.13 0.030000000000000002 0.03333333333333333
0 0.09166666666666667 0.16666666666666669 0.023333333333333334 0.02666666666666667
0 0.12666666666666668 0.2066666666666667 0.02666666666666667 0.02666666666666667
0 0.15333333333333335 0.24166666666666667 0.02 0.023333333333333334
0 0.20833333333333334 0.2966666666666667 0.023333333333333334 0.04666666666666667
0 0.23833333333333334 0.33166666666666667 0.023333333333333334 0.03666666666666667
0 0.26833333333333337 0.36833333333333335 0.023333333333333334 0.030000000000000002
0 0.30000000000000004 0.405 0.02666666666666667 0.03666666666666667
0 0.335 0.4466666666666667 0.03666666666666667 0.04
0 0.3716666666666667 0.4733333333333334 0.01 0.02
0 0.3983333333333334 0.5 0.03666666666666667 0.02666666666666667
0 0.42833333333333334 0.5383333333333333 0.03666666666666667 0.03666666666666667
0 0.48333333333333334 0.5800000000000001 0.05333333333333334 0.04
0 0.525 0.6233333333333334 0.030000000000000002 0.02666666666666667
0 0.5566666666666668 0.6516666666666667 0.02 0.023333333333333334
0 0.5883333333333334 0.6783333333333333 0.030000000000000002 0.023333333333333334
0 0.62 0.7066666666666667 0.02 0.02666666666666667
0 0.6566666666666667 0.7400000000000001 0.03333333333333333 0.03333333333333333
0 0.7200000000000001 0.7866666666666667 0.05333333333333334 0.06666666666666667
0 0.77 0.8350000000000001 0.02 0.03666666666666667
0 0.8033333333333333 0.8750000000000001 0.02666666666666667 0.023333333333333334
0 0.8383333333333334 0.8983333333333334 0.016666666666666666 0.023333333333333334
0 0.88 0.9233333333333333 0.02 0.02
0 0.9266666666666667 0.9500000000000001 0.03333333333333333 0.05333333333333334
0 0.135 0.64 0.03666666666666667 0.02666666666666667
0 0.20833333333333334 0.655 0.043333333333333335 0.030000000000000002
0 0.29000000000000004 0.6816666666666668 0.02666666666666667 0.030000000000000002
0 0.3766666666666667 0.7066666666666667 0.05333333333333334 0.02666666666666667
0 0.43500000000000005 0.7366666666666667 0.03666666666666667 0.04
0 0.5 0.7666666666666667 0.02 0.02666666666666667
0 0.5333333333333333 0.7866666666666667 0.02666666666666667 0.02
0 0.5816666666666667 0.8166666666666668 0.030000000000000002 0.04
0 0.7566666666666667 0.8933333333333334 0.04 0.02666666666666667
0 0.685 0.8416666666666667 0.03666666666666667 0.030000000000000002
0 0.625 0.805 0.016666666666666666 0.023333333333333334
