0 0.02666666666666667 0.625 0.03333333333333333 0.03666666666666667
0 0.085 0.6166666666666667 0.043333333333333335 0.04
0 0.17666666666666667 0.5916666666666667 0.060000000000000005 0.05666666666666667
0 0.2816666666666667 0.5466666666666667 0.07 0.07333333333333333
0 0.34 0.48833333333333334 0.02 0.05
0 0.3816666666666667 0.615 0.03666666666666667 0.043333333333333335
0 0.40166666666666667 0.55 0.09000000000000001 0.060000000000000005
0 0.49333333333333335 0.555 0.07333333333333333 0.09666666666666668
0 0.5850000000000001 0.5866666666666667 0.08333333333333334 0.15333333333333335
0 0.6950000000000001 0.6366666666666667 0.11 0.12666666666666668
0 0.7866666666666667 0.6483333333333334 0.07333333333333333 0.07
0 0.8650000000000001 0.6883333333333334 0.07 0.06333333333333334
0 0.93 0.7200000000000001 0.04666666666666667 0.04666666666666667
0 0.7533333333333334 0.7333333333333334 0.09333333333333334 0.060000000000000005
0 0.8600000000000001 0.765 0.09333333333333334 0.05666666666666667
0 0.9566666666666668 0.7883333333333333 0.04 0.03666666666666667
0 0.9216666666666667 0.8450000000000001 0.023333333333333334 0.030000000000000002
0 0.8833333333333334 0.91 0.04 0.04666666666666667
0 0.8733333333333334 0.9650000000000001 0.03333333333333333 0.030000000000000002
