0 0.5900000000000001 0.39333333333333337 0.03333333333333333 0.02666666666666667
0 0.5966666666666667 0.4733333333333334 0.03333333333333333 0.04
0 0.5933333333333334 0.53 0.04666666666666667 0.03333333333333333
0 0.6733333333333333 0.44 0.04 0.04
0 0.7400000000000001 0.43500000000000005 0.05333333333333334 0.06333333333333334
0 0.8250000000000001 0.48333333333333334 0.030000000000000002 0.05333333333333334
0 0.8600000000000001 0.5416666666666667 0.02666666666666667 0.023333333333333334
0 0.88 0.5866666666666667 0.02 0.03333333333333333
0 0.9016666666666667 0.6333333333333334 0.016666666666666666 0.03333333333333333
0 0.9133333333333334 0.6716666666666667 0.006666666666666667 0.03666666666666667
0 0.9266666666666667 0.7133333333333334 0.02 0.04
0 0.9450000000000001 0.7833333333333334 0.016666666666666666 0.03333333333333333
0 0.9850000000000001 0.8600000000000001 0.023333333333333334 0.03333333333333333
0 0.47500000000000003 0.3916666666666667 0.023333333333333334 0.03666666666666667
0 0.3516666666666667 0.6133333333333334 0.023333333333333334 0.04
0 0.19 0.7283333333333334 0.06666666666666667 0.09666666666666668
0 0.12833333333333335 0.795 0.07 0.08333333333333334
