0 0.19833333333333333 0.8300000000000001 0.023333333333333334 0.02666666666666667
0 0.22333333333333336 0.795 0.02 0.030000000000000002
0 0.24666666666666667 0.76 0.02666666666666667 0.02666666666666667
0 0.27166666666666667 0.7350000000000001 0.023333333333333334 0.023333333333333334
0 0.29333333333333333 0.7100000000000001 0.02 0.02666666666666667
0 0.31833333333333336 0.6866666666666668 0.023333333333333334 0.02
0 0.3383333333333334 0.665 0.016666666666666666 0.023333333333333334
0 0.3616666666666667 0.6416666666666667 0.016666666666666666 0.023333333333333334
0 0.38 0.6183333333333334 0.02 0.023333333333333334
0 0.40166666666666667 0.6016666666666667 0.023333333333333334 0.016666666666666666
0 0.42833333333333334 0.5750000000000001 0.023333333333333334 0.023333333333333334
0 0.45833333333333337 0.5533333333333333 0.030000000000000002 0.02666666666666667
0 0.48500000000000004 0.5233333333333333 0.023333333333333334 0.03333333333333333
0 0.5116666666666667 0.4916666666666667 0.023333333333333334 0.03666666666666667
0 0.5416666666666667 0.4566666666666667 0.030000000000000002 0.04
0 0.5733333333333334 0.42333333333333334 0.03333333333333333 0.03333333333333333
0 0.6133333333333334 0.38833333333333336 0.04 0.05
0 0.6466666666666667 0.35833333333333334 0.02666666666666667 0.05
0 0.6833333333333333 0.2816666666666667 0.04 0.11
0 0.755 0.20500000000000002 0.09666666666666668 0.09666666666666668
0 0.4733333333333334 0.40166666666666667 0.02666666666666667 0.030000000000000002
0 0.4466666666666667 0.4366666666666667 0.03333333333333333 0.02666666666666667
0 0.41500000000000004 0.4733333333333334 0.030000000000000002 0.03333333333333333
