0 0.26333333333333336 0.6033333333333334 0.060000000000000005 0.060000000000000005
0 0.30333333333333334 0.55 0.05333333333333334 0.04666666666666667
0 0.34833333333333333 0.7200000000000001 0.07 0.17333333333333334
0 0.44 0.7150000000000001 0.060000000000000005 0.15666666666666668
0 0.51 0.7166666666666667 0.05333333333333334 0.14666666666666667
0 0.5650000000000001 0.7400000000000001 0.05666666666666667 0.14
0 0.655 0.7966666666666667 0.11 0.060000000000000005
0 0.7400000000000001 0.7383333333333334 0.08666666666666667 0.10333333333333335
0 0.8333333333333334 0.7333333333333334 0.07333333333333333 0.09333333333333334
0 0.9333333333333333 0.7533333333333334 0.1 0.060000000000000005
0 0.8416666666666667 0.6383333333333334 0.03666666666666667 0.07
0 0.395 0.27666666666666667 0.07 0.060000000000000005
