0 0.27166666666666667 0.65 0.03666666666666667 0.04666666666666667
0 0.31333333333333335 0.5983333333333334 0.04 0.043333333333333335
0 0.375 0.7016666666666667 0.07666666666666667 0.17
0 0.455 0.6716666666666667 0.05666666666666667 0.09000000000000001
0 0.5183333333333333 0.6333333333333334 0.07 0.13333333333333333
0 0.6000000000000001 0.6383333333333334 0.060000000000000005 0.13
0 0.67 0.655 0.08666666666666667 0.043333333333333335
0 0.8550000000000001 0.5750000000000001 0.2566666666666667 0.07666666666666667
0 0.43333333333333335 0.2366666666666667 0.03333333333333333 0.04
0 0.3983333333333334 0.27 0.030000000000000002 0.04
