0 0.5783333333333334 0.3566666666666667 0.016666666666666666 0.02666666666666667
0 0.5583333333333333 0.37833333333333335 0.016666666666666666 0.016666666666666666
0 0.5416666666666667 0.3916666666666667 0.016666666666666666 0.016666666666666666
0 0.515 0.41500000000000004 0.01 0.01
0 0.5016666666666667 0.43000000000000005 0.01 0.013333333333333334
0 0.4866666666666667 0.44333333333333336 0.006666666666666667 0.013333333333333334
0 0.47500000000000003 0.45833333333333337 0.01 0.01
0 0.46166666666666667 0.4766666666666667 0.023333333333333334 0.02
0 0.43833333333333335 0.48500000000000004 0.01 0.01
0 0.41500000000000004 0.5016666666666667 0.016666666666666666 0.01
0 0.3983333333333334 0.505 0.016666666666666666 0.023333333333333334
0 0.5033333333333334 0.5566666666666668 0.013333333333333334 0.013333333333333334
0 0.5233333333333333 0.5216666666666667 0.02 0.01
0 0.5633333333333334 0.48500000000000004 0.02 0.016666666666666666
0 0.5816666666666667 0.47000000000000003 0.016666666666666666 0.006666666666666667
0 0.5933333333333334 0.45833333333333337 0.013333333333333334 0.01
0 0.6366666666666667 0.42000000000000004 0.013333333333333334 0.006666666666666667
0 0.6483333333333334 0.4 0.01 0.006666666666666667
0 0.6683333333333333 0.38 0.01 0.013333333333333334
0 0.6833333333333333 0.36500000000000005 0.013333333333333334 0.01
0 0.7016666666666667 0.3433333333333334 0.016666666666666666 0.006666666666666667
0 0.7166666666666667 0.3216666666666667 0.013333333333333334 0.01
0 0.7333333333333334 0.3016666666666667 0.013333333333333334 0.016666666666666666
0 0.755 0.2733333333333334 0.016666666666666666 0.013333333333333334
0 0.775 0.25333333333333335 0.016666666666666666 0.006666666666666667
0 0.7933333333333333 0.23 0.013333333333333334 0.013333333333333334
0 0.8150000000000001 0.20333333333333334 0.01 0.013333333333333334
0 0.8316666666666667 0.18500000000000003 0.016666666666666666 0.016666666666666666
0 0.8450000000000001 0.11833333333333335 0.030000000000000002 0.023333333333333334
0 0.8183333333333334 0.135 0.01 0.01
0 0.8016666666666667 0.14666666666666667 0.01 0.006666666666666667
0 0.7816666666666667 0.16333333333333333 0.01 0.013333333333333334
0 0.6633333333333333 0.26833333333333337 0.013333333333333334 0.016666666666666666
0 0.6833333333333333 0.24333333333333335 0.02 0.013333333333333334
0 0.7050000000000001 0.2316666666666667 0.023333333333333334 0.01
0 0.7266666666666667 0.22 0.02 0.006666666666666667
0 0.7350000000000001 0.2 0.016666666666666666 0.013333333333333334
