0 0.12833333333333335 0.29500000000000004 0.023333333333333334 0.030000000000000002
0 0.16666666666666669 0.3433333333333334 0.04 0.04
0 0.2066666666666667 0.39 0.03333333333333333 0.03333333333333333
0 0.24333333333333335 0.42500000000000004 0.02666666666666667 0.023333333333333334
0 0.2733333333333334 0.4566666666666667 0.02 0.02666666666666667
0 0.31333333333333335 0.49000000000000005 0.04 0.04666666666666667
0 0.37833333333333335 0.4866666666666667 0.016666666666666666 0.02666666666666667
0 0.36333333333333334 0.525 0.02666666666666667 0.023333333333333334
0 0.3983333333333334 0.5466666666666667 0.023333333333333334 0.02
0 0.4566666666666667 0.5433333333333333 0.03333333333333333 0.05333333333333334
0 0.505 0.5716666666666667 0.043333333333333335 0.08333333333333334
0 0.5983333333333334 0.6050000000000001 0.11 0.09666666666666668
0 0.6866666666666668 0.6266666666666667 0.06666666666666667 0.05333333333333334
0 0.6366666666666667 0.5316666666666667 0.04 0.023333333333333334
0 0.6833333333333333 0.5483333333333333 0.03333333333333333 0.01
0 0.7083333333333334 0.5750000000000001 0.016666666666666666 0.03666666666666667
0 0.745 0.6433333333333334 0.030000000000000002 0.08
