0 0.63 0.33333333333333337 0.02666666666666667 0.02
0 0.65 0.30000000000000004 0.02 0.02
0 0.6766666666666667 0.275 0.02666666666666667 0.023333333333333334
0 0.7150000000000001 0.25 0.03666666666666667 0.04
0 0.7466666666666667 0.21166666666666667 0.03333333333333333 0.03666666666666667
0 0.7666666666666667 0.17333333333333334 0.03333333333333333 0.04
0 0.7966666666666667 0.13833333333333334 0.02666666666666667 0.030000000000000002
0 0.8200000000000001 0.10833333333333334 0.02 0.03666666666666667
0 0.8600000000000001 0.08 0.04 0.04666666666666667
0 0.9066666666666667 0.04833333333333334 0.03333333333333333 0.030000000000000002
0 0.6066666666666667 0.385 0.02 0.030000000000000002
0 0.5850000000000001 0.4033333333333334 0.01 0.02
0 0.5850000000000001 0.42500000000000004 0.01 0.01
0 0.41833333333333333 0.5416666666666667 0.023333333333333334 0.016666666666666666
0 0.4316666666666667 0.51 0.016666666666666666 0.013333333333333334
0 0.4466666666666667 0.48500000000000004 0.02 0.016666666666666666
0 0.46 0.45833333333333337 0.02 0.01
0 0.4783333333333334 0.43333333333333335 0.01 0.013333333333333334
0 0.49333333333333335 0.4116666666666667 0.013333333333333334 0.01
0 0.15166666666666667 0.7583333333333334 0.030000000000000002 0.023333333333333334
0 0.10666666666666667 0.77 0.013333333333333334 0.013333333333333334
0 0.06833333333333334 0.7883333333333333 0.023333333333333334 0.016666666666666666
0 0.35833333333333334 0.6166666666666667 0.030000000000000002 0.02
