0 0.19 0.17 0.02666666666666667 0.013333333333333334
0 0.22333333333333336 0.19833333333333333 0.02 0.016666666666666666
0 0.26666666666666666 0.24000000000000002 0.02 0.006666666666666667
0 0.29000000000000004 0.25833333333333336 0.013333333333333334 0.01
0 0.31333333333333335 0.27666666666666667 0.006666666666666667 0.006666666666666667
0 0.375 0.31 0.016666666666666666 0.013333333333333334
0 0.4033333333333334 0.3416666666666667 0.013333333333333334 0.016666666666666666
0 0.4216666666666667 0.37833333333333335 0.01 0.016666666666666666
0 0.45 0.41833333333333333 0.02666666666666667 0.023333333333333334
0 0.49333333333333335 0.46166666666666667 0.02 0.023333333333333334
0 0.54 0.4766666666666667 0.02666666666666667 0.03333333333333333
0 0.5966666666666667 0.5433333333333333 0.04 0.04666666666666667
0 0.6983333333333334 0.65 0.023333333333333334 0.02
0 0.7566666666666667 0.7250000000000001 0.03333333333333333 0.03666666666666667
