0 0.7283333333333334 0.17333333333333334 0.023333333333333334 0.03333333333333333
0 0.7200000000000001 0.21000000000000002 0.006666666666666667 0.013333333333333334
0 0.6933333333333334 0.25 0.006666666666666667 0.02666666666666667
0 0.66 0.29000000000000004 0.006666666666666667 0.02
0 0.63 0.32 0.006666666666666667 0.02
0 0.6066666666666667 0.34833333333333333 0.006666666666666667 0.01
0 0.5633333333333334 0.37333333333333335 0.006666666666666667 0.013333333333333334
0 0.5416666666666667 0.4066666666666667 0.01 0.02
0 0.49500000000000005 0.42500000000000004 0.01 0.016666666666666666
0 0.48333333333333334 0.45 0.02666666666666667 0.02666666666666667
0 0.45 0.48500000000000004 0.03333333333333333 0.030000000000000002
0 0.25333333333333335 0.6016666666666667 0.02 0.030000000000000002
0 0.27666666666666667 0.5716666666666667 0.02 0.01
0 0.29833333333333334 0.5466666666666667 0.023333333333333334 0.02
0 0.2066666666666667 0.655 0.02666666666666667 0.030000000000000002
0 0.18666666666666668 0.6866666666666668 0.02 0.02
0 0.1716666666666667 0.7183333333333334 0.023333333333333334 0.023333333333333334
0 0.15833333333333335 0.745 0.023333333333333334 0.023333333333333334
0 0.13333333333333333 0.7766666666666667 0.03333333333333333 0.02666666666666667
0 0.016666666666666666 0.9016666666666667 0.02666666666666667 0.023333333333333334
0 0.04833333333333334 0.8733333333333334 0.030000000000000002 0.03333333333333333
0 0.24000000000000002 0.8250000000000001 0.02 0.030000000000000002
0 0.27166666666666667 0.7766666666666667 0.016666666666666666 0.013333333333333334
0 0.30833333333333335 0.7250000000000001 0.016666666666666666 0.016666666666666666
0 0.43000000000000005 0.5316666666666667 0.02 0.023333333333333334
0 0.3983333333333334 0.5800000000000001 0.023333333333333334 0.02666666666666667
0 0.37833333333333335 0.61 0.01 0.013333333333333334
0 0.36333333333333334 0.6316666666666667 0.013333333333333334 0.016666666666666666
