0 0.4733333333333334 0.08166666666666667 0.09333333333333334 0.07
0 0.545 0.035 0.030000000000000002 0.05
0 0.38833333333333336 0.12666666666666668 0.06333333333333334 0.07333333333333333
0 0.29333333333333333 0.15166666666666667 0.04666666666666667 0.05666666666666667
0 0.335 0.12000000000000001 0.030000000000000002 0.03333333333333333
0 0.24666666666666667 0.18666666666666668 0.03333333333333333 0.04
0 0.20833333333333334 0.22166666666666668 0.06333333333333334 0.043333333333333335
0 0.16333333333333333 0.26 0.060000000000000005 0.04666666666666667
0 0.11333333333333334 0.30000000000000004 0.04 0.04
0 0.06333333333333334 0.3516666666666667 0.03333333333333333 0.043333333333333335
