0 0.4266666666666667 0.6966666666666667 0.05333333333333334 0.04
0 0.4866666666666667 0.6900000000000001 0.060000000000000005 0.03333333333333333
0 0.545 0.6733333333333333 0.023333333333333334 0.013333333333333334
0 0.32333333333333336 0.8250000000000001 0.04 0.023333333333333334
0 0.36333333333333334 0.8033333333333333 0.02 0.006666666666666667
0 0.4 0.7866666666666667 0.03333333333333333 0.013333333333333334
0 0.465 0.7766666666666667 0.043333333333333335 0.013333333333333334
0 0.5083333333333334 0.76 0.03666666666666667 0.013333333333333334
0 0.6333333333333334 0.6333333333333334 0.02 0.006666666666666667
0 0.67 0.615 0.02 0.01
0 0.6933333333333334 0.5816666666666667 0.02 0.01
0 0.7100000000000001 0.555 0.02666666666666667 0.01
0 0.7283333333333334 0.5366666666666667 0.01 0.006666666666666667
0 0.775 0.4733333333333334 0.016666666666666666 0.006666666666666667
0 0.8033333333333333 0.43500000000000005 0.02 0.01
0 0.8200000000000001 0.41000000000000003 0.013333333333333334 0.006666666666666667
0 0.8383333333333334 0.37833333333333335 0.016666666666666666 0.0033333333333333335
0 0.8416666666666667 0.3466666666666667 0.016666666666666666 0.013333333333333334
0 0.07666666666666667 0.7466666666666667 0.060000000000000005 0.02
0 0.1366666666666667 0.745 0.02666666666666667 0.016666666666666666
0 0.255 0.8416666666666667 0.05666666666666667 0.023333333333333334
