0 0.7266666666666667 0.5966666666666667 0.02666666666666667 0.03333333333333333
0 0.61 0.7333333333333334 0.03333333333333333 0.02666666666666667
0 0.5683333333333334 0.7400000000000001 0.016666666666666666 0.013333333333333334
0 0.555 0.7566666666666667 0.01 0.013333333333333334
0 0.5233333333333333 0.7716666666666667 0.02 0.016666666666666666
0 0.4966666666666667 0.7916666666666667 0.013333333333333334 0.016666666666666666
0 0.4716666666666667 0.8016666666666667 0.023333333333333334 0.023333333333333334
0 0.4416666666666667 0.8150000000000001 0.030000000000000002 0.043333333333333335
0 0.4133333333333334 0.8383333333333334 0.013333333333333334 0.023333333333333334
0 0.3983333333333334 0.8583333333333334 0.01 0.016666666666666666
0 0.375 0.8716666666666667 0.01 0.016666666666666666
0 0.35833333333333334 0.89 0.016666666666666666 0.02
0 0.33 0.8966666666666667 0.013333333333333334 0.013333333333333334
0 0.2966666666666667 0.9166666666666667 0.02666666666666667 0.02
0 0.35500000000000004 0.8416666666666667 0.01 0.01
0 0.375 0.8266666666666668 0.016666666666666666 0.013333333333333334
0 0.38833333333333336 0.8066666666666668 0.01 0.006666666666666667
0 0.4 0.7783333333333334 0.013333333333333334 0.016666666666666666
0 0.35500000000000004 0.6533333333333333 0.030000000000000002 0.02
0 0.2916666666666667 0.7116666666666667 0.016666666666666666 0.01
0 0.2783333333333334 0.7250000000000001 0.01 0.01
