0 0.6333333333333334 0.33 0.02666666666666667 0.02
0 0.7050000000000001 0.265 0.023333333333333334 0.016666666666666666
0 0.7466666666666667 0.22 0.02666666666666667 0.013333333333333334
0 0.5383333333333333 0.22833333333333336 0.043333333333333335 0.023333333333333334
0 0.26333333333333336 0.3916666666666667 0.02 0.023333333333333334
0 0.33666666666666667 0.68 0.013333333333333334 0.013333333333333334
0 0.4 0.2566666666666667 0.05333333333333334 0.02
0 0.4366666666666667 0.22833333333333336 0.02666666666666667 0.016666666666666666
0 0.47000000000000003 0.20333333333333334 0.02666666666666667 0.02
0 0.5083333333333334 0.19333333333333336 0.023333333333333334 0.02
0 0.5483333333333333 0.18500000000000003 0.030000000000000002 0.023333333333333334
0 0.5683333333333334 0.16 0.016666666666666666 0.02
0 0.5850000000000001 0.14500000000000002 0.01 0.016666666666666666
0 0.6050000000000001 0.125 0.016666666666666666 0.023333333333333334
0 0.63 0.11166666666666668 0.02 0.016666666666666666
0 0.65 0.08833333333333333 0.02666666666666667 0.030000000000000002
0 0.675 0.08 0.016666666666666666 0.02
0 0.6950000000000001 0.06833333333333334 0.023333333333333334 0.023333333333333334
0 0.7166666666666667 0.058333333333333334 0.013333333333333334 0.01
