0 0.92 0.3216666666666667 0.03333333333333333 0.030000000000000002
0 0.81 0.4416666666666667 0.02 0.023333333333333334
0 0.7533333333333334 0.5266666666666667 0.02666666666666667 0.02666666666666667
0 0.7216666666666667 0.5616666666666666 0.023333333333333334 0.023333333333333334
0 0.9716666666666667 0.625 0.023333333333333334 0.043333333333333335
0 0.9483333333333334 0.6516666666666667 0.016666666666666666 0.016666666666666666
0 0.9283333333333333 0.67 0.01 0.013333333333333334
0 0.9183333333333334 0.6933333333333334 0.01 0.013333333333333334
0 0.9016666666666667 0.7116666666666667 0.01 0.01
0 0.8833333333333334 0.7350000000000001 0.013333333333333334 0.016666666666666666
0 0.8633333333333334 0.8133333333333334 0.02 0.02666666666666667
0 0.895 0.795 0.023333333333333334 0.016666666666666666
0 0.915 0.7766666666666667 0.023333333333333334 0.02
0 0.9433333333333334 0.7516666666666667 0.02 0.016666666666666666
0 0.9666666666666667 0.7300000000000001 0.02 0.013333333333333334
0 0.9866666666666667 0.7000000000000001 0.02 0.02666666666666667
0 0.9533333333333334 0.27666666666666667 0.013333333333333334 0.013333333333333334
0 0.8266666666666668 0.8283333333333334 0.02666666666666667 0.030000000000000002
0 0.8016666666666667 0.8600000000000001 0.023333333333333334 0.02
