0 0.26833333333333337 0.4116666666666667 0.01 0.01
0 0.24500000000000002 0.44 0.016666666666666666 0.013333333333333334
0 0.225 0.4683333333333334 0.01 0.01
0 0.165 0.5483333333333333 0.023333333333333334 0.016666666666666666
0 0.135 0.5850000000000001 0.016666666666666666 0.016666666666666666
0 0.07500000000000001 0.66 0.016666666666666666 0.02
0 0.05333333333333334 0.6883333333333334 0.03333333333333333 0.016666666666666666
0 0.07333333333333333 0.21166666666666667 0.013333333333333334 0.016666666666666666
0 0.05166666666666667 0.23 0.01 0.013333333333333334
0 0.035 0.24833333333333335 0.016666666666666666 0.016666666666666666
0 0.021666666666666667 0.275 0.023333333333333334 0.023333333333333334
0 0.015000000000000001 0.375 0.023333333333333334 0.01
0 0.030000000000000002 0.3516666666666667 0.013333333333333334 0.01
0 0.04833333333333334 0.33166666666666667 0.016666666666666666 0.016666666666666666
