0 0.4966666666666667 0.08833333333333333 0.02 0.17666666666666667
0 0.4866666666666667 0.26333333333333336 0.02 0.16
0 0.47500000000000003 0.4766666666666667 0.023333333333333334 0.22666666666666668
0 0.4716666666666667 0.805 0.043333333333333335 0.38333333333333336
0 0.6733333333333333 0.16666666666666669 0.02666666666666667 0.32
0 0.67 0.37000000000000005 0.04 0.060000000000000005
0 0.6533333333333333 0.43500000000000005 0.013333333333333334 0.05666666666666667
0 0.655 0.5516666666666667 0.023333333333333334 0.16333333333333333
0 0.6266666666666667 0.7433333333333334 0.02 0.18666666666666668
0 0.61 0.9183333333333334 0.02666666666666667 0.15666666666666668
0 0.6766666666666667 0.745 0.013333333333333334 0.15000000000000002
0 0.66 0.9133333333333334 0.013333333333333334 0.14666666666666667
0 0.6966666666666667 0.6233333333333334 0.013333333333333334 0.14666666666666667
0 0.7133333333333334 0.49333333333333335 0.013333333333333334 0.08666666666666667
0 0.7266666666666667 0.39666666666666667 0.013333333333333334 0.08666666666666667
0 0.7366666666666667 0.30333333333333334 0.013333333333333334 0.08
0 0.75 0.21000000000000002 0.02 0.07333333333333333
0 0.755 0.08 0.016666666666666666 0.14
