0 0.52 0.19666666666666668 0.06666666666666667 0.3866666666666667
0 0.5116666666666667 0.535 0.030000000000000002 0.27
0 0.5083333333333334 0.7516666666666667 0.016666666666666666 0.13
0 0.49333333333333335 0.9083333333333334 0.02666666666666667 0.16333333333333333
0 0.32666666666666666 0.07666666666666667 0.006666666666666667 0.15333333333333335
0 0.3816666666666667 0.07 0.01 0.14
0 0.35000000000000003 0.2733333333333334 0.02 0.24666666666666667
0 0.33166666666666667 0.4716666666666667 0.023333333333333334 0.12333333333333334
0 0.33333333333333337 0.5633333333333334 0.013333333333333334 0.04
0 0.32666666666666666 0.6166666666666667 0.04666666666666667 0.05333333333333334
0 0.33333333333333337 0.7066666666666667 0.03333333333333333 0.12000000000000001
0 0.3166666666666667 0.8633333333333334 0.02666666666666667 0.2066666666666667
0 0.2316666666666667 0.9066666666666667 0.016666666666666666 0.16666666666666669
0 0.24166666666666667 0.78 0.01 0.060000000000000005
0 0.2566666666666667 0.6666666666666667 0.02 0.12666666666666668
0 0.27166666666666667 0.5166666666666667 0.016666666666666666 0.13333333333333333
0 0.28833333333333333 0.38333333333333336 0.023333333333333334 0.1
0 0.3066666666666667 0.2833333333333333 0.02666666666666667 0.08
0 0.315 0.19 0.016666666666666666 0.06666666666666667
