0 0.18833333333333335 0.10333333333333335 0.07666666666666667 0.06666666666666667
0 0.22666666666666668 0.195 0.06666666666666667 0.07
0 0.26333333333333336 0.2733333333333334 0.05333333333333334 0.06666666666666667
0 0.30833333333333335 0.34500000000000003 0.043333333333333335 0.06333333333333334
0 0.35333333333333333 0.41500000000000004 0.04 0.07
0 0.395 0.4116666666666667 0.03666666666666667 0.03666666666666667
0 0.4 0.4716666666666667 0.03333333333333333 0.05
0 0.4316666666666667 0.5216666666666667 0.030000000000000002 0.030000000000000002
0 0.4666666666666667 0.5583333333333333 0.02666666666666667 0.043333333333333335
0 0.5016666666666667 0.6033333333333334 0.023333333333333334 0.04
0 0.5366666666666667 0.6616666666666667 0.03333333333333333 0.03666666666666667
