0 0.18500000000000003 0.10666666666666667 0.06333333333333334 0.060000000000000005
0 0.21666666666666667 0.195 0.06666666666666667 0.07
0 0.26333333333333336 0.26333333333333336 0.05333333333333334 0.04666666666666667
0 0.30000000000000004 0.32666666666666666 0.06666666666666667 0.05333333333333334
0 0.3433333333333334 0.38 0.02 0.03333333333333333
0 0.37000000000000005 0.42833333333333334 0.02 0.023333333333333334
0 0.4116666666666667 0.48000000000000004 0.03666666666666667 0.05333333333333334
0 0.4416666666666667 0.5283333333333333 0.023333333333333334 0.023333333333333334
0 0.4766666666666667 0.56 0.02 0.013333333333333334
0 0.4 0.4083333333333334 0.02666666666666667 0.023333333333333334
