0 0.525 0.5533333333333333 0.12333333333333334 0.12000000000000001
0 0.6366666666666667 0.5750000000000001 0.10666666666666667 0.07666666666666667
0 0.44333333333333336 0.5933333333333334 0.04666666666666667 0.11333333333333334
0 0.38333333333333336 0.6566666666666667 0.09333333333333334 0.060000000000000005
0 0.32 0.7250000000000001 0.07333333333333333 0.06333333333333334
0 0.275 0.7666666666666667 0.043333333333333335 0.07333333333333333
0 0.7266666666666667 0.6016666666666667 0.06666666666666667 0.06333333333333334
0 0.7916666666666667 0.645 0.05666666666666667 0.08333333333333334
0 0.8433333333333334 0.68 0.04 0.060000000000000005
0 0.7100000000000001 0.8533333333333334 0.04666666666666667 0.05333333333333334
0 0.75 0.7933333333333333 0.02666666666666667 0.08
0 0.8883333333333334 0.7266666666666667 0.043333333333333335 0.06666666666666667
0 0.23833333333333334 0.8250000000000001 0.043333333333333335 0.06333333333333334
0 0.2066666666666667 0.8750000000000001 0.04666666666666667 0.03666666666666667
0 0.17 0.9400000000000001 0.05333333333333334 0.07333333333333333
