0 0.5083333333333334 0.4 0.023333333333333334 0.02666666666666667
0 0.5366666666666667 0.445 0.013333333333333334 0.016666666666666666
0 0.5683333333333334 0.4866666666666667 0.030000000000000002 0.02666666666666667
0 0.6066666666666667 0.535 0.03333333333333333 0.03666666666666667
0 0.6483333333333334 0.6016666666666667 0.043333333333333335 0.06333333333333334
0 0.6833333333333333 0.6683333333333333 0.02666666666666667 0.03666666666666667
0 0.7266666666666667 0.7350000000000001 0.04 0.043333333333333335
0 0.75 0.8133333333333334 0.02666666666666667 0.08
0 0.81 0.9066666666666667 0.05333333333333334 0.06666666666666667
0 0.5866666666666667 0.5766666666666667 0.03333333333333333 0.02
