0 0.7200000000000001 0.6016666666666667 0.02666666666666667 0.03666666666666667
0 0.5916666666666667 0.7400000000000001 0.016666666666666666 0.02
0 0.5583333333333333 0.7466666666666667 0.016666666666666666 0.02
0 0.5333333333333333 0.7683333333333334 0.02 0.023333333333333334
0 0.5033333333333334 0.7883333333333333 0.02 0.016666666666666666
0 0.48000000000000004 0.8016666666666667 0.013333333333333334 0.023333333333333334
0 0.44 0.8083333333333333 0.02 0.016666666666666666
0 0.4166666666666667 0.8366666666666667 0.02666666666666667 0.02
0 0.38833333333333336 0.8650000000000001 0.023333333333333334 0.023333333333333334
0 0.35500000000000004 0.885 0.016666666666666666 0.016666666666666666
0 0.32 0.9033333333333334 0.013333333333333334 0.02
0 0.335 0.8666666666666667 0.023333333333333334 0.013333333333333334
0 0.3566666666666667 0.8500000000000001 0.013333333333333334 0.013333333333333334
0 0.3766666666666667 0.8316666666666667 0.02 0.016666666666666666
0 0.39 0.8083333333333333 0.013333333333333334 0.016666666666666666
0 0.4066666666666667 0.7866666666666667 0.02666666666666667 0.02
0 0.34 0.66 0.02666666666666667 0.02
0 0.2733333333333334 0.7216666666666667 0.013333333333333334 0.01
0 0.255 0.745 0.016666666666666666 0.016666666666666666
0 0.23 0.77 0.02666666666666667 0.013333333333333334
0 0.2066666666666667 0.785 0.02666666666666667 0.01
0 0.6566666666666667 0.31333333333333335 0.013333333333333334 0.013333333333333334
