0 0.9500000000000001 0.2866666666666667 0.03333333333333333 0.02666666666666667
0 0.92 0.315 0.02 0.023333333333333334
0 0.81 0.4416666666666667 0.02 0.023333333333333334
0 0.8366666666666667 0.42000000000000004 0.02 0.02666666666666667
0 0.7200000000000001 0.5783333333333334 0.013333333333333334 0.01
0 0.9766666666666667 0.6033333333333334 0.02 0.013333333333333334
0 0.9550000000000001 0.6333333333333334 0.016666666666666666 0.02
0 0.9233333333333333 0.6716666666666667 0.006666666666666667 0.030000000000000002
0 0.905 0.7200000000000001 0.023333333333333334 0.02666666666666667
0 0.9683333333333334 0.7050000000000001 0.030000000000000002 0.023333333333333334
0 0.935 0.745 0.023333333333333334 0.016666666666666666
0 0.8966666666666667 0.7766666666666667 0.03333333333333333 0.02
0 0.8683333333333334 0.81 0.030000000000000002 0.02
