0 0.24666666666666667 0.4366666666666667 0.02 0.02
0 0.22833333333333336 0.46166666666666667 0.016666666666666666 0.016666666666666666
0 0.1716666666666667 0.5516666666666667 0.016666666666666666 0.030000000000000002
0 0.1366666666666667 0.5883333333333334 0.02 0.016666666666666666
0 0.06666666666666667 0.6716666666666667 0.02666666666666667 0.023333333333333334
0 0.035 0.7033333333333334 0.023333333333333334 0.02
0 0.07666666666666667 0.20500000000000002 0.02 0.016666666666666666
0 0.05666666666666667 0.23500000000000001 0.013333333333333334 0.016666666666666666
0 0.030000000000000002 0.26 0.013333333333333334 0.013333333333333334
0 0.006666666666666667 0.28500000000000003 0.013333333333333334 0.016666666666666666
0 0.006666666666666667 0.37000000000000005 0.013333333333333334 0.02
0 0.03333333333333333 0.3416666666666667 0.013333333333333334 0.016666666666666666
0 0.05333333333333334 0.3116666666666667 0.02 0.01
0 0.07 0.29000000000000004 0.013333333333333334 0.006666666666666667
