0 0.49333333333333335 0.4366666666666667 0.02 0.013333333333333334
0 0.5433333333333333 0.4716666666666667 0.013333333333333334 0.01
0 0.5700000000000001 0.5133333333333334 0.02 0.02
0 0.6166666666666667 0.5766666666666667 0.07333333333333333 0.04666666666666667
0 0.7000000000000001 0.5983333333333334 0.02 0.016666666666666666
0 0.7400000000000001 0.6316666666666667 0.02666666666666667 0.023333333333333334
0 0.7566666666666667 0.6883333333333334 0.05333333333333334 0.030000000000000002
0 0.7616666666666667 0.7516666666666667 0.03666666666666667 0.030000000000000002
0 0.8300000000000001 0.7283333333333334 0.02666666666666667 0.030000000000000002
0 0.8366666666666667 0.78 0.02666666666666667 0.04666666666666667
0 0.8866666666666667 0.7883333333333333 0.02666666666666667 0.023333333333333334
0 0.9266666666666667 0.8450000000000001 0.02666666666666667 0.030000000000000002
0 0.29333333333333333 0.48500000000000004 0.07333333333333333 0.043333333333333335
