0 0.3616666666666667 0.42833333333333334 0.023333333333333334 0.016666666666666666
0 0.42833333333333334 0.48000000000000004 0.05 0.02
0 0.46 0.53 0.02666666666666667 0.02
0 0.27 0.375 0.02666666666666667 0.023333333333333334
0 0.19666666666666668 0.315 0.02666666666666667 0.016666666666666666
0 0.16666666666666669 0.25833333333333336 0.006666666666666667 0.01
0 0.23 0.265 0.03333333333333333 0.016666666666666666
0 0.2733333333333334 0.26166666666666666 0.02666666666666667 0.016666666666666666
0 0.12833333333333335 0.21500000000000002 0.05 0.016666666666666666
0 0.19166666666666668 0.21333333333333335 0.043333333333333335 0.02
0 0.05666666666666667 0.16666666666666669 0.06666666666666667 0.013333333333333334
0 0.655 0.505 0.1366666666666667 0.043333333333333335
0 0.7000000000000001 0.545 0.04666666666666667 0.016666666666666666
