0 0.12833333333333335 0.3766666666666667 0.07 0.15333333333333335
0 0.225 0.4366666666666667 0.11666666666666667 0.1
0 0.34833333333333333 0.52 0.11666666666666667 0.07333333333333333
0 0.4733333333333334 0.5766666666666667 0.09333333333333334 0.08
0 0.5533333333333333 0.7033333333333334 0.060000000000000005 0.17333333333333334
0 0.51 0.8616666666666667 0.06666666666666667 0.15000000000000002
0 0.5866666666666667 0.8833333333333334 0.06666666666666667 0.09333333333333334
0 0.44333333333333336 0.8550000000000001 0.04 0.09666666666666668
0 0.3866666666666667 0.8150000000000001 0.060000000000000005 0.09000000000000001
0 0.34 0.7433333333333334 0.04666666666666667 0.06666666666666667
0 0.2816666666666667 0.7100000000000001 0.06333333333333334 0.08666666666666667
0 0.21166666666666667 0.6716666666666667 0.07 0.12333333333333334
0 0.12333333333333334 0.6233333333333334 0.08 0.16
0 0.04166666666666667 0.635 0.08333333333333334 0.11666666666666667
0 0.13333333333333333 0.9666666666666667 0.14 0.060000000000000005
0 0.24166666666666667 0.9066666666666667 0.08333333333333334 0.04
0 0.325 0.8816666666666667 0.07 0.05
0 0.6633333333333333 0.9533333333333334 0.05333333333333334 0.08666666666666667
