0 0.46166666666666667 0.29333333333333333 0.023333333333333334 0.02
0 0.49333333333333335 0.3216666666666667 0.02 0.023333333333333334
0 0.5133333333333334 0.35000000000000003 0.013333333333333334 0.02
0 0.5316666666666667 0.3816666666666667 0.016666666666666666 0.016666666666666666
0 0.5566666666666668 0.41000000000000003 0.02 0.02
0 0.5816666666666667 0.44333333333333336 0.01 0.02666666666666667
0 0.6050000000000001 0.4783333333333334 0.023333333333333334 0.03666666666666667
0 0.63 0.515 0.02 0.030000000000000002
0 0.6533333333333333 0.5533333333333333 0.02 0.02666666666666667
0 0.6766666666666667 0.5950000000000001 0.013333333333333334 0.016666666666666666
0 0.6950000000000001 0.6333333333333334 0.016666666666666666 0.02666666666666667
0 0.7166666666666667 0.6816666666666668 0.02 0.030000000000000002
0 0.7400000000000001 0.7250000000000001 0.02666666666666667 0.043333333333333335
0 0.7533333333333334 0.78 0.02 0.04666666666666667
0 0.3666666666666667 0.18500000000000003 0.02666666666666667 0.030000000000000002
0 0.24000000000000002 0.021666666666666667 0.02 0.03666666666666667
0 0.26333333333333336 0.2516666666666667 0.013333333333333334 0.016666666666666666
0 0.28500000000000003 0.2866666666666667 0.023333333333333334 0.03333333333333333
0 0.28833333333333333 0.33666666666666667 0.023333333333333334 0.03333333333333333
0 0.30000000000000004 0.37333333333333335 0.013333333333333334 0.02
0 0.32 0.42333333333333334 0.02 0.04
0 0.37333333333333335 0.5083333333333334 0.02 0.030000000000000002
0 0.4083333333333334 0.5650000000000001 0.01 0.01
0 0.4366666666666667 0.61 0.013333333333333334 0.013333333333333334
0 0.6900000000000001 0.9550000000000001 0.07333333333333333 0.08333333333333334
0 0.61 0.9750000000000001 0.07333333333333333 0.043333333333333335
