0 0.18333333333333335 0.15666666666666668 0.02 0.03333333333333333
0 0.2016666666666667 0.21000000000000002 0.01 0.02
0 0.21500000000000002 0.25333333333333335 0.01 0.02666666666666667
0 0.21833333333333335 0.325 0.016666666666666666 0.03666666666666667
0 0.27666666666666667 0.5 0.02 0.03333333333333333
0 0.30000000000000004 0.5533333333333333 0.03333333333333333 0.04666666666666667
0 0.33 0.625 0.04 0.06333333333333334
0 0.7966666666666667 0.5283333333333333 0.02 0.030000000000000002
0 0.8216666666666668 0.5816666666666667 0.01 0.023333333333333334
0 0.8083333333333333 0.6466666666666667 0.023333333333333334 0.04666666666666667
0 0.8116666666666668 0.7150000000000001 0.0033333333333333335 0.023333333333333334
0 0.79 0.7816666666666667 0.013333333333333334 0.03666666666666667
