0 0.66 0.375 0.02 0.043333333333333335
0 0.685 0.43833333333333335 0.023333333333333334 0.030000000000000002
0 0.7116666666666667 0.49500000000000005 0.05 0.043333333333333335
0 0.7566666666666667 0.5800000000000001 0.02666666666666667 0.06666666666666667
0 0.79 0.7533333333333334 0.05333333333333334 0.21333333333333335
0 0.17333333333333334 0.34833333333333333 0.04 0.03666666666666667
0 0.19666666666666668 0.42500000000000004 0.060000000000000005 0.09000000000000001
0 0.19 0.5366666666666667 0.02 0.04
0 0.18333333333333335 0.6283333333333334 0.02 0.043333333333333335
0 0.2 0.7183333333333334 0.02666666666666667 0.06333333333333334
0 0.195 0.21166666666666667 0.023333333333333334 0.023333333333333334
