0 0.4116666666666667 0.17500000000000002 0.043333333333333335 0.10333333333333335
0 0.41833333333333333 0.27166666666666667 0.023333333333333334 0.05
0 0.44333333333333336 0.3433333333333334 0.02 0.04666666666666667
0 0.4633333333333334 0.42833333333333334 0.02 0.07
0 0.4916666666666667 0.5266666666666667 0.023333333333333334 0.06666666666666667
0 0.5216666666666667 0.6216666666666667 0.03666666666666667 0.09666666666666668
0 0.5933333333333334 0.37833333333333335 0.05333333333333334 0.25
0 0.5683333333333334 0.5766666666666667 0.03666666666666667 0.12666666666666668
0 0.6016666666666667 0.535 0.01 0.043333333333333335
0 0.6033333333333334 0.5950000000000001 0.02 0.03666666666666667
0 0.5933333333333334 0.6433333333333334 0.02 0.04
0 0.5833333333333334 0.7066666666666667 0.02 0.06666666666666667
