0 0.5266666666666667 0.3866666666666667 0.013333333333333334 0.013333333333333334
0 0.55 0.4083333333333334 0.02666666666666667 0.016666666666666666
0 0.5650000000000001 0.4266666666666667 0.01 0.013333333333333334
0 0.5850000000000001 0.4516666666666667 0.016666666666666666 0.016666666666666666
0 0.6116666666666667 0.465 0.01 0.01
0 0.6283333333333334 0.48333333333333334 0.016666666666666666 0.013333333333333334
0 0.6433333333333334 0.5033333333333334 0.013333333333333334 0.02
0 0.6683333333333333 0.5233333333333333 0.016666666666666666 0.02
0 0.6916666666666668 0.5433333333333333 0.016666666666666666 0.013333333333333334
0 0.7083333333333334 0.5616666666666666 0.016666666666666666 0.016666666666666666
0 0.7400000000000001 0.5900000000000001 0.02 0.02
0 0.7666666666666667 0.62 0.013333333333333334 0.013333333333333334
0 0.7866666666666667 0.6433333333333334 0.02 0.02
0 0.8133333333333334 0.6733333333333333 0.02 0.02666666666666667
0 0.8483333333333334 0.7150000000000001 0.023333333333333334 0.016666666666666666
0 0.8533333333333334 0.7516666666666667 0.013333333333333334 0.023333333333333334
0 0.895 0.8033333333333333 0.03666666666666667 0.060000000000000005
0 0.5866666666666667 0.5533333333333333 0.02 0.02666666666666667
0 0.9316666666666668 0.8450000000000001 0.023333333333333334 0.023333333333333334
