0 0.4066666666666667 0.4366666666666667 0.02 0.02
0 0.44 0.45833333333333337 0.013333333333333334 0.01
0 0.46166666666666667 0.48500000000000004 0.016666666666666666 0.01
0 0.4866666666666667 0.5066666666666667 0.013333333333333334 0.013333333333333334
0 0.505 0.5183333333333333 0.016666666666666666 0.01
0 0.2816666666666667 0.4316666666666667 0.023333333333333334 0.016666666666666666
0 0.305 0.45 0.016666666666666666 0.006666666666666667
0 0.32666666666666666 0.4683333333333334 0.013333333333333334 0.01
0 0.3433333333333334 0.49000000000000005 0.013333333333333334 0.006666666666666667
0 0.3616666666666667 0.51 0.016666666666666666 0.013333333333333334
0 0.39 0.54 0.013333333333333334 0.02
0 0.4166666666666667 0.5683333333333334 0.02 0.016666666666666666
0 0.455 0.5983333333333334 0.016666666666666666 0.016666666666666666
0 0.25333333333333335 0.4 0.02 0.013333333333333334
0 0.20833333333333334 0.35333333333333333 0.01 0.013333333333333334
0 0.18500000000000003 0.32 0.01 0.006666666666666667
0 0.12833333333333335 0.23 0.023333333333333334 0.04
0 0.08833333333333333 0.16 0.03666666666666667 0.02666666666666667
0 0.09333333333333334 0.19833333333333333 0.013333333333333334 0.016666666666666666
