0 0.3666666666666667 0.23333333333333334 0.06666666666666667 0.06666666666666667
0 0.4716666666666667 0.19166666666666668 0.05 0.06333333333333334
0 0.5266666666666667 0.16833333333333333 0.05333333333333334 0.05
0 0.5916666666666667 0.15000000000000002 0.07 0.05333333333333334
0 0.7366666666666667 0.135 0.19333333333333336 0.07666666666666667
0 0.8416666666666667 0.19333333333333336 0.05 0.04
0 0.9316666666666668 0.165 0.13 0.043333333333333335
0 0.9716666666666667 0.12333333333333334 0.05 0.04
0 0.7733333333333334 0.21000000000000002 0.08666666666666667 0.060000000000000005
0 0.6933333333333334 0.25333333333333335 0.08 0.08
0 0.6050000000000001 0.29333333333333333 0.09000000000000001 0.060000000000000005
0 0.6716666666666667 0.31333333333333335 0.030000000000000002 0.03333333333333333
0 0.7583333333333334 0.2566666666666667 0.03666666666666667 0.02666666666666667
0 0.5333333333333333 0.325 0.06666666666666667 0.05666666666666667
0 0.47000000000000003 0.36000000000000004 0.06666666666666667 0.04666666666666667
0 0.3716666666666667 0.39666666666666667 0.07666666666666667 0.04666666666666667
0 0.29500000000000004 0.43000000000000005 0.08333333333333334 0.04
0 0.11166666666666668 0.48833333333333334 0.20333333333333334 0.05
0 0.8083333333333333 0.03833333333333334 0.12333333333333334 0.07666666666666667
0 0.9066666666666667 0.013333333333333334 0.060000000000000005 0.02666666666666667
0 0.7033333333333334 0.060000000000000005 0.09333333333333334 0.060000000000000005
0 0.6000000000000001 0.08833333333333333 0.08 0.05
0 0.5233333333333333 0.11 0.08 0.04
0 0.405 0.14166666666666666 0.16333333333333333 0.06333333333333334
0 0.24666666666666667 0.17500000000000002 0.1 0.12333333333333334
0 0.09833333333333334 0.22 0.17666666666666667 0.1
