0 0.635 0.29000000000000004 0.016666666666666666 0.013333333333333334
0 0.615 0.30833333333333335 0.01 0.01
0 0.5966666666666667 0.33333333333333337 0.02 0.013333333333333334
0 0.5766666666666667 0.34500000000000003 0.02 0.016666666666666666
0 0.5266666666666667 0.3983333333333334 0.02 0.01
0 0.5083333333333334 0.4216666666666667 0.016666666666666666 0.016666666666666666
0 0.48500000000000004 0.43833333333333335 0.01 0.01
0 0.4633333333333334 0.46 0.013333333333333334 0.013333333333333334
0 0.44833333333333336 0.4783333333333334 0.01 0.01
0 0.43333333333333335 0.4966666666666667 0.013333333333333334 0.013333333333333334
0 0.41500000000000004 0.5133333333333334 0.01 0.006666666666666667
0 0.405 0.5283333333333333 0.01 0.016666666666666666
0 0.3866666666666667 0.5466666666666667 0.02 0.02
0 0.3716666666666667 0.5666666666666667 0.01 0.013333333333333334
0 0.335 0.6000000000000001 0.016666666666666666 0.013333333333333334
0 0.31833333333333336 0.6166666666666667 0.016666666666666666 0.006666666666666667
0 0.3566666666666667 0.5800000000000001 0.02 0.006666666666666667
0 0.26166666666666666 0.6666666666666667 0.023333333333333334 0.013333333333333334
0 0.24166666666666667 0.685 0.016666666666666666 0.016666666666666666
0 0.2316666666666667 0.7100000000000001 0.01 0.013333333333333334
0 0.17 0.8433333333333334 0.02666666666666667 0.02
0 0.2 0.8250000000000001 0.02666666666666667 0.016666666666666666
0 0.22333333333333336 0.8 0.02 0.013333333333333334
0 0.24500000000000002 0.7833333333333334 0.023333333333333334 0.013333333333333334
0 0.26333333333333336 0.7633333333333334 0.02 0.013333333333333334
0 0.29333333333333333 0.7433333333333334 0.02666666666666667 0.013333333333333334
0 0.315 0.7200000000000001 0.01 0.006666666666666667
0 0.32666666666666666 0.7083333333333334 0.013333333333333334 0.01
0 0.35000000000000003 0.6833333333333333 0.02 0.013333333333333334
0 0.3766666666666667 0.665 0.02 0.016666666666666666
0 0.40166666666666667 0.6466666666666667 0.016666666666666666 0.006666666666666667
0 0.42333333333333334 0.6016666666666667 0.02 0.016666666666666666
0 0.4566666666666667 0.5966666666666667 0.013333333333333334 0.013333333333333334
0 0.47000000000000003 0.5800000000000001 0.013333333333333334 0.013333333333333334
