0 0.76 0.15000000000000002 0.02666666666666667 0.02666666666666667
0 0.7933333333333333 0.065 0.02 0.023333333333333334
0 0.6066666666666667 0.35500000000000004 0.02 0.016666666666666666
0 0.5333333333333333 0.41833333333333333 0.02 0.016666666666666666
0 0.505 0.4416666666666667 0.023333333333333334 0.023333333333333334
0 0.4733333333333334 0.45333333333333337 0.03333333333333333 0.013333333333333334
0 0.325 0.6383333333333334 0.023333333333333334 0.03666666666666667
0 0.28833333333333333 0.66 0.030000000000000002 0.02666666666666667
0 0.26833333333333337 0.6966666666666667 0.030000000000000002 0.02666666666666667
0 0.24000000000000002 0.7333333333333334 0.04 0.04
0 0.18500000000000003 0.7566666666666667 0.030000000000000002 0.02666666666666667
0 0.13166666666666668 0.785 0.023333333333333334 0.030000000000000002
