0 0.6983333333333334 0.33333333333333337 0.030000000000000002 0.02666666666666667
0 0.7233333333333334 0.2916666666666667 0.02 0.016666666666666666
0 0.755 0.255 0.016666666666666666 0.016666666666666666
0 0.7983333333333333 0.23 0.03666666666666667 0.02666666666666667
0 0.8416666666666667 0.19833333333333333 0.05 0.043333333333333335
0 0.8883333333333334 0.15666666666666668 0.03666666666666667 0.04
0 0.9166666666666667 0.125 0.03333333333333333 0.05
0 0.5283333333333333 0.525 0.016666666666666666 0.023333333333333334
0 0.5016666666666667 0.5383333333333333 0.016666666666666666 0.016666666666666666
0 0.4716666666666667 0.555 0.030000000000000002 0.023333333333333334
0 0.3766666666666667 0.6283333333333334 0.02666666666666667 0.023333333333333334
0 0.23500000000000001 0.8300000000000001 0.030000000000000002 0.03333333333333333
0 0.19333333333333336 0.9166666666666667 0.02666666666666667 0.02
