0 0.35000000000000003 0.30833333333333335 0.03333333333333333 0.023333333333333334
0 0.3916666666666667 0.33666666666666667 0.016666666666666666 0.013333333333333334
0 0.4266666666666667 0.36833333333333335 0.02666666666666667 0.023333333333333334
0 0.4666666666666667 0.4116666666666667 0.02 0.016666666666666666
0 0.4966666666666667 0.44 0.02 0.013333333333333334
0 0.5383333333333333 0.4716666666666667 0.05 0.023333333333333334
0 0.5850000000000001 0.5083333333333334 0.016666666666666666 0.016666666666666666
0 0.625 0.545 0.03666666666666667 0.03666666666666667
0 0.6566666666666667 0.6000000000000001 0.02666666666666667 0.02666666666666667
0 0.7000000000000001 0.6283333333333334 0.03333333333333333 0.016666666666666666
0 0.77 0.7200000000000001 0.04 0.04
0 0.805 0.7633333333333334 0.023333333333333334 0.02666666666666667
0 0.8150000000000001 0.8133333333333334 0.016666666666666666 0.02
0 0.8583333333333334 0.88 0.023333333333333334 0.03333333333333333
0 0.885 0.9316666666666668 0.023333333333333334 0.03666666666666667
0 0.8533333333333334 0.8316666666666667 0.02 0.023333333333333334
