0 0.6066666666666667 0.13333333333333333 0.02 0.03333333333333333
0 0.5750000000000001 0.16333333333333333 0.023333333333333334 0.02
0 0.55 0.19 0.013333333333333334 0.013333333333333334
0 0.525 0.21166666666666667 0.016666666666666666 0.023333333333333334
0 0.4966666666666667 0.2366666666666667 0.02 0.02
0 0.48833333333333334 0.26833333333333337 0.023333333333333334 0.023333333333333334
0 0.45833333333333337 0.2916666666666667 0.016666666666666666 0.016666666666666666
0 0.43000000000000005 0.3166666666666667 0.02 0.02666666666666667
0 0.4 0.3466666666666667 0.03333333333333333 0.04
0 0.375 0.385 0.030000000000000002 0.023333333333333334
0 0.3516666666666667 0.4133333333333334 0.023333333333333334 0.02
0 0.30333333333333334 0.48833333333333334 0.02 0.023333333333333334
0 0.30000000000000004 0.535 0.04 0.043333333333333335
0 0.29333333333333333 0.5900000000000001 0.05333333333333334 0.05333333333333334
0 0.275 0.68 0.05 0.10666666666666667
0 0.2733333333333334 0.76 0.02 0.02666666666666667
0 0.30833333333333335 0.785 0.016666666666666666 0.016666666666666666
0 0.33666666666666667 0.7616666666666667 0.02 0.016666666666666666
0 0.3616666666666667 0.75 0.023333333333333334 0.013333333333333334
0 0.44333333333333336 0.6133333333333334 0.02 0.013333333333333334
0 0.6666666666666667 0.32833333333333337 0.03333333333333333 0.016666666666666666
0 0.6833333333333333 0.30833333333333335 0.02 0.01
0 0.7183333333333334 0.275 0.016666666666666666 0.01
0 0.7350000000000001 0.23 0.023333333333333334 0.013333333333333334
0 0.7583333333333334 0.20500000000000002 0.016666666666666666 0.016666666666666666
0 0.775 0.18333333333333335 0.016666666666666666 0.013333333333333334
0 0.7983333333333333 0.16333333333333333 0.01 0.013333333333333334
0 0.81 0.14500000000000002 0.013333333333333334 0.01
0 0.8350000000000001 0.12833333333333335 0.01 0.01
0 0.8566666666666667 0.10833333333333334 0.02666666666666667 0.023333333333333334
0 0.8833333333333334 0.07166666666666667 0.02 0.016666666666666666
0 0.9066666666666667 0.05 0.02 0.02
0 0.22166666666666668 0.42500000000000004 0.05 0.01
0 0.29833333333333334 0.43333333333333335 0.05666666666666667 0.006666666666666667
0 0.37833333333333335 0.45 0.05666666666666667 0.006666666666666667
0 0.4516666666666667 0.45833333333333337 0.05 0.023333333333333334
0 0.5366666666666667 0.47500000000000003 0.04 0.016666666666666666
0 0.5916666666666667 0.4816666666666667 0.05 0.01
0 0.6583333333333333 0.49500000000000005 0.05 0.016666666666666666
