0 0.7233333333333334 0.2866666666666667 0.060000000000000005 0.06666666666666667
0 0.7200000000000001 0.3566666666666667 0.060000000000000005 0.05333333333333334
0 0.6966666666666667 0.4033333333333334 0.05333333333333334 0.03333333333333333
0 0.6883333333333334 0.44833333333333336 0.05 0.030000000000000002
0 0.6233333333333334 0.5916666666666667 0.02 0.023333333333333334
0 0.5933333333333334 0.6133333333333334 0.02 0.02
0 0.5766666666666667 0.6416666666666667 0.02 0.023333333333333334
0 0.555 0.6716666666666667 0.030000000000000002 0.030000000000000002
0 0.53 0.6966666666666667 0.013333333333333334 0.02
0 0.5 0.7150000000000001 0.013333333333333334 0.016666666666666666
0 0.48500000000000004 0.7433333333333334 0.016666666666666666 0.02
0 0.4683333333333334 0.7666666666666667 0.016666666666666666 0.02
0 0.4516666666666667 0.7883333333333333 0.023333333333333334 0.016666666666666666
0 0.4066666666666667 0.8216666666666668 0.013333333333333334 0.01
0 0.3916666666666667 0.8433333333333334 0.01 0.013333333333333334
0 0.37333333333333335 0.8566666666666667 0.006666666666666667 0.006666666666666667
0 0.35333333333333333 0.8733333333333334 0.013333333333333334 0.013333333333333334
0 0.32333333333333336 0.6533333333333333 0.013333333333333334 0.013333333333333334
0 0.3116666666666667 0.6733333333333333 0.01 0.013333333333333334
0 0.24666666666666667 0.7566666666666667 0.02666666666666667 0.02666666666666667
0 0.21833333333333335 0.7933333333333333 0.023333333333333334 0.02
0 0.195 0.8233333333333334 0.023333333333333334 0.02666666666666667
0 0.16833333333333333 0.8550000000000001 0.023333333333333334 0.030000000000000002
0 0.14166666666666666 0.8700000000000001 0.01 0.006666666666666667
0 0.12000000000000001 0.89 0.013333333333333334 0.013333333333333334
0 0.095 0.9133333333333334 0.016666666666666666 0.02
0 0.06666666666666667 0.9400000000000001 0.02666666666666667 0.02
0 0.54 0.37333333333333335 0.02 0.013333333333333334
0 0.5616666666666666 0.3416666666666667 0.016666666666666666 0.01
0 0.5850000000000001 0.3066666666666667 0.023333333333333334 0.013333333333333334
0 0.6433333333333334 0.2316666666666667 0.013333333333333334 0.01
0 0.6783333333333333 0.2066666666666667 0.016666666666666666 0.006666666666666667
0 0.4633333333333334 0.5216666666666667 0.06666666666666667 0.016666666666666666
0 0.54 0.535 0.06666666666666667 0.016666666666666666
0 0.61 0.545 0.05333333333333334 0.01
0 0.6716666666666667 0.5533333333333333 0.043333333333333335 0.013333333333333334
0 0.3816666666666667 0.5083333333333334 0.07 0.016666666666666666
0 0.7316666666666667 0.5616666666666666 0.05 0.016666666666666666
0 0.795 0.5750000000000001 0.05666666666666667 0.01
