0 0.385 0.5266666666666667 0.030000000000000002 0.02666666666666667
0 0.4133333333333334 0.5516666666666667 0.02666666666666667 0.023333333333333334
0 0.43833333333333335 0.5783333333333334 0.016666666666666666 0.023333333333333334
0 0.46166666666666667 0.6050000000000001 0.023333333333333334 0.023333333333333334
0 0.48000000000000004 0.6283333333333334 0.02 0.016666666666666666
0 0.5033333333333334 0.65 0.02 0.02666666666666667
0 0.5283333333333333 0.6733333333333333 0.023333333333333334 0.02
0 0.5516666666666667 0.6983333333333334 0.016666666666666666 0.023333333333333334
0 0.5766666666666667 0.7250000000000001 0.02 0.023333333333333334
0 0.6016666666666667 0.7466666666666667 0.016666666666666666 0.02666666666666667
0 0.6216666666666667 0.7733333333333334 0.023333333333333334 0.02
0 0.65 0.795 0.02 0.023333333333333334
0 0.6766666666666667 0.8150000000000001 0.02 0.016666666666666666
0 0.7016666666666667 0.8400000000000001 0.023333333333333334 0.02
0 0.7316666666666667 0.8650000000000001 0.023333333333333334 0.023333333333333334
0 0.7566666666666667 0.8600000000000001 0.03333333333333333 0.02666666666666667
0 0.7666666666666667 0.885 0.03333333333333333 0.023333333333333334
0 0.7966666666666667 0.91 0.02 0.02
0 0.8383333333333334 0.8916666666666667 0.023333333333333334 0.030000000000000002
0 0.4633333333333334 0.4783333333333334 0.02 0.016666666666666666
0 0.48333333333333334 0.5 0.02 0.02
0 0.5033333333333334 0.5216666666666667 0.013333333333333334 0.016666666666666666
0 0.5216666666666667 0.545 0.016666666666666666 0.016666666666666666
0 0.545 0.5733333333333334 0.016666666666666666 0.02666666666666667
0 0.5716666666666667 0.5950000000000001 0.023333333333333334 0.016666666666666666
0 0.8383333333333334 0.9283333333333333 0.05 0.030000000000000002
