0 0.5233333333333333 0.48833333333333334 0.02666666666666667 0.03666666666666667
0 0.48500000000000004 0.53 0.016666666666666666 0.02666666666666667
0 0.46166666666666667 0.5650000000000001 0.016666666666666666 0.023333333333333334
0 0.43333333333333335 0.5900000000000001 0.02 0.02
0 0.4 0.6166666666666667 0.013333333333333334 0.02
0 0.375 0.6583333333333333 0.01 0.016666666666666666
0 0.35500000000000004 0.68 0.01 0.013333333333333334
0 0.3066666666666667 0.7466666666666667 0.02666666666666667 0.02
0 0.3466666666666667 0.7300000000000001 0.02 0.013333333333333334
0 0.37333333333333335 0.7033333333333334 0.013333333333333334 0.006666666666666667
0 0.41000000000000003 0.6783333333333333 0.02 0.0033333333333333335
0 0.48000000000000004 0.6033333333333334 0.02 0.006666666666666667
0 0.5166666666666667 0.5750000000000001 0.02666666666666667 0.0033333333333333335
0 0.5700000000000001 0.5116666666666667 0.006666666666666667 0.016666666666666666
0 0.6366666666666667 0.47500000000000003 0.04 0.01
0 0.665 0.4166666666666667 0.016666666666666666 0.02
