0 0.6316666666666667 0.265 0.023333333333333334 0.023333333333333334
0 0.6783333333333333 0.25333333333333335 0.0033333333333333335 0.03333333333333333
0 0.62 0.315 0.013333333333333334 0.016666666666666666
0 0.6000000000000001 0.35000000000000003 0.013333333333333334 0.02
0 0.5716666666666667 0.3816666666666667 0.01 0.016666666666666666
0 0.54 0.4116666666666667 0.006666666666666667 0.016666666666666666
0 0.5083333333333334 0.4416666666666667 0.01 0.023333333333333334
0 0.4866666666666667 0.4816666666666667 0.013333333333333334 0.023333333333333334
0 0.4566666666666667 0.515 0.02666666666666667 0.016666666666666666
0 0.5700000000000001 0.31833333333333336 0.013333333333333334 0.023333333333333334
0 0.5383333333333333 0.3466666666666667 0.016666666666666666 0.02666666666666667
0 0.515 0.38 0.01 0.02
0 0.4783333333333334 0.405 0.016666666666666666 0.030000000000000002
0 0.45333333333333337 0.44833333333333336 0.02 0.030000000000000002
0 0.42333333333333334 0.4716666666666667 0.02666666666666667 0.030000000000000002
0 0.3866666666666667 0.4966666666666667 0.02 0.02
0 0.33666666666666667 0.5283333333333333 0.03333333333333333 0.030000000000000002
0 0.4 0.545 0.05333333333333334 0.030000000000000002
0 0.32833333333333337 0.5733333333333334 0.030000000000000002 0.02
