0 0.8300000000000001 0.07333333333333333 0.04666666666666667 0.08666666666666667
0 0.8200000000000001 0.18333333333333335 0.02666666666666667 0.11333333333333334
0 0.8216666666666668 0.31833333333333336 0.043333333333333335 0.11
0 0.8083333333333333 0.4116666666666667 0.043333333333333335 0.05
0 0.775 0.4516666666666667 0.016666666666666666 0.03666666666666667
0 0.7516666666666667 0.4816666666666667 0.0033333333333333335 0.016666666666666666
0 0.7250000000000001 0.515 0.016666666666666666 0.023333333333333334
0 0.7016666666666667 0.5533333333333333 0.023333333333333334 0.02666666666666667
0 0.6833333333333333 0.5833333333333334 0.013333333333333334 0.02
0 0.6583333333333333 0.6166666666666667 0.016666666666666666 0.02
0 0.62 0.68 0.013333333333333334 0.013333333333333334
