0 0.28833333333333333 0.21166666666666667 0.03666666666666667 0.030000000000000002
0 0.32833333333333337 0.24500000000000002 0.03666666666666667 0.043333333333333335
0 0.36333333333333334 0.28500000000000003 0.03333333333333333 0.03666666666666667
0 0.38833333333333336 0.3166666666666667 0.023333333333333334 0.02666666666666667
0 0.42333333333333334 0.3516666666666667 0.03333333333333333 0.03666666666666667
0 0.46 0.39666666666666667 0.02666666666666667 0.03333333333333333
0 0.49333333333333335 0.43500000000000005 0.02 0.03666666666666667
0 0.51 0.47500000000000003 0.02 0.030000000000000002
0 0.5366666666666667 0.5116666666666667 0.02666666666666667 0.030000000000000002
0 0.56 0.5516666666666667 0.02 0.03666666666666667
0 0.5983333333333334 0.5916666666666667 0.05 0.03666666666666667
0 0.6016666666666667 0.6316666666666667 0.023333333333333334 0.023333333333333334
0 0.6266666666666667 0.6583333333333333 0.03333333333333333 0.030000000000000002
0 0.6566666666666667 0.6966666666666667 0.02666666666666667 0.03333333333333333
0 0.6816666666666668 0.7333333333333334 0.023333333333333334 0.03333333333333333
0 0.7116666666666667 0.7716666666666667 0.016666666666666666 0.030000000000000002
0 0.7366666666666667 0.805 0.02 0.030000000000000002
0 0.7833333333333334 0.8033333333333333 0.04666666666666667 0.03333333333333333
0 0.8016666666666667 0.8400000000000001 0.06333333333333334 0.02
0 0.78 0.8666666666666667 0.02 0.02
0 0.7966666666666667 0.895 0.02 0.016666666666666666
0 0.8266666666666668 0.91 0.03333333333333333 0.03333333333333333
0 0.8533333333333334 0.8816666666666667 0.03333333333333333 0.03666666666666667
0 0.25833333333333336 0.165 0.016666666666666666 0.016666666666666666
0 0.28500000000000003 0.055 0.03666666666666667 0.05
0 0.3216666666666667 0.11333333333333334 0.03666666666666667 0.04666666666666667
0 0.3516666666666667 0.155 0.023333333333333334 0.030000000000000002
0 0.375 0.18000000000000002 0.023333333333333334 0.02
0 0.4 0.2 0.013333333333333334 0.02
0 0.4266666666666667 0.23500000000000001 0.02 0.030000000000000002
0 0.4516666666666667 0.27 0.016666666666666666 0.02666666666666667
0 0.4733333333333334 0.2966666666666667 0.013333333333333334 0.02
0 0.5033333333333334 0.33166666666666667 0.02666666666666667 0.030000000000000002
0 0.52 0.36333333333333334 0.013333333333333334 0.02666666666666667
0 0.5466666666666667 0.4 0.006666666666666667 0.013333333333333334
0 0.5616666666666666 0.42500000000000004 0.01 0.01
0 0.5783333333333334 0.45333333333333337 0.01 0.013333333333333334
0 0.6050000000000001 0.4783333333333334 0.01 0.016666666666666666
0 0.6183333333333334 0.5033333333333334 0.01 0.013333333333333334
0 0.6366666666666667 0.5283333333333333 0.013333333333333334 0.016666666666666666
0 0.6533333333333333 0.5516666666666667 0.02 0.023333333333333334
0 0.6733333333333333 0.5800000000000001 0.013333333333333334 0.013333333333333334
0 0.6933333333333334 0.6016666666666667 0.013333333333333334 0.016666666666666666
0 0.7133333333333334 0.625 0.013333333333333334 0.016666666666666666
0 0.7366666666666667 0.655 0.013333333333333334 0.030000000000000002
0 0.7583333333333334 0.6950000000000001 0.016666666666666666 0.03666666666666667
