0 0.1366666666666667 0.06666666666666667 0.04666666666666667 0.060000000000000005
0 0.19 0.10333333333333335 0.02666666666666667 0.04
0 0.21833333333333335 0.14333333333333334 0.023333333333333334 0.02666666666666667
0 0.14833333333333334 0.13333333333333333 0.016666666666666666 0.02
0 0.17666666666666667 0.16333333333333333 0.013333333333333334 0.02
0 0.2016666666666667 0.19666666666666668 0.023333333333333334 0.02666666666666667
0 0.2366666666666667 0.17833333333333334 0.02 0.016666666666666666
0 0.265 0.19166666666666668 0.01 0.023333333333333334
0 0.2816666666666667 0.22 0.01 0.02
0 0.3016666666666667 0.25 0.016666666666666666 0.02666666666666667
0 0.3216666666666667 0.2816666666666667 0.01 0.030000000000000002
0 0.3466666666666667 0.3166666666666667 0.02666666666666667 0.04
0 0.3766666666666667 0.35500000000000004 0.02666666666666667 0.030000000000000002
0 0.4033333333333334 0.385 0.02666666666666667 0.030000000000000002
0 0.37000000000000005 0.3983333333333334 0.03333333333333333 0.023333333333333334
0 0.34 0.42833333333333334 0.02666666666666667 0.03666666666666667
0 0.4216666666666667 0.4316666666666667 0.030000000000000002 0.03666666666666667
0 0.45 0.48000000000000004 0.02 0.04
0 0.47500000000000003 0.5166666666666667 0.030000000000000002 0.04
0 0.5 0.5583333333333333 0.03333333333333333 0.043333333333333335
0 0.5283333333333333 0.5983333333333334 0.03666666666666667 0.030000000000000002
0 0.455 0.6016666666666667 0.023333333333333334 0.023333333333333334
0 0.5650000000000001 0.6366666666666667 0.043333333333333335 0.04
0 0.6016666666666667 0.6766666666666667 0.043333333333333335 0.04
0 0.64 0.7300000000000001 0.05333333333333334 0.04666666666666667
0 0.685 0.7566666666666667 0.03666666666666667 0.03333333333333333
0 0.49000000000000005 0.6483333333333334 0.02 0.030000000000000002
0 0.52 0.6900000000000001 0.02 0.02666666666666667
0 0.5466666666666667 0.7233333333333334 0.013333333333333334 0.013333333333333334
0 0.5716666666666667 0.7566666666666667 0.016666666666666666 0.02
0 0.5883333333333334 0.7833333333333334 0.01 0.013333333333333334
0 0.62 0.81 0.02666666666666667 0.02666666666666667
0 0.6466666666666667 0.8450000000000001 0.02666666666666667 0.030000000000000002
0 0.6866666666666668 0.9083333333333334 0.060000000000000005 0.07666666666666667
0 0.6733333333333333 0.8433333333333334 0.013333333333333334 0.02
0 0.7266666666666667 0.8166666666666668 0.013333333333333334 0.013333333333333334
