0 0.5616666666666666 0.6216666666666667 0.030000000000000002 0.023333333333333334
0 0.5433333333333333 0.6533333333333333 0.02666666666666667 0.02666666666666667
0 0.5316666666666667 0.6933333333333334 0.03666666666666667 0.03333333333333333
0 0.5 0.7266666666666667 0.03333333333333333 0.02666666666666667
0 0.4783333333333334 0.76 0.023333333333333334 0.02666666666666667
0 0.45833333333333337 0.7916666666666667 0.030000000000000002 0.030000000000000002
0 0.43500000000000005 0.8250000000000001 0.030000000000000002 0.030000000000000002
0 0.4133333333333334 0.8566666666666667 0.02666666666666667 0.02666666666666667
0 0.3916666666666667 0.8816666666666667 0.030000000000000002 0.030000000000000002
0 0.36833333333333335 0.915 0.030000000000000002 0.023333333333333334
0 0.3466666666666667 0.9516666666666668 0.02666666666666667 0.030000000000000002
0 0.5900000000000001 0.5966666666666667 0.02 0.02666666666666667
0 0.615 0.5700000000000001 0.030000000000000002 0.03333333333333333
0 0.6316666666666667 0.525 0.03666666666666667 0.03666666666666667
0 0.6566666666666667 0.4866666666666667 0.03333333333333333 0.03333333333333333
0 0.6766666666666667 0.44833333333333336 0.02 0.016666666666666666
0 0.6900000000000001 0.42333333333333334 0.02 0.02
0 0.7166666666666667 0.3983333333333334 0.02666666666666667 0.023333333333333334
0 0.7350000000000001 0.37333333333333335 0.016666666666666666 0.02666666666666667
0 0.765 0.34500000000000003 0.023333333333333334 0.016666666666666666
0 0.7916666666666667 0.31333333333333335 0.023333333333333334 0.02
0 0.81 0.2916666666666667 0.02 0.016666666666666666
0 0.24500000000000002 0.8066666666666668 0.023333333333333334 0.04666666666666667
0 0.405 0.5483333333333333 0.030000000000000002 0.023333333333333334
0 0.43333333333333335 0.515 0.02666666666666667 0.023333333333333334
0 0.4516666666666667 0.4816666666666667 0.016666666666666666 0.016666666666666666
0 0.4733333333333334 0.465 0.013333333333333334 0.016666666666666666
0 0.4916666666666667 0.445 0.016666666666666666 0.016666666666666666
0 0.5 0.4216666666666667 0.02 0.016666666666666666
