0 0.6516666666666667 0.030000000000000002 0.05 0.04
0 0.6183333333333334 0.06666666666666667 0.03666666666666667 0.02666666666666667
0 0.5966666666666667 0.10500000000000001 0.04 0.03666666666666667
0 0.5700000000000001 0.13833333333333334 0.03333333333333333 0.030000000000000002
0 0.555 0.17666666666666667 0.016666666666666666 0.02
0 0.385 0.42500000000000004 0.030000000000000002 0.030000000000000002
0 0.3466666666666667 0.45 0.02 0.02
0 0.3716666666666667 0.45333333333333337 0.01 0.013333333333333334
0 0.3866666666666667 0.4633333333333334 0.013333333333333334 0.013333333333333334
0 0.335 0.47000000000000003 0.01 0.006666666666666667
0 0.3616666666666667 0.48333333333333334 0.016666666666666666 0.02
0 0.3416666666666667 0.5 0.023333333333333334 0.02666666666666667
0 0.3216666666666667 0.5266666666666667 0.023333333333333334 0.02666666666666667
0 0.29833333333333334 0.55 0.030000000000000002 0.02666666666666667
0 0.27666666666666667 0.5816666666666667 0.02 0.016666666666666666
0 0.26 0.6016666666666667 0.02 0.016666666666666666
0 0.24500000000000002 0.6216666666666667 0.016666666666666666 0.016666666666666666
0 0.23 0.6366666666666667 0.013333333333333334 0.013333333333333334
0 0.21833333333333335 0.65 0.01 0.013333333333333334
0 0.19833333333333333 0.6683333333333333 0.016666666666666666 0.016666666666666666
0 0.18666666666666668 0.6900000000000001 0.013333333333333334 0.02
0 0.17333333333333334 0.7066666666666667 0.02 0.013333333333333334
0 0.7433333333333334 0.17333333333333334 0.02 0.02666666666666667
0 0.7616666666666667 0.14 0.016666666666666666 0.02
0 0.5866666666666667 0.44 0.013333333333333334 0.02
0 0.5683333333333334 0.4633333333333334 0.016666666666666666 0.02
0 0.54 0.49000000000000005 0.013333333333333334 0.02
0 0.5183333333333333 0.5183333333333333 0.016666666666666666 0.023333333333333334
0 0.4966666666666667 0.5533333333333333 0.02666666666666667 0.03333333333333333
