0 0.9433333333333334 0.030000000000000002 0.05333333333333334 0.05333333333333334
0 0.905 0.08166666666666667 0.043333333333333335 0.043333333333333335
0 0.8616666666666667 0.13333333333333333 0.030000000000000002 0.04
0 0.8183333333333334 0.18166666666666667 0.030000000000000002 0.030000000000000002
0 0.7933333333333333 0.22833333333333336 0.02666666666666667 0.03666666666666667
0 0.7516666666666667 0.28833333333333333 0.030000000000000002 0.05
0 0.685 0.36500000000000005 0.03666666666666667 0.05
0 0.6516666666666667 0.44 0.03666666666666667 0.04
0 0.5833333333333334 0.49333333333333335 0.060000000000000005 0.06666666666666667
0 0.535 0.555 0.030000000000000002 0.030000000000000002
0 0.49000000000000005 0.6016666666666667 0.02 0.023333333333333334
0 0.45 0.6333333333333334 0.013333333333333334 0.02
0 0.4083333333333334 0.6583333333333333 0.030000000000000002 0.023333333333333334
0 0.3816666666666667 0.7000000000000001 0.023333333333333334 0.02666666666666667
0 0.34833333333333333 0.7350000000000001 0.023333333333333334 0.016666666666666666
0 0.31 0.7666666666666667 0.013333333333333334 0.013333333333333334
0 0.275 0.7983333333333333 0.01 0.023333333333333334
0 0.25 0.8350000000000001 0.02 0.030000000000000002
0 0.21166666666666667 0.8633333333333334 0.01 0.02
0 0.17333333333333334 0.8866666666666667 0.013333333333333334 0.02
0 0.14500000000000002 0.9216666666666667 0.01 0.016666666666666666
0 0.11833333333333335 0.9483333333333334 0.01 0.016666666666666666
