0 0.8250000000000001 0.06666666666666667 0.016666666666666666 0.02666666666666667
0 0.7916666666666667 0.10500000000000001 0.016666666666666666 0.016666666666666666
0 0.76 0.135 0.013333333333333334 0.016666666666666666
0 0.7283333333333334 0.16666666666666669 0.023333333333333334 0.02666666666666667
0 0.6866666666666668 0.2 0.02 0.02666666666666667
0 0.6333333333333334 0.24000000000000002 0.013333333333333334 0.02
0 0.6000000000000001 0.29333333333333333 0.04 0.04
0 0.5516666666666667 0.34 0.023333333333333334 0.02666666666666667
0 0.5066666666666667 0.37333333333333335 0.02666666666666667 0.03333333333333333
0 0.455 0.41500000000000004 0.023333333333333334 0.023333333333333334
0 0.42333333333333334 0.455 0.02 0.030000000000000002
0 0.3766666666666667 0.49333333333333335 0.02 0.02666666666666667
0 0.35333333333333333 0.525 0.02 0.023333333333333334
0 0.3216666666666667 0.5650000000000001 0.016666666666666666 0.023333333333333334
0 0.2816666666666667 0.6083333333333334 0.016666666666666666 0.016666666666666666
0 0.25 0.6483333333333334 0.02 0.023333333333333334
0 0.20833333333333334 0.7166666666666667 0.030000000000000002 0.04
0 0.17833333333333334 0.7716666666666667 0.016666666666666666 0.016666666666666666
0 0.14 0.81 0.02 0.03333333333333333
0 0.125 0.8550000000000001 0.016666666666666666 0.023333333333333334
0 0.07833333333333334 0.88 0.023333333333333334 0.02666666666666667
0 0.045000000000000005 0.9383333333333334 0.016666666666666666 0.030000000000000002
