0 0.4783333333333334 0.5233333333333333 0.14333333333333334 0.04
0 0.43000000000000005 0.7316666666666667 0.12666666666666668 0.05
0 0.9700000000000001 0.05333333333333334 0.05333333333333334 0.09333333333333334
0 0.9 0.11166666666666668 0.07333333333333333 0.016666666666666666
0 0.9016666666666667 0.13833333333333334 0.05666666666666667 0.023333333333333334
0 0.8616666666666667 0.17833333333333334 0.09666666666666668 0.01
0 0.8466666666666667 0.22833333333333336 0.10666666666666667 0.016666666666666666
0 0.9016666666666667 0.2833333333333333 0.06333333333333334 0.02
0 0.8583333333333334 0.36833333333333335 0.05 0.03666666666666667
0 0.8300000000000001 0.42333333333333334 0.04 0.05333333333333334
0 0.7783333333333334 0.4633333333333334 0.043333333333333335 0.04
0 0.7433333333333334 0.52 0.05333333333333334 0.06666666666666667
0 0.7083333333333334 0.5866666666666667 0.05 0.04666666666666667
0 0.6533333333333333 0.67 0.08 0.1
0 0.615 0.7683333333333334 0.05666666666666667 0.09000000000000001
0 0.5950000000000001 0.8383333333333334 0.030000000000000002 0.05
