0 0.5366666666666667 0.24833333333333335 0.1 0.05
0 0.49833333333333335 0.4633333333333334 0.1366666666666667 0.04
0 0.4033333333333334 0.11166666666666668 0.02 0.023333333333333334
0 0.3916666666666667 0.17833333333333334 0.03666666666666667 0.043333333333333335
0 0.3766666666666667 0.26 0.04 0.04
0 0.335 0.33 0.03666666666666667 0.04666666666666667
0 0.28833333333333333 0.3916666666666667 0.03666666666666667 0.05
0 0.24833333333333335 0.4416666666666667 0.023333333333333334 0.030000000000000002
0 0.24833333333333335 0.48333333333333334 0.043333333333333335 0.03333333333333333
0 0.20833333333333334 0.5133333333333334 0.030000000000000002 0.02
0 0.17833333333333334 0.55 0.016666666666666666 0.013333333333333334
0 0.14500000000000002 0.5800000000000001 0.023333333333333334 0.02
0 0.12666666666666668 0.63 0.060000000000000005 0.04
0 0.09333333333333334 0.7083333333333334 0.04 0.03666666666666667
0 0.16 0.7616666666666667 0.06666666666666667 0.030000000000000002
0 0.11333333333333334 0.8 0.04 0.02666666666666667
0 0.09000000000000001 0.8350000000000001 0.02 0.023333333333333334
0 0.08666666666666667 0.8766666666666667 0.05333333333333334 0.02666666666666667
0 0.03833333333333334 0.9283333333333333 0.030000000000000002 0.05
