0 0.25833333333333336 0.5933333333333334 0.03666666666666667 0.03333333333333333
0 0.4066666666666667 0.7416666666666667 0.04 0.023333333333333334
0 0.4466666666666667 0.7633333333333334 0.03333333333333333 0.02
0 0.48500000000000004 0.795 0.03666666666666667 0.023333333333333334
0 0.5333333333333333 0.7983333333333333 0.02666666666666667 0.023333333333333334
0 0.555 0.8250000000000001 0.023333333333333334 0.016666666666666666
0 0.5850000000000001 0.8500000000000001 0.016666666666666666 0.02
0 0.61 0.8733333333333334 0.02 0.013333333333333334
0 0.6416666666666667 0.895 0.016666666666666666 0.016666666666666666
0 0.5833333333333334 0.7933333333333333 0.02 0.02
0 0.6000000000000001 0.8133333333333334 0.013333333333333334 0.013333333333333334
0 0.62 0.8366666666666667 0.013333333333333334 0.013333333333333334
0 0.645 0.8583333333333334 0.016666666666666666 0.01
0 0.6333333333333334 0.6533333333333333 0.02666666666666667 0.02
0 0.7083333333333334 0.7250000000000001 0.016666666666666666 0.01
0 0.7333333333333334 0.745 0.02 0.01
