0 0.395 0.25333333333333335 0.07 0.11333333333333334
0 0.40166666666666667 0.685 0.11666666666666667 0.6233333333333334
0 0.155 0.17500000000000002 0.05666666666666667 0.09666666666666668
0 0.165 0.03333333333333333 0.016666666666666666 0.02
0 0.2 0.30833333333333335 0.02666666666666667 0.043333333333333335
0 0.21333333333333335 0.35333333333333333 0.02 0.03333333333333333
0 0.52 0.935 0.10666666666666667 0.12333333333333334
0 0.8933333333333334 0.8083333333333333 0.05333333333333334 0.3566666666666667
0 0.8150000000000001 0.8933333333333334 0.08333333333333334 0.2066666666666667
0 0.7233333333333334 0.9400000000000001 0.10666666666666667 0.11333333333333334
0 0.81 0.04833333333333334 0.04666666666666667 0.09666666666666668
0 0.8716666666666667 0.14500000000000002 0.08333333333333334 0.07666666666666667
0 0.895 0.29500000000000004 0.08333333333333334 0.21000000000000002
0 0.9016666666666667 0.5283333333333333 0.05666666666666667 0.21666666666666667
0 0.785 0.53 0.016666666666666666 0.013333333333333334
0 0.8016666666666667 0.5483333333333333 0.030000000000000002 0.016666666666666666
0 0.76 0.5466666666666667 0.02 0.006666666666666667
0 0.7566666666666667 0.56 0.02666666666666667 0.006666666666666667
0 0.7216666666666667 0.5483333333333333 0.023333333333333334 0.01
0 0.7083333333333334 0.5583333333333333 0.023333333333333334 0.01
0 0.7483333333333334 0.5800000000000001 0.03666666666666667 0.02
0 0.6983333333333334 0.6333333333333334 0.023333333333333334 0.013333333333333334
0 0.7250000000000001 0.6483333333333334 0.016666666666666666 0.01
0 0.7483333333333334 0.655 0.016666666666666666 0.0033333333333333335
0 0.7133333333333334 0.7383333333333334 0.05333333333333334 0.01
0 0.6966666666666667 0.7516666666666667 0.04666666666666667 0.01
0 0.7133333333333334 0.7683333333333334 0.04 0.01
0 0.7250000000000001 0.78 0.016666666666666666 0.013333333333333334
0 0.7383333333333334 0.805 0.043333333333333335 0.016666666666666666
0 0.7250000000000001 0.8166666666666668 0.05 0.013333333333333334
0 0.7183333333333334 0.8300000000000001 0.030000000000000002 0.013333333333333334
0 0.6533333333333333 0.8216666666666668 0.04 0.01
0 0.5983333333333334 0.8516666666666667 0.03666666666666667 0.01
0 0.5983333333333334 0.8983333333333334 0.03666666666666667 0.01
0 0.6116666666666667 0.9116666666666667 0.030000000000000002 0.016666666666666666
