0 0.10333333333333335 0.04 0.060000000000000005 0.03333333333333333
0 0.21333333333333335 0.10333333333333335 0.04666666666666667 0.04
0 0.26833333333333337 0.16666666666666669 0.030000000000000002 0.04
0 0.31833333333333336 0.2516666666666667 0.030000000000000002 0.030000000000000002
0 0.3666666666666667 0.305 0.02666666666666667 0.03666666666666667
0 0.4033333333333334 0.3716666666666667 0.02666666666666667 0.03666666666666667
0 0.45833333333333337 0.45 0.043333333333333335 0.04
0 0.5033333333333334 0.5116666666666667 0.02666666666666667 0.03666666666666667
0 0.545 0.5916666666666667 0.043333333333333335 0.07666666666666667
0 0.6083333333333334 0.6883333333333334 0.05 0.030000000000000002
0 0.6633333333333333 0.7516666666666667 0.02 0.030000000000000002
0 0.7083333333333334 0.7983333333333333 0.023333333333333334 0.023333333333333334
0 0.7466666666666667 0.8500000000000001 0.02666666666666667 0.04
0 0.78 0.9133333333333334 0.02666666666666667 0.04666666666666667
0 0.785 0.7733333333333334 0.016666666666666666 0.02
0 0.8233333333333334 0.7933333333333333 0.02 0.02666666666666667
0 0.805 0.8283333333333334 0.016666666666666666 0.016666666666666666
0 0.6366666666666667 0.5800000000000001 0.02 0.02
0 0.6533333333333333 0.6083333333333334 0.013333333333333334 0.023333333333333334
0 0.6766666666666667 0.6316666666666667 0.02 0.016666666666666666
0 0.7183333333333334 0.7116666666666667 0.01 0.016666666666666666
0 0.3983333333333334 0.24833333333333335 0.023333333333333334 0.023333333333333334
0 0.44833333333333336 0.29833333333333334 0.016666666666666666 0.023333333333333334
0 0.47000000000000003 0.32333333333333336 0.013333333333333334 0.02
0 0.4916666666666667 0.3566666666666667 0.016666666666666666 0.02666666666666667
0 0.5 0.38833333333333336 0.013333333333333334 0.016666666666666666
0 0.5233333333333333 0.42333333333333334 0.02 0.02666666666666667
0 0.5466666666666667 0.43833333333333335 0.013333333333333334 0.016666666666666666
0 0.5633333333333334 0.46 0.006666666666666667 0.013333333333333334
