0 0.49000000000000005 0.07500000000000001 0.02666666666666667 0.15000000000000002
0 0.5033333333333334 0.21666666666666667 0.02666666666666667 0.08666666666666667
0 0.505 0.29000000000000004 0.016666666666666666 0.04666666666666667
0 0.5116666666666667 0.4516666666666667 0.03666666666666667 0.24333333333333335
0 0.5233333333333333 0.8033333333333333 0.04666666666666667 0.37333333333333335
0 0.30833333333333335 0.08 0.03666666666666667 0.15333333333333335
0 0.32 0.2366666666666667 0.03333333333333333 0.14666666666666667
0 0.335 0.36333333333333334 0.023333333333333334 0.09333333333333334
0 0.31 0.3716666666666667 0.02 0.03666666666666667
0 0.33666666666666667 0.43333333333333335 0.013333333333333334 0.03333333333333333
0 0.3383333333333334 0.5733333333333334 0.030000000000000002 0.22
0 0.36000000000000004 0.7683333333333334 0.02666666666666667 0.15000000000000002
0 0.38833333333333336 0.9216666666666667 0.023333333333333334 0.15000000000000002
0 0.33333333333333337 0.9233333333333333 0.02666666666666667 0.13333333333333333
0 0.305 0.7150000000000001 0.030000000000000002 0.09000000000000001
0 0.32 0.7983333333333333 0.02 0.06333333333333334
0 0.29000000000000004 0.5933333333333334 0.02 0.10666666666666667
0 0.27666666666666667 0.4816666666666667 0.013333333333333334 0.08333333333333334
0 0.2566666666666667 0.3516666666666667 0.02 0.12333333333333334
0 0.2366666666666667 0.13 0.02 0.24666666666666667
