0 0.26166666666666666 0.018333333333333333 0.05 0.03666666666666667
0 0.29000000000000004 0.07166666666666667 0.060000000000000005 0.043333333333333335
0 0.31833333333333336 0.10666666666666667 0.016666666666666666 0.02
0 0.3466666666666667 0.165 0.03333333333333333 0.05666666666666667
0 0.37833333333333335 0.23833333333333334 0.03666666666666667 0.08333333333333334
0 0.41833333333333333 0.33166666666666667 0.05 0.07
0 0.45833333333333337 0.4083333333333334 0.05 0.07666666666666667
0 0.49333333333333335 0.4783333333333334 0.02666666666666667 0.043333333333333335
0 0.525 0.5366666666666667 0.043333333333333335 0.06666666666666667
0 0.5733333333333334 0.615 0.04 0.06333333333333334
0 0.615 0.6900000000000001 0.030000000000000002 0.05333333333333334
0 0.6466666666666667 0.75 0.02 0.02666666666666667
0 0.6783333333333333 0.8016666666666667 0.030000000000000002 0.03666666666666667
0 0.7200000000000001 0.8583333333333334 0.03333333333333333 0.05666666666666667
0 0.7466666666666667 0.8933333333333334 0.013333333333333334 0.02
0 0.8166666666666668 0.9633333333333334 0.13333333333333333 0.06666666666666667
0 0.9066666666666667 0.9433333333333334 0.04 0.08
0 0.8616666666666667 0.8450000000000001 0.043333333333333335 0.05666666666666667
0 0.7883333333333333 0.6833333333333333 0.03666666666666667 0.06666666666666667
0 0.8233333333333334 0.7383333333333334 0.013333333333333334 0.023333333333333334
0 0.8450000000000001 0.78 0.023333333333333334 0.03333333333333333
0 0.7316666666666667 0.61 0.03666666666666667 0.03333333333333333
0 0.7716666666666667 0.6316666666666667 0.016666666666666666 0.016666666666666666
0 0.6833333333333333 0.5416666666666667 0.04 0.05
0 0.63 0.48000000000000004 0.04666666666666667 0.05333333333333334
0 0.6083333333333334 0.4033333333333334 0.043333333333333335 0.060000000000000005
0 0.5083333333333334 0.2566666666666667 0.016666666666666666 0.02666666666666667
0 0.5383333333333333 0.29333333333333333 0.016666666666666666 0.02
0 0.5700000000000001 0.325 0.02 0.023333333333333334
0 0.4866666666666667 0.12333333333333334 0.02666666666666667 0.04
0 0.5033333333333334 0.18500000000000003 0.02 0.07666666666666667
