0 0.36500000000000005 0.16166666666666668 0.05 0.07
0 0.3983333333333334 0.24000000000000002 0.06333333333333334 0.06666666666666667
0 0.43000000000000005 0.32 0.08666666666666667 0.07333333333333333
0 0.4666666666666667 0.4033333333333334 0.05333333333333334 0.08
0 0.48000000000000004 0.5266666666666667 0.07333333333333333 0.14
0 0.5166666666666667 0.65 0.05333333333333334 0.12000000000000001
0 0.56 0.745 0.08 0.09000000000000001
0 0.5983333333333334 0.8383333333333334 0.06333333333333334 0.09000000000000001
0 0.65 0.9383333333333334 0.08666666666666667 0.11666666666666667
0 0.7033333333333334 0.3983333333333334 0.04 0.09666666666666668
0 0.7133333333333334 0.48833333333333334 0.02666666666666667 0.07666666666666667
0 0.7016666666666667 0.5666666666666667 0.03666666666666667 0.04
0 0.7383333333333334 0.61 0.043333333333333335 0.04
0 0.7716666666666667 0.6566666666666667 0.03666666666666667 0.04666666666666667
0 0.8033333333333333 0.79 0.060000000000000005 0.18000000000000002
0 0.8366666666666667 0.9116666666666667 0.04666666666666667 0.043333333333333335
0 0.88 0.9700000000000001 0.05333333333333334 0.05333333333333334
0 0.34 0.915 0.03333333333333333 0.03666666666666667
0 0.36500000000000005 0.9566666666666668 0.023333333333333334 0.04
0 0.4 0.9866666666666667 0.03333333333333333 0.02
