0 0.38333333333333336 0.13 0.02 0.02
0 0.3166666666666667 0.455 0.02666666666666667 0.043333333333333335
0 0.32833333333333337 0.5033333333333334 0.030000000000000002 0.03333333333333333
0 0.43333333333333335 0.6733333333333333 0.03333333333333333 0.02666666666666667
0 0.4683333333333334 0.7050000000000001 0.03666666666666667 0.023333333333333334
0 0.49833333333333335 0.7383333333333334 0.030000000000000002 0.023333333333333334
0 0.5383333333333333 0.7633333333333334 0.023333333333333334 0.02
0 0.56 0.7533333333333334 0.02 0.02
0 0.5700000000000001 0.7783333333333334 0.006666666666666667 0.016666666666666666
0 0.5766666666666667 0.8033333333333333 0.013333333333333334 0.013333333333333334
0 0.61 0.7616666666666667 0.02 0.023333333333333334
0 0.625 0.7983333333333333 0.016666666666666666 0.01
0 0.65 0.8283333333333334 0.02 0.023333333333333334
0 0.5933333333333334 0.8250000000000001 0.02 0.016666666666666666
0 0.6166666666666667 0.8500000000000001 0.02 0.02
0 0.6566666666666667 0.8766666666666667 0.02 0.02666666666666667
0 0.64 0.56 0.02 0.02
0 0.665 0.5850000000000001 0.016666666666666666 0.030000000000000002
0 0.6983333333333334 0.6433333333333334 0.016666666666666666 0.02
0 0.7216666666666667 0.67 0.016666666666666666 0.02
0 0.7383333333333334 0.7016666666666667 0.016666666666666666 0.016666666666666666
0 0.7616666666666667 0.7333333333333334 0.01 0.02
