0 0.8116666666666668 0.095 0.05666666666666667 0.07
0 0.77 0.17333333333333334 0.060000000000000005 0.05333333333333334
0 0.7416666666666667 0.23 0.05 0.05333333333333334
0 0.7116666666666667 0.2866666666666667 0.043333333333333335 0.05333333333333334
0 0.675 0.34 0.05 0.04666666666666667
0 0.6433333333333334 0.395 0.04 0.05666666666666667
0 0.615 0.4416666666666667 0.030000000000000002 0.043333333333333335
0 0.5833333333333334 0.48333333333333334 0.03333333333333333 0.04666666666666667
0 0.5483333333333333 0.5266666666666667 0.030000000000000002 0.04666666666666667
0 0.5183333333333333 0.5616666666666666 0.023333333333333334 0.023333333333333334
