0 0.31333333333333335 0.465 0.02 0.023333333333333334
0 0.32833333333333337 0.5066666666666667 0.030000000000000002 0.03333333333333333
0 0.34 0.5483333333333333 0.02 0.023333333333333334
0 0.4316666666666667 0.6716666666666667 0.030000000000000002 0.030000000000000002
0 0.46 0.6966666666666667 0.02 0.02666666666666667
0 0.4866666666666667 0.7216666666666667 0.02666666666666667 0.030000000000000002
0 0.5166666666666667 0.745 0.03333333333333333 0.043333333333333335
0 0.56 0.7466666666666667 0.02 0.02666666666666667
0 0.5700000000000001 0.7833333333333334 0.02666666666666667 0.03333333333333333
0 0.6033333333333334 0.7783333333333334 0.02666666666666667 0.030000000000000002
0 0.6266666666666667 0.7833333333333334 0.013333333333333334 0.02
0 0.6016666666666667 0.8200000000000001 0.016666666666666666 0.02
0 0.6483333333333334 0.8183333333333334 0.01 0.023333333333333334
0 0.6633333333333333 0.8466666666666667 0.013333333333333334 0.02
0 0.6183333333333334 0.8466666666666667 0.023333333333333334 0.02
0 0.645 0.8716666666666667 0.016666666666666666 0.016666666666666666
0 0.6783333333333333 0.91 0.030000000000000002 0.04666666666666667
0 0.7116666666666667 0.9233333333333333 0.01 0.02666666666666667
0 0.6416666666666667 0.5583333333333333 0.016666666666666666 0.023333333333333334
0 0.6633333333333333 0.5933333333333334 0.02 0.02
0 0.7000000000000001 0.6416666666666667 0.013333333333333334 0.016666666666666666
0 0.7216666666666667 0.6633333333333333 0.023333333333333334 0.02666666666666667
