0 0.325 0.49833333333333335 0.016666666666666666 0.030000000000000002
0 0.34 0.5416666666666667 0.02 0.023333333333333334
0 0.42833333333333334 0.6716666666666667 0.030000000000000002 0.030000000000000002
0 0.4666666666666667 0.7016666666666667 0.02666666666666667 0.023333333333333334
0 0.49333333333333335 0.7316666666666667 0.02666666666666667 0.023333333333333334
0 0.5333333333333333 0.7616666666666667 0.03333333333333333 0.030000000000000002
0 0.5566666666666668 0.75 0.02 0.02666666666666667
0 0.5700000000000001 0.775 0.013333333333333334 0.016666666666666666
0 0.5783333333333334 0.8016666666666667 0.016666666666666666 0.023333333333333334
0 0.6033333333333334 0.8333333333333334 0.02 0.02
0 0.6083333333333334 0.75 0.016666666666666666 0.02
0 0.6216666666666667 0.7833333333333334 0.016666666666666666 0.02
0 0.64 0.8066666666666668 0.02 0.02
0 0.6616666666666667 0.8366666666666667 0.023333333333333334 0.02666666666666667
0 0.6366666666666667 0.8650000000000001 0.02666666666666667 0.03666666666666667
0 0.6666666666666667 0.8933333333333334 0.013333333333333334 0.02
0 0.6933333333333334 0.9033333333333334 0.02 0.02
0 0.7016666666666667 0.93 0.023333333333333334 0.013333333333333334
0 0.7250000000000001 0.9400000000000001 0.016666666666666666 0.02666666666666667
0 0.645 0.5683333333333334 0.030000000000000002 0.030000000000000002
0 0.6716666666666667 0.5983333333333334 0.023333333333333334 0.023333333333333334
0 0.7016666666666667 0.6466666666666667 0.016666666666666666 0.02
0 0.7250000000000001 0.67 0.023333333333333334 0.02
0 0.7466666666666667 0.7100000000000001 0.013333333333333334 0.013333333333333334
0 0.7633333333333334 0.7316666666666667 0.013333333333333334 0.01
0 0.785 0.7566666666666667 0.016666666666666666 0.02
0 0.3866666666666667 0.125 0.02 0.016666666666666666
