0 0.49000000000000005 0.19833333333333333 0.02666666666666667 0.023333333333333334
0 0.5216666666666667 0.21500000000000002 0.016666666666666666 0.01
0 0.5533333333333333 0.22833333333333336 0.02666666666666667 0.01
0 0.5883333333333334 0.25333333333333335 0.023333333333333334 0.013333333333333334
0 0.7233333333333334 0.38833333333333336 0.03333333333333333 0.030000000000000002
0 0.325 0.08166666666666667 0.023333333333333334 0.016666666666666666
0 0.3516666666666667 0.09833333333333334 0.016666666666666666 0.01
0 0.375 0.12333333333333334 0.016666666666666666 0.006666666666666667
0 0.4083333333333334 0.155 0.023333333333333334 0.016666666666666666
0 0.4416666666666667 0.17500000000000002 0.016666666666666666 0.01
0 0.465 0.2 0.023333333333333334 0.013333333333333334
0 0.3383333333333334 0.125 0.030000000000000002 0.016666666666666666
0 0.35833333333333334 0.14333333333333334 0.016666666666666666 0.013333333333333334
0 0.3816666666666667 0.16333333333333333 0.016666666666666666 0.013333333333333334
0 0.3983333333333334 0.19333333333333336 0.01 0.02
0 0.35000000000000003 0.33166666666666667 0.02 0.023333333333333334
0 0.27166666666666667 0.2516666666666667 0.016666666666666666 0.023333333333333334
