0 0.3866666666666667 0.12666666666666668 0.02 0.013333333333333334
0 0.31333333333333335 0.45 0.02 0.02666666666666667
0 0.32666666666666666 0.5016666666666667 0.03333333333333333 0.030000000000000002
0 0.335 0.5383333333333333 0.023333333333333334 0.016666666666666666
0 0.43833333333333335 0.6783333333333333 0.043333333333333335 0.023333333333333334
0 0.4766666666666667 0.7150000000000001 0.02666666666666667 0.030000000000000002
0 0.505 0.7400000000000001 0.023333333333333334 0.02
0 0.5383333333333333 0.7633333333333334 0.023333333333333334 0.013333333333333334
0 0.5950000000000001 0.765 0.016666666666666666 0.01
0 0.62 0.7683333333333334 0.013333333333333334 0.016666666666666666
0 0.6033333333333334 0.7916666666666667 0.02 0.016666666666666666
0 0.63 0.7983333333333333 0.013333333333333334 0.016666666666666666
0 0.5650000000000001 0.785 0.023333333333333334 0.016666666666666666
0 0.615 0.8300000000000001 0.023333333333333334 0.02666666666666667
0 0.65 0.8333333333333334 0.02666666666666667 0.02
0 0.6533333333333333 0.885 0.02666666666666667 0.030000000000000002
0 0.7050000000000001 0.9233333333333333 0.016666666666666666 0.02666666666666667
0 0.64 0.5633333333333334 0.02 0.02
0 0.6633333333333333 0.5916666666666667 0.02 0.016666666666666666
0 0.45333333333333337 0.32833333333333337 0.006666666666666667 0.016666666666666666
0 0.4633333333333334 0.36000000000000004 0.006666666666666667 0.013333333333333334
0 0.4766666666666667 0.4083333333333334 0.006666666666666667 0.023333333333333334
0 0.48833333333333334 0.4566666666666667 0.0033333333333333335 0.013333333333333334
0 0.5083333333333334 0.5116666666666667 0.01 0.016666666666666666
0 0.5216666666666667 0.545 0.01 0.016666666666666666
0 0.5416666666666667 0.5833333333333334 0.016666666666666666 0.02
0 0.5566666666666668 0.62 0.013333333333333334 0.02
0 0.5750000000000001 0.66 0.01 0.013333333333333334
0 0.7216666666666667 0.665 0.01 0.016666666666666666
0 0.7383333333333334 0.7000000000000001 0.01 0.02
0 0.7583333333333334 0.7283333333333334 0.016666666666666666 0.016666666666666666
0 0.7833333333333334 0.7566666666666667 0.02 0.02
