0 0.03666666666666667 0.28500000000000003 0.006666666666666667 0.01
0 0.06833333333333334 0.315 0.016666666666666666 0.023333333333333334
0 0.15000000000000002 0.41833333333333333 0.02 0.023333333333333334
0 0.17833333333333334 0.4466666666666667 0.023333333333333334 0.02
0 0.018333333333333333 0.6216666666666667 0.023333333333333334 0.016666666666666666
0 0.04166666666666667 0.6466666666666667 0.016666666666666666 0.013333333333333334
0 0.06333333333333334 0.6783333333333333 0.013333333333333334 0.016666666666666666
0 0.09000000000000001 0.7200000000000001 0.02 0.02
0 0.021666666666666667 0.7116666666666667 0.023333333333333334 0.023333333333333334
0 0.06666666666666667 0.7633333333333334 0.02666666666666667 0.02666666666666667
0 0.12000000000000001 0.8066666666666668 0.02 0.02
0 0.14333333333333334 0.795 0.02 0.03666666666666667
0 0.18166666666666667 0.8650000000000001 0.043333333333333335 0.05666666666666667
