0 0.24833333333333335 0.61 0.05 0.07333333333333333
0 0.2966666666666667 0.5700000000000001 0.04 0.08
0 0.35833333333333334 0.7183333333333334 0.05 0.19
0 0.4166666666666667 0.7133333333333334 0.06666666666666667 0.18666666666666668
0 0.5133333333333334 0.745 0.11333333333333334 0.1366666666666667
0 0.4866666666666667 0.6483333333333334 0.04666666666666667 0.05666666666666667
0 0.6283333333333334 0.795 0.09666666666666668 0.08333333333333334
0 0.8433333333333334 0.7466666666666667 0.29333333333333333 0.11333333333333334
0 0.8333333333333334 0.625 0.03333333333333333 0.11
0 0.39666666666666667 0.2833333333333333 0.060000000000000005 0.04
0 0.3066666666666667 0.23333333333333334 0.05333333333333334 0.04666666666666667
0 0.9016666666666667 0.6133333333333334 0.07 0.14
