0 0.33166666666666667 0.06333333333333334 0.030000000000000002 0.1
0 0.36000000000000004 0.17 0.03333333333333333 0.08
0 0.38333333333333336 0.23833333333333334 0.013333333333333334 0.023333333333333334
0 0.4116666666666667 0.29500000000000004 0.023333333333333334 0.06333333333333334
0 0.4416666666666667 0.38 0.03666666666666667 0.060000000000000005
0 0.4683333333333334 0.47000000000000003 0.023333333333333334 0.04
0 0.51 0.5433333333333333 0.03333333333333333 0.06666666666666667
0 0.5583333333333333 0.645 0.05 0.10333333333333335
0 0.61 0.7433333333333334 0.04666666666666667 0.08
0 0.6466666666666667 0.8400000000000001 0.04 0.06666666666666667
0 0.685 0.9450000000000001 0.03666666666666667 0.10333333333333335
0 0.61 0.07666666666666667 0.12000000000000001 0.14666666666666667
0 0.64 0.225 0.10666666666666667 0.14333333333333334
0 0.685 0.36000000000000004 0.09666666666666668 0.10666666666666667
0 0.7166666666666667 0.4716666666666667 0.060000000000000005 0.09666666666666668
0 0.66 0.4866666666666667 0.04666666666666667 0.05333333333333334
0 0.6933333333333334 0.5716666666666667 0.04666666666666667 0.08333333333333334
0 0.7216666666666667 0.6783333333333333 0.05666666666666667 0.07666666666666667
0 0.7483333333333334 0.5800000000000001 0.043333333333333335 0.08666666666666667
0 0.7866666666666667 0.6950000000000001 0.060000000000000005 0.11
0 0.785 0.7883333333333333 0.05666666666666667 0.05666666666666667
0 0.8366666666666667 0.7816666666666667 0.03333333333333333 0.05666666666666667
0 0.8450000000000001 0.8666666666666667 0.07666666666666667 0.06666666666666667
0 0.8966666666666667 0.9516666666666668 0.07333333333333333 0.09000000000000001
0 0.6000000000000001 0.3716666666666667 0.05333333333333334 0.05
