0 0.7483333333333334 0.018333333333333333 0.030000000000000002 0.03666666666666667
0 0.7250000000000001 0.045000000000000005 0.016666666666666666 0.016666666666666666
0 0.7066666666666667 0.06666666666666667 0.013333333333333334 0.02
0 0.685 0.08333333333333334 0.01 0.006666666666666667
0 0.62 0.16333333333333333 0.02666666666666667 0.02
0 0.5950000000000001 0.20333333333333334 0.03666666666666667 0.02666666666666667
0 0.5083333333333334 0.29833333333333334 0.016666666666666666 0.023333333333333334
0 0.48333333333333334 0.32833333333333337 0.013333333333333334 0.016666666666666666
0 0.4633333333333334 0.35833333333333334 0.013333333333333334 0.016666666666666666
0 0.45333333333333337 0.38833333333333336 0.02 0.023333333333333334
0 0.43000000000000005 0.4116666666666667 0.006666666666666667 0.016666666666666666
0 0.4033333333333334 0.4316666666666667 0.013333333333333334 0.01
0 0.39 0.4566666666666667 0.013333333333333334 0.013333333333333334
0 0.3716666666666667 0.49000000000000005 0.016666666666666666 0.02
0 0.35500000000000004 0.5183333333333333 0.016666666666666666 0.016666666666666666
0 0.34 0.5433333333333333 0.013333333333333334 0.02
0 0.31833333333333336 0.5800000000000001 0.016666666666666666 0.013333333333333334
0 0.305 0.6050000000000001 0.01 0.016666666666666666
0 0.29000000000000004 0.63 0.013333333333333334 0.013333333333333334
0 0.28500000000000003 0.66 0.01 0.013333333333333334
0 0.26666666666666666 0.6916666666666668 0.013333333333333334 0.016666666666666666
0 0.25833333333333336 0.7166666666666667 0.016666666666666666 0.02
0 0.24333333333333335 0.7400000000000001 0.013333333333333334 0.006666666666666667
0 0.2366666666666667 0.7683333333333334 0.02 0.023333333333333334
0 0.22166666666666668 0.8066666666666668 0.016666666666666666 0.013333333333333334
0 0.34833333333333333 0.9750000000000001 0.12333333333333334 0.043333333333333335
0 0.3066666666666667 0.9316666666666668 0.08 0.030000000000000002
0 0.7216666666666667 0.23500000000000001 0.01 0.016666666666666666
0 0.7083333333333334 0.265 0.016666666666666666 0.016666666666666666
0 0.6966666666666667 0.2916666666666667 0.006666666666666667 0.016666666666666666
0 0.7066666666666667 0.32333333333333336 0.013333333333333334 0.013333333333333334
0 0.6950000000000001 0.35500000000000004 0.01 0.016666666666666666
0 0.68 0.39666666666666667 0.006666666666666667 0.02
0 0.665 0.4216666666666667 0.01 0.016666666666666666
0 0.6133333333333334 0.5033333333333334 0.006666666666666667 0.006666666666666667
