0 0.3016666666666667 0.025 0.043333333333333335 0.03666666666666667
0 0.34500000000000003 0.06166666666666667 0.023333333333333334 0.023333333333333334
0 0.35833333333333334 0.12333333333333334 0.05 0.04
0 0.38333333333333336 0.17500000000000002 0.05333333333333334 0.043333333333333335
0 0.42833333333333334 0.23 0.05 0.05333333333333334
0 0.46166666666666667 0.2816666666666667 0.05666666666666667 0.05
0 0.49833333333333335 0.335 0.043333333333333335 0.05666666666666667
0 0.5416666666666667 0.3983333333333334 0.06333333333333334 0.05666666666666667
0 0.5716666666666667 0.46 0.043333333333333335 0.04666666666666667
0 0.6083333333333334 0.5216666666666667 0.043333333333333335 0.05666666666666667
0 0.6466666666666667 0.5816666666666667 0.03333333333333333 0.043333333333333335
0 0.6766666666666667 0.635 0.02666666666666667 0.05
0 0.7066666666666667 0.6883333333333334 0.02 0.03666666666666667
0 0.7300000000000001 0.75 0.060000000000000005 0.06666666666666667
0 0.7666666666666667 0.8083333333333333 0.03333333333333333 0.043333333333333335
0 0.8033333333333333 0.8683333333333334 0.05333333333333334 0.06333333333333334
0 0.8533333333333334 0.9366666666666668 0.02666666666666667 0.04666666666666667
0 0.9 0.9750000000000001 0.02 0.030000000000000002
0 0.06833333333333334 0.04166666666666667 0.07 0.06333333333333334
0 0.10833333333333334 0.10666666666666667 0.030000000000000002 0.04
0 0.12333333333333334 0.16166666666666668 0.02666666666666667 0.030000000000000002
0 0.15166666666666667 0.21666666666666667 0.030000000000000002 0.04
0 0.18166666666666667 0.2733333333333334 0.03666666666666667 0.04666666666666667
0 0.23500000000000001 0.33666666666666667 0.05666666666666667 0.04
0 0.2733333333333334 0.395 0.05333333333333334 0.03666666666666667
0 0.3166666666666667 0.45333333333333337 0.03333333333333333 0.03333333333333333
0 0.3516666666666667 0.5116666666666667 0.030000000000000002 0.030000000000000002
0 0.40166666666666667 0.5566666666666668 0.03666666666666667 0.04
0 0.43333333333333335 0.6050000000000001 0.02666666666666667 0.030000000000000002
0 0.4683333333333334 0.6716666666666667 0.043333333333333335 0.05666666666666667
0 0.5216666666666667 0.7466666666666667 0.05 0.05333333333333334
0 0.55 0.7966666666666667 0.03333333333333333 0.03333333333333333
0 0.5883333333333334 0.8533333333333334 0.03666666666666667 0.03333333333333333
0 0.6433333333333334 0.9 0.06666666666666667 0.05333333333333334
0 0.6983333333333334 0.9450000000000001 0.03666666666666667 0.043333333333333335
