0 0.6583333333333333 0.34 0.016666666666666666 0.02666666666666667
0 0.7216666666666667 0.325 0.01 0.016666666666666666
0 0.6933333333333334 0.33 0.013333333333333334 0.04
0 0.6516666666666667 0.41000000000000003 0.016666666666666666 0.02666666666666667
0 0.6733333333333333 0.3816666666666667 0.006666666666666667 0.023333333333333334
0 0.5750000000000001 0.5383333333333333 0.01 0.023333333333333334
0 0.5933333333333334 0.5533333333333333 0.02 0.03333333333333333
0 0.5966666666666667 0.6083333333333334 0.02 0.07
0 0.6333333333333334 0.5700000000000001 0.006666666666666667 0.13333333333333333
0 0.6266666666666667 0.6766666666666667 0.02 0.03333333333333333
