0 0.2783333333333334 0.6666666666666667 0.05 0.07333333333333333
0 0.32666666666666666 0.6066666666666667 0.04666666666666667 0.08
0 0.3866666666666667 0.7183333333333334 0.05333333333333334 0.17
0 0.44333333333333336 0.685 0.05333333333333334 0.13
0 0.48333333333333334 0.5766666666666667 0.1 0.06666666666666667
0 0.5133333333333334 0.6383333333333334 0.08 0.06333333333333334
0 0.5900000000000001 0.6466666666666667 0.060000000000000005 0.060000000000000005
0 0.6583333333333333 0.68 0.05666666666666667 0.05333333333333334
0 0.7316666666666667 0.6016666666666667 0.030000000000000002 0.17
0 0.77 0.5950000000000001 0.03333333333333333 0.1366666666666667
0 0.8416666666666667 0.5416666666666667 0.10333333333333335 0.043333333333333335
0 0.9466666666666668 0.5683333333333334 0.09333333333333334 0.07666666666666667
0 0.8216666666666668 0.5866666666666667 0.05666666666666667 0.03333333333333333
0 0.9783333333333334 0.46 0.03666666666666667 0.09333333333333334
0 0.9366666666666668 0.37333333333333335 0.04 0.07333333333333333
0 0.395 0.2783333333333334 0.023333333333333334 0.05
0 0.4266666666666667 0.255 0.013333333333333334 0.03666666666666667
0 0.6766666666666667 0.225 0.03333333333333333 0.03666666666666667
0 0.745 0.21500000000000002 0.023333333333333334 0.043333333333333335
0 0.8016666666666667 0.23500000000000001 0.016666666666666666 0.043333333333333335
0 0.8400000000000001 0.255 0.013333333333333334 0.030000000000000002
