0 0.16333333333333333 0.195 0.02 0.023333333333333334
0 0.2 0.22833333333333336 0.013333333333333334 0.01
0 0.24000000000000002 0.26333333333333336 0.013333333333333334 0.013333333333333334
0 0.27666666666666667 0.3016666666666667 0.013333333333333334 0.01
0 0.3116666666666667 0.33166666666666667 0.016666666666666666 0.01
0 0.3433333333333334 0.3566666666666667 0.013333333333333334 0.013333333333333334
0 0.3766666666666667 0.39 0.02 0.013333333333333334
0 0.4133333333333334 0.42500000000000004 0.04 0.030000000000000002
0 0.44333333333333336 0.44833333333333336 0.013333333333333334 0.01
0 0.465 0.4766666666666667 0.016666666666666666 0.013333333333333334
0 0.4916666666666667 0.5016666666666667 0.016666666666666666 0.016666666666666666
0 0.5216666666666667 0.535 0.01 0.01
0 0.5533333333333333 0.5666666666666667 0.02 0.02
0 0.6050000000000001 0.61 0.01 0.013333333333333334
0 0.6266666666666667 0.6483333333333334 0.02 0.016666666666666666
0 0.6633333333333333 0.68 0.02 0.013333333333333334
0 0.7083333333333334 0.7133333333333334 0.023333333333333334 0.013333333333333334
0 0.7400000000000001 0.75 0.013333333333333334 0.02
0 0.7716666666666667 0.7783333333333334 0.023333333333333334 0.023333333333333334
0 0.8083333333333333 0.8083333333333333 0.016666666666666666 0.023333333333333334
0 0.8383333333333334 0.8416666666666667 0.016666666666666666 0.016666666666666666
0 0.8600000000000001 0.8650000000000001 0.013333333333333334 0.016666666666666666
0 0.8866666666666667 0.8866666666666667 0.02 0.013333333333333334
0 0.9266666666666667 0.8983333333333334 0.02 0.0033333333333333335
0 0.77 0.6833333333333333 0.02 0.02666666666666667
0 0.8033333333333333 0.7166666666666667 0.02 0.02
0 0.8333333333333334 0.7416666666666667 0.02 0.01
0 0.8616666666666667 0.76 0.023333333333333334 0.02
0 0.895 0.79 0.016666666666666666 0.02
0 0.925 0.8183333333333334 0.023333333333333334 0.023333333333333334
0 0.9650000000000001 0.8483333333333334 0.03666666666666667 0.023333333333333334
0 0.45 0.34 0.013333333333333334 0.006666666666666667
0 0.4916666666666667 0.38333333333333336 0.016666666666666666 0.013333333333333334
0 0.5183333333333333 0.41000000000000003 0.01 0.013333333333333334
0 0.55 0.455 0.013333333333333334 0.016666666666666666
