0 0.385 0.4783333333333334 0.05 0.07
0 0.4083333333333334 0.5533333333333333 0.07666666666666667 0.07333333333333333
0 0.47000000000000003 0.5166666666666667 0.07333333333333333 0.11333333333333334
0 0.3983333333333334 0.6433333333333334 0.05666666666666667 0.09333333333333334
0 0.3716666666666667 0.7400000000000001 0.05 0.04
0 0.33333333333333337 0.7916666666666667 0.08 0.05
0 0.32833333333333337 0.37000000000000005 0.05666666666666667 0.06666666666666667
0 0.23833333333333334 0.27666666666666667 0.05666666666666667 0.03333333333333333
0 0.2733333333333334 0.32 0.02666666666666667 0.03333333333333333
0 0.17500000000000002 0.23500000000000001 0.05 0.05
