0 0.34833333333333333 0.03166666666666667 0.08333333333333334 0.06333333333333334
0 0.37000000000000005 0.10333333333333335 0.11333333333333334 0.060000000000000005
0 0.31833333333333336 0.19166666666666668 0.07666666666666667 0.10333333333333335
0 0.265 0.2783333333333334 0.05 0.05
0 0.22 0.32666666666666666 0.03333333333333333 0.03333333333333333
0 0.16833333333333333 0.3766666666666667 0.07 0.02666666666666667
0 0.13 0.43833333333333335 0.02666666666666667 0.05
0 0.14500000000000002 0.5233333333333333 0.14333333333333334 0.10666666666666667
0 0.07166666666666667 0.5983333333333334 0.05 0.03666666666666667
0 0.030000000000000002 0.6316666666666667 0.03333333333333333 0.030000000000000002
0 0.255 0.56 0.05 0.02666666666666667
0 0.4066666666666667 0.47000000000000003 0.060000000000000005 0.060000000000000005
0 0.3716666666666667 0.5316666666666667 0.05 0.05
0 0.32 0.5666666666666667 0.04 0.02666666666666667
0 0.45833333333333337 0.3383333333333334 0.07 0.12333333333333334
0 0.53 0.24833333333333335 0.09333333333333334 0.1366666666666667
0 0.6066666666666667 0.13333333333333333 0.15333333333333335 0.060000000000000005
