0 0.49333333333333335 0.03666666666666667 0.04 0.06666666666666667
0 0.5083333333333334 0.11333333333333334 0.030000000000000002 0.060000000000000005
0 0.52 0.18833333333333335 0.03333333333333333 0.06333333333333334
0 0.5633333333333334 0.2816666666666667 0.02666666666666667 0.08333333333333334
0 0.5916666666666667 0.37000000000000005 0.05 0.08
0 0.6366666666666667 0.4716666666666667 0.03333333333333333 0.09000000000000001
0 0.6783333333333333 0.5783333333333334 0.05 0.12333333333333334
0 0.7300000000000001 0.675 0.060000000000000005 0.11
0 0.775 0.7866666666666667 0.07666666666666667 0.09333333333333334
0 0.805 0.8766666666666667 0.030000000000000002 0.06666666666666667
0 0.8383333333333334 0.9500000000000001 0.030000000000000002 0.07333333333333333
0 0.7616666666666667 0.07166666666666667 0.12333333333333334 0.14333333333333334
0 0.7866666666666667 0.21500000000000002 0.09333333333333334 0.13
0 0.8616666666666667 0.2366666666666667 0.030000000000000002 0.07333333333333333
0 0.8216666666666668 0.3116666666666667 0.07666666666666667 0.05
0 0.8033333333333333 0.36500000000000005 0.16666666666666669 0.05
0 0.8450000000000001 0.42000000000000004 0.043333333333333335 0.04666666666666667
0 0.8450000000000001 0.4766666666666667 0.10333333333333335 0.060000000000000005
0 0.8566666666666667 0.55 0.08666666666666667 0.06666666666666667
0 0.8816666666666667 0.6233333333333334 0.08333333333333334 0.060000000000000005
0 0.905 0.6950000000000001 0.11666666666666667 0.07
0 0.9383333333333334 0.7866666666666667 0.11 0.07333333333333333
0 0.9700000000000001 0.8616666666666667 0.05333333333333334 0.05666666666666667
