0 0.4666666666666667 0.3916666666666667 0.02666666666666667 0.023333333333333334
0 0.4366666666666667 0.4133333333333334 0.013333333333333334 0.02
0 0.4116666666666667 0.43333333333333335 0.01 0.02
0 0.39 0.4516666666666667 0.006666666666666667 0.016666666666666666
0 0.37333333333333335 0.4766666666666667 0.006666666666666667 0.02
0 0.3466666666666667 0.49833333333333335 0.006666666666666667 0.016666666666666666
0 0.32 0.5216666666666667 0.006666666666666667 0.016666666666666666
0 0.29833333333333334 0.5466666666666667 0.01 0.02
0 0.26833333333333337 0.5783333333333334 0.01 0.016666666666666666
0 0.2566666666666667 0.6000000000000001 0.006666666666666667 0.013333333333333334
0 0.2316666666666667 0.6133333333333334 0.0033333333333333335 0.013333333333333334
0 0.21833333333333335 0.63 0.0033333333333333335 0.013333333333333334
0 0.2016666666666667 0.6483333333333334 0.016666666666666666 0.016666666666666666
0 0.17666666666666667 0.6766666666666667 0.013333333333333334 0.02
0 0.13166666666666668 0.7516666666666667 0.023333333333333334 0.030000000000000002
0 0.085 0.8283333333333334 0.043333333333333335 0.023333333333333334
0 0.18500000000000003 0.7616666666666667 0.016666666666666666 0.01
0 0.21833333333333335 0.7366666666666667 0.016666666666666666 0.006666666666666667
0 0.2366666666666667 0.7250000000000001 0.02 0.01
0 0.27 0.6966666666666667 0.006666666666666667 0.006666666666666667
0 0.40166666666666667 0.5566666666666668 0.023333333333333334 0.02
0 0.4316666666666667 0.535 0.016666666666666666 0.01
0 0.4566666666666667 0.51 0.013333333333333334 0.006666666666666667
0 0.4866666666666667 0.48333333333333334 0.013333333333333334 0.006666666666666667
0 0.51 0.46 0.013333333333333334 0.013333333333333334
