0 0.8683333333333334 0.3433333333333334 0.016666666666666666 0.02
0 0.12333333333333334 0.8683333333333334 0.05333333333333334 0.05
0 0.08666666666666667 0.9033333333333334 0.04 0.04
0 0.055 0.9316666666666668 0.030000000000000002 0.03666666666666667
0 0.16166666666666668 0.8616666666666667 0.023333333333333334 0.023333333333333334
0 0.18333333333333335 0.8450000000000001 0.02 0.016666666666666666
0 0.20500000000000002 0.8283333333333334 0.016666666666666666 0.016666666666666666
0 0.22666666666666668 0.81 0.02 0.013333333333333334
0 0.24000000000000002 0.7933333333333333 0.006666666666666667 0.006666666666666667
0 0.26 0.7783333333333334 0.02 0.016666666666666666
0 0.2783333333333334 0.7633333333333334 0.023333333333333334 0.013333333333333334
0 0.29833333333333334 0.7516666666666667 0.023333333333333334 0.023333333333333334
0 0.31333333333333335 0.7250000000000001 0.02 0.016666666666666666
0 0.3383333333333334 0.7083333333333334 0.023333333333333334 0.016666666666666666
0 0.3516666666666667 0.6950000000000001 0.023333333333333334 0.016666666666666666
0 0.36833333333333335 0.6766666666666667 0.023333333333333334 0.02
0 0.395 0.6533333333333333 0.016666666666666666 0.013333333333333334
0 0.4216666666666667 0.6166666666666667 0.023333333333333334 0.02666666666666667
0 0.44833333333333336 0.5950000000000001 0.016666666666666666 0.016666666666666666
0 0.4716666666666667 0.5716666666666667 0.023333333333333334 0.016666666666666666
0 0.49333333333333335 0.5533333333333333 0.02 0.02
0 0.5166666666666667 0.5366666666666667 0.013333333333333334 0.02
0 0.5333333333333333 0.5233333333333333 0.013333333333333334 0.013333333333333334
0 0.5516666666666667 0.505 0.016666666666666666 0.01
0 0.39666666666666667 0.5366666666666667 0.02666666666666667 0.02
0 0.37833333333333335 0.555 0.03666666666666667 0.016666666666666666
0 0.3516666666666667 0.5750000000000001 0.016666666666666666 0.023333333333333334
0 0.3383333333333334 0.5966666666666667 0.016666666666666666 0.02
0 0.315 0.6116666666666667 0.023333333333333334 0.016666666666666666
0 0.3016666666666667 0.6333333333333334 0.023333333333333334 0.02
0 0.28 0.65 0.02 0.02
0 0.26666666666666666 0.6733333333333333 0.013333333333333334 0.02
0 0.42000000000000004 0.5133333333333334 0.02666666666666667 0.02
0 0.44 0.49333333333333335 0.02 0.013333333333333334
