0 0.12833333333333335 0.125 0.03666666666666667 0.023333333333333334
0 0.17333333333333334 0.14666666666666667 0.02 0.013333333333333334
0 0.2066666666666667 0.1716666666666667 0.013333333333333334 0.016666666666666666
0 0.24333333333333335 0.2066666666666667 0.013333333333333334 0.013333333333333334
0 0.26833333333333337 0.23333333333333334 0.016666666666666666 0.02
0 0.2916666666666667 0.2566666666666667 0.016666666666666666 0.013333333333333334
0 0.32333333333333336 0.28 0.013333333333333334 0.013333333333333334
0 0.35833333333333334 0.30833333333333335 0.01 0.01
0 0.395 0.3383333333333334 0.01 0.01
0 0.43333333333333335 0.37000000000000005 0.006666666666666667 0.006666666666666667
0 0.4633333333333334 0.4066666666666667 0.013333333333333334 0.013333333333333334
0 0.48333333333333334 0.43333333333333335 0.013333333333333334 0.013333333333333334
0 0.515 0.4633333333333334 0.016666666666666666 0.013333333333333334
0 0.5383333333333333 0.4866666666666667 0.01 0.013333333333333334
0 0.225 0.275 0.023333333333333334 0.016666666666666666
0 0.25333333333333335 0.305 0.013333333333333334 0.01
0 0.2833333333333333 0.3383333333333334 0.013333333333333334 0.016666666666666666
0 0.3066666666666667 0.36333333333333334 0.013333333333333334 0.02
0 0.32833333333333337 0.39 0.01 0.013333333333333334
0 0.36000000000000004 0.42000000000000004 0.02 0.02
0 0.39 0.44833333333333336 0.013333333333333334 0.01
0 0.42333333333333334 0.4783333333333334 0.013333333333333334 0.016666666666666666
0 0.44833333333333336 0.5116666666666667 0.01 0.016666666666666666
0 0.4733333333333334 0.5383333333333333 0.013333333333333334 0.016666666666666666
0 0.5033333333333334 0.5716666666666667 0.02666666666666667 0.030000000000000002
