0 0.6883333333333334 0.12666666666666668 0.023333333333333334 0.02666666666666667
0 0.6383333333333334 0.17333333333333334 0.023333333333333334 0.02
0 0.6133333333333334 0.2016666666666667 0.02666666666666667 0.023333333333333334
0 0.5766666666666667 0.22833333333333336 0.02 0.016666666666666666
0 0.5466666666666667 0.25833333333333336 0.02 0.023333333333333334
0 0.49833333333333335 0.315 0.030000000000000002 0.03666666666666667
0 0.5 0.385 0.02666666666666667 0.030000000000000002
0 0.4366666666666667 0.3816666666666667 0.013333333333333334 0.030000000000000002
0 0.4666666666666667 0.33666666666666667 0.013333333333333334 0.013333333333333334
0 0.44333333333333336 0.45833333333333337 0.05333333333333334 0.03666666666666667
0 0.3983333333333334 0.5533333333333333 0.05 0.14
0 0.36500000000000005 0.6483333333333334 0.05666666666666667 0.07666666666666667
0 0.4516666666666667 0.6616666666666667 0.03666666666666667 0.11666666666666667
0 0.3866666666666667 0.7166666666666667 0.09333333333333334 0.03333333333333333
0 0.3383333333333334 0.75 0.07666666666666667 0.03333333333333333
