0 0.19166666666666668 0.07500000000000001 0.03666666666666667 0.023333333333333334
0 0.2316666666666667 0.155 0.030000000000000002 0.03666666666666667
0 0.3666666666666667 0.36000000000000004 0.03333333333333333 0.03333333333333333
0 0.4666666666666667 0.43500000000000005 0.03333333333333333 0.023333333333333334
0 0.51 0.45833333333333337 0.02666666666666667 0.023333333333333334
0 0.54 0.47000000000000003 0.013333333333333334 0.02
0 0.5666666666666667 0.48333333333333334 0.013333333333333334 0.02666666666666667
0 0.5966666666666667 0.5166666666666667 0.02666666666666667 0.02
0 0.6733333333333333 0.64 0.02666666666666667 0.02666666666666667
0 0.7016666666666667 0.6733333333333333 0.023333333333333334 0.02666666666666667
0 0.7416666666666667 0.7166666666666667 0.030000000000000002 0.02666666666666667
0 0.7366666666666667 0.6816666666666668 0.04 0.030000000000000002
0 0.78 0.7483333333333334 0.03333333333333333 0.03666666666666667
0 0.8516666666666667 0.7783333333333334 0.030000000000000002 0.023333333333333334
0 0.8933333333333334 0.805 0.02 0.023333333333333334
0 0.9316666666666668 0.8466666666666667 0.030000000000000002 0.03333333333333333
0 0.8183333333333334 0.7966666666666667 0.016666666666666666 0.013333333333333334
0 0.8516666666666667 0.8266666666666668 0.016666666666666666 0.013333333333333334
0 0.8933333333333334 0.8566666666666667 0.04 0.02666666666666667
0 0.935 0.8966666666666667 0.016666666666666666 0.04
0 0.64 0.625 0.02 0.016666666666666666
