0 0.8466666666666667 0.05 0.013333333333333334 0.02666666666666667
0 0.8316666666666667 0.12666666666666668 0.016666666666666666 0.03333333333333333
0 0.8066666666666668 0.18000000000000002 0.02 0.02666666666666667
0 0.8066666666666668 0.22333333333333336 0.02 0.03333333333333333
0 0.75 0.2833333333333333 0.013333333333333334 0.03333333333333333
0 0.7033333333333334 0.32833333333333337 0.013333333333333334 0.023333333333333334
0 0.6716666666666667 0.385 0.016666666666666666 0.016666666666666666
0 0.65 0.4066666666666667 0.013333333333333334 0.013333333333333334
0 0.625 0.42000000000000004 0.01 0.013333333333333334
0 0.5900000000000001 0.43833333333333335 0.013333333333333334 0.016666666666666666
0 0.5633333333333334 0.465 0.006666666666666667 0.01
0 0.5333333333333333 0.49500000000000005 0.02 0.016666666666666666
0 0.5 0.5183333333333333 0.006666666666666667 0.01
0 0.24666666666666667 0.7783333333333334 0.02 0.016666666666666666
0 0.29000000000000004 0.745 0.02666666666666667 0.01
0 0.3166666666666667 0.7150000000000001 0.02 0.016666666666666666
0 0.36833333333333335 0.6733333333333333 0.016666666666666666 0.013333333333333334
0 0.39666666666666667 0.6466666666666667 0.02 0.006666666666666667
0 0.47500000000000003 0.5800000000000001 0.023333333333333334 0.013333333333333334
0 0.51 0.55 0.02 0.02
