0 0.085 0.018333333333333333 0.023333333333333334 0.016666666666666666
0 0.12000000000000001 0.04666666666666667 0.02666666666666667 0.02
0 0.14666666666666667 0.06666666666666667 0.02666666666666667 0.013333333333333334
0 0.2016666666666667 0.12166666666666667 0.023333333333333334 0.023333333333333334
0 0.23 0.14500000000000002 0.013333333333333334 0.01
0 0.265 0.17 0.03666666666666667 0.02
0 0.305 0.18666666666666668 0.023333333333333334 0.006666666666666667
0 0.33 0.2066666666666667 0.02 0.02
0 0.35833333333333334 0.22333333333333336 0.016666666666666666 0.013333333333333334
0 0.39333333333333337 0.26 0.02 0.02
0 0.1716666666666667 0.24166666666666667 0.06333333333333334 0.030000000000000002
0 0.21333333333333335 0.27666666666666667 0.02 0.013333333333333334
0 0.2566666666666667 0.30833333333333335 0.02 0.016666666666666666
0 0.2916666666666667 0.32666666666666666 0.023333333333333334 0.02
0 0.3433333333333334 0.36000000000000004 0.02 0.013333333333333334
0 0.3766666666666667 0.38 0.02 0.013333333333333334
0 0.41500000000000004 0.4033333333333334 0.016666666666666666 0.013333333333333334
0 0.48333333333333334 0.4416666666666667 0.04 0.030000000000000002
0 0.5266666666666667 0.4733333333333334 0.04666666666666667 0.04
0 0.5566666666666668 0.5216666666666667 0.02666666666666667 0.03666666666666667
0 0.5950000000000001 0.5116666666666667 0.023333333333333334 0.03666666666666667
0 0.5983333333333334 0.5933333333333334 0.06333333333333334 0.05333333333333334
0 0.62 0.55 0.02666666666666667 0.02
0 0.6516666666666667 0.6166666666666667 0.03666666666666667 0.04666666666666667
0 0.7116666666666667 0.68 0.05666666666666667 0.05333333333333334
0 0.745 0.645 0.03666666666666667 0.030000000000000002
0 0.785 0.6883333333333334 0.030000000000000002 0.043333333333333335
0 0.7666666666666667 0.745 0.03333333333333333 0.03666666666666667
0 0.8416666666666667 0.77 0.043333333333333335 0.04
0 0.8416666666666667 0.8416666666666667 0.043333333333333335 0.023333333333333334
