0 0.125 0.30000000000000004 0.030000000000000002 0.04666666666666667
0 0.15333333333333335 0.34 0.03333333333333333 0.04
0 0.19 0.375 0.03333333333333333 0.03666666666666667
0 0.22666666666666668 0.4033333333333334 0.02666666666666667 0.03333333333333333
0 0.2566666666666667 0.44333333333333336 0.02666666666666667 0.03333333333333333
0 0.29000000000000004 0.4716666666666667 0.013333333333333334 0.023333333333333334
0 0.31333333333333335 0.48500000000000004 0.02666666666666667 0.03666666666666667
0 0.3433333333333334 0.5216666666666667 0.02 0.023333333333333334
0 0.37333333333333335 0.5383333333333333 0.02666666666666667 0.030000000000000002
0 0.3816666666666667 0.4916666666666667 0.030000000000000002 0.03666666666666667
0 0.4116666666666667 0.5583333333333333 0.05 0.030000000000000002
0 0.4566666666666667 0.5416666666666667 0.04 0.07
0 0.5033333333333334 0.5733333333333334 0.04 0.07333333333333333
0 0.5433333333333333 0.5883333333333334 0.04 0.07666666666666667
0 0.5833333333333334 0.5983333333333334 0.03333333333333333 0.09000000000000001
0 0.6333333333333334 0.61 0.060000000000000005 0.06666666666666667
0 0.7116666666666667 0.6050000000000001 0.043333333333333335 0.10333333333333335
0 0.75 0.6433333333333334 0.02666666666666667 0.07333333333333333
0 0.775 0.7000000000000001 0.03666666666666667 0.03333333333333333
0 0.8083333333333333 0.7416666666666667 0.030000000000000002 0.03666666666666667
