0 0.07666666666666667 0.043333333333333335 0.02 0.02
0 0.09666666666666668 0.07 0.02 0.02
0 0.12000000000000001 0.09333333333333334 0.013333333333333334 0.013333333333333334
0 0.14833333333333334 0.11333333333333334 0.016666666666666666 0.013333333333333334
0 0.18000000000000002 0.1366666666666667 0.013333333333333334 0.006666666666666667
0 0.19833333333333333 0.16333333333333333 0.01 0.006666666666666667
0 0.21333333333333335 0.19333333333333336 0.02 0.02
0 0.24333333333333335 0.22166666666666668 0.02 0.023333333333333334
0 0.31333333333333335 0.325 0.02 0.023333333333333334
0 0.35500000000000004 0.11666666666666667 0.016666666666666666 0.02
0 0.38333333333333336 0.14333333333333334 0.02666666666666667 0.02
0 0.41500000000000004 0.17 0.023333333333333334 0.02
0 0.44 0.19 0.02 0.013333333333333334
0 0.4683333333333334 0.22 0.016666666666666666 0.02
0 0.4916666666666667 0.24333333333333335 0.016666666666666666 0.02666666666666667
0 0.505 0.275 0.016666666666666666 0.016666666666666666
0 0.5333333333333333 0.2966666666666667 0.02 0.013333333333333334
0 0.5650000000000001 0.32 0.023333333333333334 0.02
0 0.5900000000000001 0.35333333333333333 0.02 0.03333333333333333
0 0.6183333333333334 0.4 0.03666666666666667 0.04
0 0.6833333333333333 0.49000000000000005 0.02 0.02
0 0.6916666666666668 0.5383333333333333 0.05666666666666667 0.05
0 0.7100000000000001 0.6566666666666667 0.060000000000000005 0.17333333333333334
0 0.6583333333333333 0.77 0.030000000000000002 0.03333333333333333
0 0.7166666666666667 0.775 0.02 0.023333333333333334
0 0.5516666666666667 0.4566666666666667 0.09000000000000001 0.006666666666666667
0 0.625 0.445 0.05 0.016666666666666666
0 0.68 0.43500000000000005 0.04 0.016666666666666666
0 0.455 0.4683333333333334 0.09666666666666668 0.01
0 0.36333333333333334 0.48833333333333334 0.07333333333333333 0.01
