0 0.32 0.22666666666666668 0.04666666666666667 0.04
0 0.36833333333333335 0.27666666666666667 0.043333333333333335 0.04666666666666667
0 0.41500000000000004 0.3166666666666667 0.03666666666666667 0.02666666666666667
0 0.44333333333333336 0.35833333333333334 0.02666666666666667 0.023333333333333334
0 0.4683333333333334 0.3983333333333334 0.07 0.05
0 0.515 0.43833333333333335 0.030000000000000002 0.030000000000000002
0 0.5483333333333333 0.4766666666666667 0.03666666666666667 0.04666666666666667
0 0.5883333333333334 0.5033333333333334 0.023333333333333334 0.03333333333333333
0 0.6183333333333334 0.5433333333333333 0.023333333333333334 0.03333333333333333
0 0.6466666666666667 0.5733333333333334 0.02666666666666667 0.02666666666666667
0 0.68 0.6016666666666667 0.02 0.030000000000000002
0 0.7150000000000001 0.6416666666666667 0.03666666666666667 0.03666666666666667
0 0.745 0.675 0.01 0.016666666666666666
0 0.7766666666666667 0.6916666666666668 0.02 0.023333333333333334
0 0.8 0.7183333333333334 0.02 0.023333333333333334
0 0.8316666666666667 0.7466666666666667 0.030000000000000002 0.02666666666666667
0 0.305 0.44333333333333336 0.03666666666666667 0.03333333333333333
0 0.34500000000000003 0.47500000000000003 0.023333333333333334 0.023333333333333334
