0 0.4066666666666667 0.45333333333333337 0.02666666666666667 0.02666666666666667
0 0.32833333333333337 0.43333333333333335 0.016666666666666666 0.02
0 0.36000000000000004 0.45833333333333337 0.03333333333333333 0.023333333333333334
0 0.4466666666666667 0.48333333333333334 0.02666666666666667 0.02
0 0.48833333333333334 0.5166666666666667 0.016666666666666666 0.02666666666666667
0 0.45833333333333337 0.51 0.016666666666666666 0.02
0 0.5016666666666667 0.5516666666666667 0.030000000000000002 0.023333333333333334
0 0.5466666666666667 0.5783333333333334 0.03333333333333333 0.03666666666666667
0 0.5850000000000001 0.6233333333333334 0.023333333333333334 0.02666666666666667
0 0.6233333333333334 0.68 0.03333333333333333 0.04
0 0.40166666666666667 0.51 0.016666666666666666 0.013333333333333334
0 0.4316666666666667 0.5283333333333333 0.016666666666666666 0.01
0 0.46166666666666667 0.5566666666666668 0.01 0.006666666666666667
0 0.4866666666666667 0.5783333333333334 0.013333333333333334 0.01
0 0.5266666666666667 0.615 0.02 0.016666666666666666
0 0.5566666666666668 0.6533333333333333 0.013333333333333334 0.013333333333333334
0 0.5850000000000001 0.6900000000000001 0.01 0.006666666666666667
0 0.6533333333333333 0.7416666666666667 0.02666666666666667 0.023333333333333334
0 0.6900000000000001 0.7416666666666667 0.02 0.016666666666666666
