0 0.3466666666666667 0.28833333333333333 0.013333333333333334 0.016666666666666666
0 0.2966666666666667 0.5866666666666667 0.03333333333333333 0.02666666666666667
0 0.4716666666666667 0.7400000000000001 0.03666666666666667 0.02
0 0.49000000000000005 0.7333333333333334 0.006666666666666667 0.006666666666666667
0 0.5083333333333334 0.7533333333333334 0.030000000000000002 0.03333333333333333
0 0.5483333333333333 0.775 0.03666666666666667 0.023333333333333334
0 0.5933333333333334 0.7933333333333333 0.04 0.03333333333333333
0 0.635 0.8116666666666668 0.03666666666666667 0.030000000000000002
0 0.6666666666666667 0.8416666666666667 0.02 0.016666666666666666
0 0.6983333333333334 0.8650000000000001 0.01 0.016666666666666666
0 0.6583333333333333 0.78 0.023333333333333334 0.02
0 0.6783333333333333 0.81 0.01 0.02
0 0.7083333333333334 0.8416666666666667 0.016666666666666666 0.023333333333333334
0 0.7266666666666667 0.8883333333333334 0.02 0.016666666666666666
0 0.7466666666666667 0.8733333333333334 0.013333333333333334 0.013333333333333334
0 0.7616666666666667 0.9133333333333334 0.023333333333333334 0.02
0 0.795 0.9166666666666667 0.016666666666666666 0.02666666666666667
0 0.6483333333333334 0.645 0.023333333333333334 0.016666666666666666
0 0.745 0.7316666666666667 0.023333333333333334 0.016666666666666666
