0 0.15666666666666668 0.7633333333333334 0.03333333333333333 0.03333333333333333
0 0.065 0.7983333333333333 0.023333333333333334 0.03666666666666667
0 0.11 0.77 0.05333333333333334 0.02666666666666667
0 0.35833333333333334 0.6133333333333334 0.03666666666666667 0.02666666666666667
0 0.4166666666666667 0.5416666666666667 0.02666666666666667 0.023333333333333334
0 0.43333333333333335 0.5216666666666667 0.02 0.016666666666666666
0 0.44333333333333336 0.5016666666666667 0.02 0.016666666666666666
0 0.4516666666666667 0.48333333333333334 0.016666666666666666 0.02
0 0.46166666666666667 0.465 0.023333333333333334 0.016666666666666666
0 0.4733333333333334 0.445 0.02 0.016666666666666666
0 0.48833333333333334 0.42333333333333334 0.016666666666666666 0.02
0 0.5083333333333334 0.41000000000000003 0.016666666666666666 0.02
0 0.5183333333333333 0.39 0.016666666666666666 0.02
0 0.6166666666666667 0.33666666666666667 0.04666666666666667 0.03333333333333333
0 0.6433333333333334 0.3116666666666667 0.04 0.03666666666666667
0 0.6766666666666667 0.2833333333333333 0.04 0.04
0 0.7083333333333334 0.255 0.043333333333333335 0.05
0 0.6216666666666667 0.3766666666666667 0.023333333333333334 0.02666666666666667
0 0.5966666666666667 0.4 0.02 0.02666666666666667
0 0.5866666666666667 0.43000000000000005 0.013333333333333334 0.02
0 0.5716666666666667 0.46 0.016666666666666666 0.02
0 0.555 0.4866666666666667 0.01 0.02
0 0.5383333333333333 0.5133333333333334 0.023333333333333334 0.02
0 0.75 0.21833333333333335 0.04 0.05666666666666667
