0 0.7016666666666667 0.05 0.03666666666666667 0.060000000000000005
0 0.6666666666666667 0.10833333333333334 0.05333333333333334 0.05666666666666667
0 0.635 0.15666666666666668 0.030000000000000002 0.03333333333333333
0 0.6000000000000001 0.19 0.02 0.02666666666666667
0 0.5766666666666667 0.21666666666666667 0.013333333333333334 0.02
0 0.5650000000000001 0.2366666666666667 0.01 0.013333333333333334
0 0.545 0.25833333333333336 0.016666666666666666 0.023333333333333334
0 0.5333333333333333 0.2866666666666667 0.013333333333333334 0.02
0 0.5183333333333333 0.305 0.016666666666666666 0.023333333333333334
0 0.48833333333333334 0.33166666666666667 0.023333333333333334 0.023333333333333334
0 0.47000000000000003 0.3616666666666667 0.02 0.023333333333333334
0 0.45333333333333337 0.395 0.013333333333333334 0.016666666666666666
0 0.6366666666666667 0.26666666666666666 0.04666666666666667 0.04
0 0.6883333333333334 0.23 0.043333333333333335 0.04666666666666667
0 0.5983333333333334 0.3166666666666667 0.05 0.04
0 0.5483333333333333 0.35333333333333333 0.01 0.02
0 0.5283333333333333 0.385 0.016666666666666666 0.023333333333333334
0 0.5183333333333333 0.41000000000000003 0.01 0.02
0 0.505 0.4366666666666667 0.01 0.02666666666666667
0 0.49000000000000005 0.4566666666666667 0.013333333333333334 0.02
0 0.47500000000000003 0.48000000000000004 0.023333333333333334 0.02666666666666667
0 0.45833333333333337 0.51 0.016666666666666666 0.02666666666666667
0 0.44833333333333336 0.5366666666666667 0.016666666666666666 0.02
0 0.43333333333333335 0.555 0.02 0.023333333333333334
0 0.4066666666666667 0.5833333333333334 0.03333333333333333 0.03333333333333333
0 0.38333333333333336 0.6133333333333334 0.02666666666666667 0.02666666666666667
0 0.3666666666666667 0.645 0.02 0.023333333333333334
0 0.34500000000000003 0.6633333333333333 0.030000000000000002 0.04
0 0.32 0.7033333333333334 0.02666666666666667 0.03333333333333333
0 0.28833333333333333 0.75 0.016666666666666666 0.02666666666666667
0 0.2566666666666667 0.7916666666666667 0.013333333333333334 0.023333333333333334
0 0.2016666666666667 0.7916666666666667 0.016666666666666666 0.023333333333333334
0 0.18000000000000002 0.8183333333333334 0.013333333333333334 0.016666666666666666
0 0.22833333333333336 0.8200000000000001 0.01 0.02666666666666667
0 0.21833333333333335 0.8583333333333334 0.023333333333333334 0.03666666666666667
0 0.155 0.8933333333333334 0.043333333333333335 0.04666666666666667
0 0.42333333333333334 0.42833333333333334 0.013333333333333334 0.023333333333333334
