0 0.62 0.42500000000000004 0.03333333333333333 0.043333333333333335
0 0.5950000000000001 0.47000000000000003 0.023333333333333334 0.03333333333333333
0 0.5683333333333334 0.505 0.016666666666666666 0.030000000000000002
0 0.13166666666666668 0.6283333333333334 0.05 0.016666666666666666
0 0.15833333333333335 0.6666666666666667 0.016666666666666666 0.02
0 0.10666666666666667 0.8016666666666667 0.04666666666666667 0.26333333333333336
0 0.16333333333333333 0.89 0.05333333333333334 0.04666666666666667
0 0.05666666666666667 0.9633333333333334 0.04666666666666667 0.060000000000000005
0 0.4566666666666667 0.7216666666666667 0.04666666666666667 0.030000000000000002
0 0.405 0.885 0.023333333333333334 0.03666666666666667
