0 0.165 0.27166666666666667 0.023333333333333334 0.016666666666666666
0 0.18500000000000003 0.29833333333333334 0.023333333333333334 0.023333333333333334
0 0.21500000000000002 0.33166666666666667 0.030000000000000002 0.030000000000000002
0 0.24333333333333335 0.3666666666666667 0.02666666666666667 0.02666666666666667
0 0.26833333333333337 0.39666666666666667 0.023333333333333334 0.02
0 0.2966666666666667 0.43500000000000005 0.03333333333333333 0.030000000000000002
0 0.32 0.4733333333333334 0.04 0.03333333333333333
0 0.35333333333333333 0.5133333333333334 0.04 0.04
0 0.36833333333333335 0.5566666666666668 0.030000000000000002 0.02666666666666667
0 0.3983333333333334 0.5933333333333334 0.030000000000000002 0.02666666666666667
0 0.42000000000000004 0.6333333333333334 0.03333333333333333 0.03333333333333333
0 0.46166666666666667 0.6733333333333333 0.023333333333333334 0.03333333333333333
0 0.48500000000000004 0.7150000000000001 0.016666666666666666 0.030000000000000002
0 0.5083333333333334 0.7533333333333334 0.023333333333333334 0.03333333333333333
0 0.5466666666666667 0.8216666666666668 0.04 0.05
0 0.5800000000000001 0.8633333333333334 0.02666666666666667 0.03333333333333333
0 0.6116666666666667 0.9066666666666667 0.023333333333333334 0.03333333333333333
0 0.6433333333333334 0.9583333333333334 0.02666666666666667 0.043333333333333335
