0 0.03833333333333334 0.03333333333333333 0.043333333333333335 0.02666666666666667
0 0.07333333333333333 0.07166666666666667 0.02 0.023333333333333334
0 0.11 0.12333333333333334 0.013333333333333334 0.02
0 0.1366666666666667 0.17333333333333334 0.02 0.02
0 0.17333333333333334 0.22333333333333336 0.02 0.03333333333333333
0 0.2066666666666667 0.275 0.02666666666666667 0.030000000000000002
0 0.255 0.31833333333333336 0.030000000000000002 0.030000000000000002
0 0.31 0.39 0.03333333333333333 0.05333333333333334
0 0.3566666666666667 0.4683333333333334 0.02666666666666667 0.023333333333333334
0 0.4166666666666667 0.535 0.05333333333333334 0.07
0 0.49000000000000005 0.5916666666666667 0.04666666666666667 0.05
0 0.545 0.655 0.043333333333333335 0.043333333333333335
0 0.6083333333333334 0.6966666666666667 0.05 0.05333333333333334
0 0.6633333333333333 0.7733333333333334 0.02 0.02
0 0.7066666666666667 0.7983333333333333 0.02 0.016666666666666666
0 0.7400000000000001 0.8383333333333334 0.02666666666666667 0.023333333333333334
0 0.7733333333333334 0.8683333333333334 0.02666666666666667 0.016666666666666666
0 0.81 0.8916666666666667 0.02 0.016666666666666666
0 0.8383333333333334 0.9166666666666667 0.016666666666666666 0.02
0 0.8733333333333334 0.9666666666666667 0.02 0.02666666666666667
