0 0.36000000000000004 0.2916666666666667 0.05333333333333334 0.06333333333333334
0 0.5283333333333333 0.18500000000000003 0.06333333333333334 0.11
0 0.8066666666666668 0.07166666666666667 0.04 0.043333333333333335
0 0.7766666666666667 0.11166666666666668 0.02666666666666667 0.030000000000000002
0 0.7416666666666667 0.14666666666666667 0.030000000000000002 0.03333333333333333
0 0.7166666666666667 0.18166666666666667 0.02666666666666667 0.030000000000000002
0 0.6966666666666667 0.24166666666666667 0.05333333333333334 0.06333333333333334
0 0.6566666666666667 0.29833333333333334 0.04666666666666667 0.043333333333333335
0 0.43500000000000005 0.3066666666666667 0.023333333333333334 0.02666666666666667
0 0.5233333333333333 0.31333333333333335 0.03333333333333333 0.02
0 0.6066666666666667 0.35333333333333333 0.013333333333333334 0.03333333333333333
0 0.45833333333333337 0.3983333333333334 0.016666666666666666 0.023333333333333334
0 0.49500000000000005 0.36000000000000004 0.016666666666666666 0.013333333333333334
0 0.3916666666666667 0.3566666666666667 0.016666666666666666 0.02
0 0.3516666666666667 0.49000000000000005 0.030000000000000002 0.060000000000000005
0 0.45833333333333337 0.6066666666666667 0.043333333333333335 0.060000000000000005
0 0.5133333333333334 0.7016666666666667 0.02666666666666667 0.03666666666666667
0 0.5483333333333333 0.7533333333333334 0.023333333333333334 0.03333333333333333
0 0.5933333333333334 0.785 0.02666666666666667 0.030000000000000002
0 0.6266666666666667 0.8383333333333334 0.02 0.043333333333333335
0 0.6766666666666667 0.8583333333333334 0.02 0.03666666666666667
0 0.5383333333333333 0.6133333333333334 0.030000000000000002 0.04
0 0.49500000000000005 0.49333333333333335 0.030000000000000002 0.03333333333333333
0 0.5216666666666667 0.43500000000000005 0.023333333333333334 0.01
0 0.5666666666666667 0.3666666666666667 0.02666666666666667 0.02666666666666667
0 0.5766666666666667 0.30000000000000004 0.02666666666666667 0.04
0 0.42500000000000004 0.4783333333333334 0.030000000000000002 0.030000000000000002
0 0.40166666666666667 0.4116666666666667 0.030000000000000002 0.043333333333333335
0 0.3916666666666667 0.5783333333333334 0.05 0.05666666666666667
