0 0.915 0.09000000000000001 0.043333333333333335 0.04
0 0.8366666666666667 0.12333333333333334 0.04 0.03333333333333333
0 0.8066666666666668 0.13166666666666668 0.02 0.016666666666666666
0 0.7766666666666667 0.15333333333333335 0.02 0.02
0 0.7466666666666667 0.17 0.02 0.013333333333333334
0 0.7316666666666667 0.18500000000000003 0.016666666666666666 0.016666666666666666
0 0.7133333333333334 0.20500000000000002 0.02 0.016666666666666666
0 0.6900000000000001 0.22166666666666668 0.02 0.023333333333333334
0 0.66 0.24166666666666667 0.02666666666666667 0.030000000000000002
0 0.5716666666666667 0.3016666666666667 0.03666666666666667 0.023333333333333334
0 0.6266666666666667 0.25333333333333335 0.03333333333333333 0.02
0 0.5533333333333333 0.3216666666666667 0.04 0.030000000000000002
0 0.5233333333333333 0.3416666666666667 0.03333333333333333 0.043333333333333335
0 0.48500000000000004 0.35500000000000004 0.043333333333333335 0.03666666666666667
0 0.4466666666666667 0.3716666666666667 0.04 0.03666666666666667
0 0.41500000000000004 0.3766666666666667 0.023333333333333334 0.02666666666666667
0 0.38833333333333336 0.3983333333333334 0.03666666666666667 0.030000000000000002
0 0.3566666666666667 0.4116666666666667 0.02 0.023333333333333334
0 0.335 0.4366666666666667 0.030000000000000002 0.03333333333333333
0 0.30333333333333334 0.455 0.02666666666666667 0.030000000000000002
0 0.2833333333333333 0.4716666666666667 0.02666666666666667 0.030000000000000002
0 0.26 0.49000000000000005 0.03333333333333333 0.02666666666666667
0 0.23333333333333334 0.5116666666666667 0.02666666666666667 0.030000000000000002
0 0.17500000000000002 0.5616666666666666 0.030000000000000002 0.03666666666666667
0 0.15166666666666667 0.5750000000000001 0.023333333333333334 0.023333333333333334
