0 0.9666666666666667 0.16166666666666668 0.060000000000000005 0.06333333333333334
0 0.9 0.18833333333333335 0.03333333333333333 0.030000000000000002
0 0.8583333333333334 0.2316666666666667 0.05 0.05
0 0.8216666666666668 0.27666666666666667 0.043333333333333335 0.02
0 0.7333333333333334 0.3466666666666667 0.03333333333333333 0.02666666666666667
0 0.6966666666666667 0.3816666666666667 0.02 0.023333333333333334
0 0.66 0.4116666666666667 0.03333333333333333 0.023333333333333334
0 0.6216666666666667 0.4366666666666667 0.016666666666666666 0.02
0 0.5933333333333334 0.46166666666666667 0.02666666666666667 0.023333333333333334
0 0.5333333333333333 0.4916666666666667 0.05333333333333334 0.023333333333333334
0 0.36000000000000004 0.62 0.07333333333333333 0.02
0 0.26833333333333337 0.6933333333333334 0.09000000000000001 0.02
0 0.20333333333333334 0.7216666666666667 0.05333333333333334 0.030000000000000002
0 0.15666666666666668 0.76 0.04 0.02666666666666667
0 0.12833333333333335 0.79 0.030000000000000002 0.03333333333333333
0 0.09833333333333334 0.8133333333333334 0.023333333333333334 0.02
0 0.07166666666666667 0.8366666666666667 0.01 0.013333333333333334
0 0.7250000000000001 0.09666666666666668 0.03666666666666667 0.04666666666666667
0 0.6866666666666668 0.1366666666666667 0.05333333333333334 0.04666666666666667
0 0.6233333333333334 0.16666666666666669 0.05333333333333334 0.03333333333333333
