0 0.2566666666666667 0.15166666666666667 0.05333333333333334 0.05
0 0.3433333333333334 0.31833333333333336 0.04666666666666667 0.07
0 0.42833333333333334 0.4316666666666667 0.03666666666666667 0.023333333333333334
0 0.5683333333333334 0.43000000000000005 0.030000000000000002 0.03333333333333333
0 0.4683333333333334 0.5800000000000001 0.09666666666666668 0.07333333333333333
0 0.5833333333333334 0.6533333333333333 0.060000000000000005 0.07333333333333333
0 0.5283333333333333 0.7350000000000001 0.016666666666666666 0.030000000000000002
0 0.49000000000000005 0.8383333333333334 0.02666666666666667 0.023333333333333334
0 0.41833333333333333 0.8650000000000001 0.01 0.016666666666666666
0 0.3566666666666667 0.895 0.02 0.023333333333333334
0 0.28 0.9216666666666667 0.013333333333333334 0.023333333333333334
0 0.19833333333333333 0.9550000000000001 0.030000000000000002 0.023333333333333334
