0 0.32666666666666666 0.07666666666666667 0.02 0.04
0 0.36333333333333334 0.14833333333333334 0.04 0.043333333333333335
0 0.4066666666666667 0.2066666666666667 0.013333333333333334 0.02666666666666667
0 0.44 0.27 0.02 0.03333333333333333
0 0.4783333333333334 0.325 0.01 0.01
0 0.5133333333333334 0.36833333333333335 0.013333333333333334 0.023333333333333334
0 0.5416666666666667 0.44 0.01 0.02
0 0.5516666666666667 0.4916666666666667 0.01 0.030000000000000002
0 0.5733333333333334 0.765 0.013333333333333334 0.016666666666666666
0 0.61 0.8350000000000001 0.013333333333333334 0.023333333333333334
0 0.635 0.925 0.016666666666666666 0.03666666666666667
