0 0.7633333333333334 0.09333333333333334 0.02666666666666667 0.03333333333333333
0 0.7250000000000001 0.15000000000000002 0.016666666666666666 0.03333333333333333
0 0.6783333333333333 0.22666666666666668 0.01 0.02
0 0.6483333333333334 0.2966666666666667 0.01 0.02666666666666667
0 0.61 0.35333333333333333 0.006666666666666667 0.02
0 0.5483333333333333 0.4116666666666667 0.0033333333333333335 0.030000000000000002
0 0.4166666666666667 0.47000000000000003 0.006666666666666667 0.02666666666666667
0 0.35833333333333334 0.535 0.023333333333333334 0.030000000000000002
0 0.3383333333333334 0.5950000000000001 0.01 0.016666666666666666
0 0.25 0.6216666666666667 0.006666666666666667 0.023333333333333334
0 0.2016666666666667 0.6716666666666667 0.01 0.023333333333333334
0 0.13833333333333334 0.6966666666666667 0.0033333333333333335 0.02
0 0.085 0.7316666666666667 0.01 0.016666666666666666
0 0.05166666666666667 0.7583333333333334 0.030000000000000002 0.016666666666666666
