0 0.33 0.2866666666666667 0.08 0.04666666666666667
0 0.3983333333333334 0.325 0.03666666666666667 0.03666666666666667
0 0.11166666666666668 0.2316666666666667 0.07 0.043333333333333335
0 0.26 0.3666666666666667 0.16 0.04666666666666667
0 0.3116666666666667 0.48333333333333334 0.11666666666666667 0.16
0 0.4083333333333334 0.49500000000000005 0.06333333333333334 0.08333333333333334
0 0.3666666666666667 0.5983333333333334 0.14666666666666667 0.043333333333333335
0 0.3166666666666667 0.6533333333333333 0.060000000000000005 0.06666666666666667
0 0.38833333333333336 0.7250000000000001 0.15000000000000002 0.09666666666666668
0 0.4216666666666667 0.885 0.09666666666666668 0.22333333333333336
0 0.5883333333333334 0.9383333333333334 0.03666666666666667 0.030000000000000002
0 0.7116666666666667 0.39666666666666667 0.05666666666666667 0.03333333333333333
0 0.745 0.43500000000000005 0.05666666666666667 0.03666666666666667
