0 0.515 0.45 0.01 0.013333333333333334
0 0.54 0.48333333333333334 0.02 0.02
0 0.5666666666666667 0.5066666666666667 0.02 0.013333333333333334
0 0.5966666666666667 0.535 0.02 0.016666666666666666
0 0.34833333333333333 0.2916666666666667 0.030000000000000002 0.023333333333333334
0 0.3866666666666667 0.3216666666666667 0.02666666666666667 0.023333333333333334
0 0.42000000000000004 0.3516666666666667 0.02666666666666667 0.023333333333333334
0 0.465 0.4066666666666667 0.030000000000000002 0.03333333333333333
0 0.49500000000000005 0.44 0.023333333333333334 0.02
0 0.6133333333333334 0.5666666666666667 0.02 0.02
0 0.645 0.5916666666666667 0.023333333333333334 0.023333333333333334
0 0.6733333333333333 0.62 0.02 0.02
0 0.6933333333333334 0.645 0.013333333333333334 0.016666666666666666
0 0.7183333333333334 0.6683333333333333 0.016666666666666666 0.016666666666666666
0 0.745 0.6900000000000001 0.01 0.013333333333333334
0 0.7783333333333334 0.7300000000000001 0.016666666666666666 0.02
0 0.8066666666666668 0.7583333333333334 0.02 0.016666666666666666
0 0.8333333333333334 0.795 0.013333333333333334 0.016666666666666666
0 0.8616666666666667 0.8266666666666668 0.023333333333333334 0.02666666666666667
0 0.17666666666666667 0.24166666666666667 0.006666666666666667 0.01
0 0.2 0.26833333333333337 0.013333333333333334 0.01
0 0.22166666666666668 0.2866666666666667 0.01 0.006666666666666667
0 0.2516666666666667 0.3116666666666667 0.016666666666666666 0.016666666666666666
0 0.2816666666666667 0.3466666666666667 0.01 0.006666666666666667
0 0.3016666666666667 0.3666666666666667 0.016666666666666666 0.013333333333333334
0 0.33 0.3866666666666667 0.02 0.013333333333333334
0 0.36833333333333335 0.43000000000000005 0.03666666666666667 0.02666666666666667
0 0.4 0.455 0.02666666666666667 0.023333333333333334
0 0.43500000000000005 0.49833333333333335 0.030000000000000002 0.023333333333333334
0 0.46166666666666667 0.5266666666666667 0.016666666666666666 0.013333333333333334
0 0.49500000000000005 0.5416666666666667 0.016666666666666666 0.016666666666666666
0 0.515 0.5700000000000001 0.030000000000000002 0.006666666666666667
0 0.545 0.5933333333333334 0.016666666666666666 0.02
0 0.5700000000000001 0.615 0.013333333333333334 0.016666666666666666
0 0.5916666666666667 0.6466666666666667 0.016666666666666666 0.013333333333333334
0 0.625 0.6716666666666667 0.016666666666666666 0.016666666666666666
0 0.6333333333333334 0.6533333333333333 0.006666666666666667 0.02
0 0.5966666666666667 0.665 0.013333333333333334 0.016666666666666666
0 0.6533333333333333 0.7033333333333334 0.013333333333333334 0.013333333333333334
0 0.6833333333333333 0.7266666666666667 0.02666666666666667 0.013333333333333334
0 0.7116666666666667 0.7533333333333334 0.016666666666666666 0.02
0 0.7400000000000001 0.78 0.02 0.013333333333333334
0 0.77 0.8066666666666668 0.02666666666666667 0.013333333333333334
0 0.8116666666666668 0.8383333333333334 0.023333333333333334 0.030000000000000002
0 0.88 0.8616666666666667 0.02666666666666667 0.023333333333333334
