0 0.18833333333333335 0.07333333333333333 0.030000000000000002 0.03333333333333333
0 0.21500000000000002 0.11166666666666668 0.023333333333333334 0.023333333333333334
0 0.24000000000000002 0.15833333333333335 0.04 0.03666666666666667
0 0.29333333333333333 0.2316666666666667 0.03333333333333333 0.023333333333333334
0 0.3116666666666667 0.265 0.016666666666666666 0.023333333333333334
0 0.335 0.30333333333333334 0.01 0.02
0 0.36833333333333335 0.35000000000000003 0.023333333333333334 0.03333333333333333
0 0.3916666666666667 0.37000000000000005 0.01 0.02
0 0.4516666666666667 0.42333333333333334 0.016666666666666666 0.013333333333333334
0 0.48000000000000004 0.4466666666666667 0.02 0.013333333333333334
0 0.5116666666666667 0.46 0.016666666666666666 0.013333333333333334
0 0.5466666666666667 0.4716666666666667 0.02 0.01
0 0.5866666666666667 0.505 0.02666666666666667 0.023333333333333334
0 0.6166666666666667 0.5316666666666667 0.02666666666666667 0.023333333333333334
0 0.6000000000000001 0.61 0.03333333333333333 0.02
0 0.6583333333333333 0.6383333333333334 0.043333333333333335 0.030000000000000002
0 0.6866666666666668 0.6633333333333333 0.02666666666666667 0.02
0 0.7233333333333334 0.6950000000000001 0.04666666666666667 0.03666666666666667
0 0.76 0.7316666666666667 0.04 0.030000000000000002
0 0.795 0.7716666666666667 0.023333333333333334 0.023333333333333334
0 0.8350000000000001 0.7666666666666667 0.023333333333333334 0.02
0 0.8733333333333334 0.8 0.03333333333333333 0.02666666666666667
0 0.9166666666666667 0.8333333333333334 0.02 0.02
0 0.8266666666666668 0.805 0.02 0.023333333333333334
0 0.8783333333333334 0.8483333333333334 0.030000000000000002 0.023333333333333334
0 0.9233333333333333 0.8783333333333334 0.02666666666666667 0.030000000000000002
