0 0.36500000000000005 0.10166666666666667 0.023333333333333334 0.023333333333333334
0 0.4083333333333334 0.14 0.023333333333333334 0.02666666666666667
0 0.43000000000000005 0.18166666666666667 0.02 0.030000000000000002
0 0.4716666666666667 0.23 0.03666666666666667 0.013333333333333334
0 0.5166666666666667 0.275 0.02 0.023333333333333334
0 0.5433333333333333 0.315 0.02666666666666667 0.023333333333333334
0 0.5650000000000001 0.34500000000000003 0.023333333333333334 0.023333333333333334
0 0.5983333333333334 0.38833333333333336 0.030000000000000002 0.030000000000000002
0 0.62 0.43333333333333335 0.02666666666666667 0.04
0 0.6266666666666667 0.49333333333333335 0.03333333333333333 0.05333333333333334
0 0.665 0.5416666666666667 0.023333333333333334 0.03666666666666667
0 0.6783333333333333 0.5716666666666667 0.023333333333333334 0.016666666666666666
0 0.7066666666666667 0.5950000000000001 0.02 0.016666666666666666
0 0.7416666666666667 0.6516666666666667 0.016666666666666666 0.030000000000000002
0 0.8633333333333334 0.8316666666666667 0.02666666666666667 0.03666666666666667
0 0.91 0.9133333333333334 0.03333333333333333 0.03333333333333333
