0 0.8450000000000001 0.023333333333333334 0.016666666666666666 0.02
0 0.8466666666666667 0.06333333333333334 0.013333333333333334 0.013333333333333334
0 0.8483333333333334 0.10500000000000001 0.016666666666666666 0.030000000000000002
0 0.8300000000000001 0.15333333333333335 0.02 0.02666666666666667
0 0.7966666666666667 0.18833333333333335 0.02666666666666667 0.05666666666666667
0 0.785 0.2366666666666667 0.01 0.02666666666666667
0 0.75 0.26833333333333337 0.013333333333333334 0.030000000000000002
0 0.7433333333333334 0.3066666666666667 0.006666666666666667 0.02666666666666667
0 0.6816666666666668 0.37833333333333335 0.016666666666666666 0.016666666666666666
0 0.6616666666666667 0.395 0.01 0.016666666666666666
0 0.6316666666666667 0.41500000000000004 0.016666666666666666 0.023333333333333334
0 0.5933333333333334 0.43333333333333335 0.02 0.02
0 0.5766666666666667 0.45833333333333337 0.013333333333333334 0.023333333333333334
0 0.55 0.4766666666666667 0.013333333333333334 0.02
0 0.5266666666666667 0.5033333333333334 0.013333333333333334 0.013333333333333334
0 0.5033333333333334 0.52 0.006666666666666667 0.013333333333333334
0 0.5183333333333333 0.5383333333333333 0.01 0.016666666666666666
0 0.48500000000000004 0.5616666666666666 0.01 0.016666666666666666
0 0.23333333333333334 0.785 0.013333333333333334 0.016666666666666666
0 0.26 0.775 0.02 0.01
0 0.2816666666666667 0.7583333333333334 0.016666666666666666 0.01
0 0.30333333333333334 0.7433333333333334 0.02666666666666667 0.013333333333333334
0 0.3383333333333334 0.7216666666666667 0.023333333333333334 0.0033333333333333335
0 0.36000000000000004 0.6816666666666668 0.02 0.01
0 0.38833333333333336 0.665 0.030000000000000002 0.01
0 0.43833333333333335 0.6266666666666667 0.03666666666666667 0.013333333333333334
0 0.4733333333333334 0.5900000000000001 0.02666666666666667 0.013333333333333334
