0 0.09333333333333334 0.02 0.02 0.013333333333333334
0 0.125 0.05166666666666667 0.03666666666666667 0.030000000000000002
0 0.20500000000000002 0.12166666666666667 0.016666666666666666 0.016666666666666666
0 0.2366666666666667 0.14666666666666667 0.02 0.013333333333333334
0 0.2833333333333333 0.17500000000000002 0.02666666666666667 0.016666666666666666
0 0.32333333333333336 0.195 0.02 0.016666666666666666
0 0.3566666666666667 0.22166666666666668 0.013333333333333334 0.016666666666666666
0 0.3916666666666667 0.26 0.016666666666666666 0.02
0 0.4466666666666667 0.305 0.03333333333333333 0.03666666666666667
0 0.49500000000000005 0.4366666666666667 0.043333333333333335 0.03333333333333333
0 0.5333333333333333 0.48333333333333334 0.03333333333333333 0.04666666666666667
0 0.5750000000000001 0.5666666666666667 0.043333333333333335 0.04666666666666667
0 0.6050000000000001 0.5166666666666667 0.03666666666666667 0.03333333333333333
0 0.6266666666666667 0.6033333333333334 0.02666666666666667 0.02666666666666667
0 0.6766666666666667 0.6166666666666667 0.02 0.02666666666666667
0 0.6816666666666668 0.6633333333333333 0.030000000000000002 0.03333333333333333
0 0.7350000000000001 0.665 0.023333333333333334 0.016666666666666666
0 0.765 0.6516666666666667 0.016666666666666666 0.023333333333333334
0 0.7266666666666667 0.7116666666666667 0.02 0.03666666666666667
0 0.775 0.6950000000000001 0.023333333333333334 0.016666666666666666
0 0.8133333333333334 0.7100000000000001 0.013333333333333334 0.04666666666666667
0 0.7616666666666667 0.75 0.023333333333333334 0.02666666666666667
0 0.8066666666666668 0.7933333333333333 0.02 0.02
0 0.8600000000000001 0.7866666666666667 0.013333333333333334 0.02
0 0.8600000000000001 0.8283333333333334 0.013333333333333334 0.023333333333333334
0 0.8400000000000001 0.8633333333333334 0.013333333333333334 0.02
0 0.4466666666666667 0.4366666666666667 0.02 0.02
