0 0.31333333333333335 0.21333333333333335 0.02666666666666667 0.02666666666666667
0 0.35000000000000003 0.2516666666666667 0.02666666666666667 0.030000000000000002
0 0.37833333333333335 0.28500000000000003 0.023333333333333334 0.016666666666666666
0 0.41500000000000004 0.31833333333333336 0.016666666666666666 0.016666666666666666
0 0.44 0.34500000000000003 0.013333333333333334 0.016666666666666666
0 0.45333333333333337 0.39 0.05333333333333334 0.04666666666666667
0 0.5066666666666667 0.4316666666666667 0.03333333333333333 0.03666666666666667
0 0.535 0.465 0.030000000000000002 0.030000000000000002
0 0.5683333333333334 0.48833333333333334 0.023333333333333334 0.016666666666666666
0 0.5933333333333334 0.515 0.02666666666666667 0.023333333333333334
0 0.6216666666666667 0.5516666666666667 0.030000000000000002 0.030000000000000002
0 0.6616666666666667 0.5866666666666667 0.03666666666666667 0.03333333333333333
0 0.6950000000000001 0.6233333333333334 0.030000000000000002 0.02666666666666667
0 0.7283333333333334 0.6533333333333333 0.023333333333333334 0.02
0 0.755 0.6766666666666667 0.016666666666666666 0.02
0 0.7866666666666667 0.7016666666666667 0.02666666666666667 0.023333333333333334
0 0.8133333333333334 0.7333333333333334 0.02666666666666667 0.02666666666666667
0 0.8466666666666667 0.7583333333333334 0.02666666666666667 0.023333333333333334
0 0.34833333333333333 0.48500000000000004 0.03666666666666667 0.03666666666666667
