0 0.28833333333333333 0.42000000000000004 0.05666666666666667 0.04666666666666667
0 0.30000000000000004 0.4716666666666667 0.04666666666666667 0.05
0 0.3166666666666667 0.52 0.03333333333333333 0.04
0 0.3416666666666667 0.5733333333333334 0.030000000000000002 0.04666666666666667
0 0.24666666666666667 0.016666666666666666 0.02 0.03333333333333333
0 0.24666666666666667 0.07333333333333333 0.02 0.04
0 0.255 0.14666666666666667 0.01 0.05333333333333334
0 0.14333333333333334 0.23500000000000001 0.013333333333333334 0.030000000000000002
0 0.17333333333333334 0.33166666666666667 0.02 0.016666666666666666
0 0.18500000000000003 0.35833333333333334 0.01 0.023333333333333334
0 0.2 0.3916666666666667 0.02 0.030000000000000002
0 0.21500000000000002 0.4316666666666667 0.016666666666666666 0.023333333333333334
0 0.22333333333333336 0.47000000000000003 0.02 0.02666666666666667
0 0.23333333333333334 0.5116666666666667 0.02 0.03666666666666667
0 0.335 0.6233333333333334 0.016666666666666666 0.02666666666666667
0 0.36333333333333334 0.6566666666666667 0.02 0.013333333333333334
0 0.395 0.6883333333333334 0.030000000000000002 0.023333333333333334
0 0.42333333333333334 0.7133333333333334 0.02 0.02
0 0.455 0.7316666666666667 0.016666666666666666 0.016666666666666666
0 0.48333333333333334 0.7566666666666667 0.02 0.013333333333333334
0 0.5116666666666667 0.78 0.023333333333333334 0.02
0 0.5466666666666667 0.805 0.02666666666666667 0.016666666666666666
0 0.6016666666666667 0.8283333333333334 0.030000000000000002 0.023333333333333334
0 0.64 0.8483333333333334 0.02 0.016666666666666666
