0 0.81 0.09666666666666668 0.06666666666666667 0.07333333333333333
0 0.7733333333333334 0.1716666666666667 0.05333333333333334 0.05666666666666667
0 0.7416666666666667 0.22666666666666668 0.05 0.05333333333333334
0 0.7116666666666667 0.2783333333333334 0.05 0.05
0 0.6816666666666668 0.33333333333333337 0.043333333333333335 0.05333333333333334
0 0.655 0.37833333333333335 0.03666666666666667 0.043333333333333335
0 0.6116666666666667 0.41833333333333333 0.07666666666666667 0.03666666666666667
0 0.5983333333333334 0.455 0.03666666666666667 0.030000000000000002
0 0.5716666666666667 0.48833333333333334 0.03666666666666667 0.030000000000000002
0 0.5533333333333333 0.5233333333333333 0.02666666666666667 0.02666666666666667
0 0.52 0.5466666666666667 0.02666666666666667 0.02
0 0.515 0.5683333333333334 0.03666666666666667 0.023333333333333334
