0 0.18500000000000003 0.9016666666666667 0.07666666666666667 0.07
0 0.21833333333333335 0.8266666666666668 0.05666666666666667 0.04666666666666667
0 0.24333333333333335 0.7716666666666667 0.04666666666666667 0.03666666666666667
0 0.26666666666666666 0.7283333333333334 0.060000000000000005 0.030000000000000002
0 0.29833333333333334 0.6783333333333333 0.05666666666666667 0.043333333333333335
0 0.32333333333333336 0.6266666666666667 0.03333333333333333 0.03333333333333333
0 0.3516666666666667 0.5866666666666667 0.030000000000000002 0.02666666666666667
0 0.3716666666666667 0.5533333333333333 0.05666666666666667 0.04666666666666667
0 0.38833333333333336 0.5083333333333334 0.030000000000000002 0.023333333333333334
0 0.4133333333333334 0.48333333333333334 0.02666666666666667 0.03333333333333333
0 0.445 0.43333333333333335 0.030000000000000002 0.02
