0 0.47500000000000003 0.2316666666666667 0.016666666666666666 0.016666666666666666
0 0.49833333333333335 0.25833333333333336 0.016666666666666666 0.016666666666666666
0 0.5233333333333333 0.28833333333333333 0.013333333333333334 0.016666666666666666
0 0.5466666666666667 0.315 0.02 0.016666666666666666
0 0.665 0.48333333333333334 0.030000000000000002 0.03333333333333333
0 0.445 0.22166666666666668 0.023333333333333334 0.023333333333333334
0 0.41833333333333333 0.20833333333333334 0.023333333333333334 0.023333333333333334
0 0.4033333333333334 0.18000000000000002 0.02 0.02
0 0.3816666666666667 0.155 0.01 0.01
0 0.3616666666666667 0.13 0.016666666666666666 0.02
0 0.335 0.10500000000000001 0.016666666666666666 0.01
0 0.3166666666666667 0.12666666666666668 0.013333333333333334 0.013333333333333334
0 0.3383333333333334 0.15000000000000002 0.016666666666666666 0.013333333333333334
0 0.3566666666666667 0.17500000000000002 0.013333333333333334 0.016666666666666666
0 0.3716666666666667 0.20333333333333334 0.016666666666666666 0.02
0 0.4166666666666667 0.2783333333333334 0.02 0.016666666666666666
0 0.21166666666666667 0.24000000000000002 0.016666666666666666 0.013333333333333334
0 0.22833333333333336 0.26 0.01 0.006666666666666667
0 0.26166666666666666 0.3066666666666667 0.01 0.02
0 0.27666666666666667 0.33333333333333337 0.02 0.02
0 0.325 0.39666666666666667 0.016666666666666666 0.02
0 0.3516666666666667 0.42833333333333334 0.016666666666666666 0.016666666666666666
