0 0.5816666666666667 0.7400000000000001 0.06333333333333334 0.1
0 0.5916666666666667 0.33 0.16333333333333333 0.6466666666666667
0 0.8350000000000001 0.8150000000000001 0.05666666666666667 0.08333333333333334
0 0.4666666666666667 0.045000000000000005 0.06666666666666667 0.09000000000000001
0 0.095 0.060000000000000005 0.05666666666666667 0.09333333333333334
0 0.08833333333333333 0.14333333333333334 0.09000000000000001 0.05333333333333334
0 0.06333333333333334 0.26 0.08 0.16
0 0.125 0.3116666666666667 0.03666666666666667 0.05
0 0.07666666666666667 0.4216666666666667 0.08 0.14333333333333334
0 0.07333333333333333 0.545 0.03333333333333333 0.07666666666666667
0 0.08666666666666667 0.655 0.06666666666666667 0.09666666666666668
0 0.08833333333333333 0.7583333333333334 0.08333333333333334 0.09000000000000001
0 0.1 0.8316666666666667 0.03333333333333333 0.043333333333333335
0 0.14833333333333334 0.8683333333333334 0.03666666666666667 0.06333333333333334
0 0.17666666666666667 0.9500000000000001 0.02666666666666667 0.08666666666666667
0 0.14666666666666667 0.225 0.060000000000000005 0.07666666666666667
0 0.3916666666666667 0.08833333333333333 0.030000000000000002 0.016666666666666666
0 0.39666666666666667 0.13833333333333334 0.02666666666666667 0.01
0 0.18666666666666668 0.06333333333333334 0.04 0.013333333333333334
0 0.32 0.10500000000000001 0.02666666666666667 0.016666666666666666
0 0.2783333333333334 0.13 0.023333333333333334 0.013333333333333334
0 0.3433333333333334 0.16333333333333333 0.02666666666666667 0.013333333333333334
0 0.2733333333333334 0.16166666666666668 0.02666666666666667 0.016666666666666666
0 0.2516666666666667 0.18166666666666667 0.03666666666666667 0.01
0 0.2783333333333334 0.21166666666666667 0.03666666666666667 0.01
0 0.26833333333333337 0.225 0.030000000000000002 0.01
0 0.2916666666666667 0.2366666666666667 0.03666666666666667 0.006666666666666667
0 0.2783333333333334 0.24833333333333335 0.06333333333333334 0.01
0 0.32 0.26166666666666666 0.02 0.01
0 0.2966666666666667 0.35333333333333333 0.02666666666666667 0.013333333333333334
0 0.24833333333333335 0.33166666666666667 0.023333333333333334 0.01
0 0.27 0.34 0.02 0.006666666666666667
0 0.24333333333333335 0.4083333333333334 0.04 0.01
0 0.2566666666666667 0.42500000000000004 0.08 0.01
0 0.26666666666666666 0.4366666666666667 0.02 0.006666666666666667
0 0.18833333333333335 0.43333333333333335 0.023333333333333334 0.006666666666666667
0 0.18666666666666668 0.445 0.04 0.01
0 0.22666666666666668 0.44333333333333336 0.02 0.006666666666666667
0 0.2016666666666667 0.46166666666666667 0.030000000000000002 0.01
0 0.15333333333333335 0.5533333333333333 0.02666666666666667 0.006666666666666667
0 0.10500000000000001 0.5583333333333333 0.016666666666666666 0.01
