0 0.20333333333333334 0.05333333333333334 0.08 0.07333333333333333
0 0.25833333333333336 0.16666666666666669 0.07 0.06666666666666667
0 0.33166666666666667 0.27166666666666667 0.05 0.07
0 0.405 0.37833333333333335 0.05666666666666667 0.08333333333333334
0 0.5083333333333334 0.5266666666666667 0.08333333333333334 0.12000000000000001
0 0.6183333333333334 0.6566666666666667 0.08333333333333334 0.09333333333333334
0 0.7100000000000001 0.7766666666666667 0.06666666666666667 0.08666666666666667
0 0.7966666666666667 0.8983333333333334 0.07333333333333333 0.07666666666666667
0 0.9083333333333334 0.9783333333333334 0.12333333333333334 0.03666666666666667
0 0.17 0.2 0.02666666666666667 0.02
