0 0.47000000000000003 0.19 0.05333333333333334 0.38
0 0.4766666666666667 0.5166666666666667 0.04666666666666667 0.26
0 0.48833333333333334 0.7283333333333334 0.030000000000000002 0.15000000000000002
0 0.5033333333333334 0.9116666666666667 0.03333333333333333 0.17
0 0.6566666666666667 0.03166666666666667 0.02 0.06333333333333334
0 0.665 0.10833333333333334 0.023333333333333334 0.07666666666666667
0 0.68 0.23500000000000001 0.02666666666666667 0.15000000000000002
0 0.7016666666666667 0.3716666666666667 0.016666666666666666 0.11
0 0.7133333333333334 0.4733333333333334 0.02 0.07333333333333333
0 0.7216666666666667 0.545 0.016666666666666666 0.043333333333333335
0 0.7283333333333334 0.615 0.01 0.06333333333333334
0 0.7400000000000001 0.6816666666666668 0.013333333333333334 0.05666666666666667
0 0.755 0.8483333333333334 0.030000000000000002 0.22333333333333336
0 0.61 0.060000000000000005 0.03333333333333333 0.1
0 0.6283333333333334 0.17333333333333334 0.030000000000000002 0.10666666666666667
0 0.64 0.2966666666666667 0.03333333333333333 0.11333333333333334
0 0.6533333333333333 0.43000000000000005 0.02666666666666667 0.13333333333333333
0 0.66 0.52 0.02 0.03333333333333333
0 0.655 0.5683333333333334 0.016666666666666666 0.043333333333333335
0 0.67 0.62 0.03333333333333333 0.04
0 0.66 0.7016666666666667 0.02 0.09666666666666668
0 0.68 0.8783333333333334 0.04 0.2366666666666667
