0 0.33 0.03666666666666667 0.04 0.04666666666666667
0 0.36833333333333335 0.10500000000000001 0.01 0.016666666666666666
0 0.4083333333333334 0.16166666666666668 0.01 0.016666666666666666
0 0.4266666666666667 0.21500000000000002 0.02 0.043333333333333335
0 0.43833333333333335 0.275 0.01 0.016666666666666666
0 0.455 0.33166666666666667 0.01 0.030000000000000002
0 0.4666666666666667 0.41000000000000003 0.02 0.04
0 0.515 0.4566666666666667 0.03666666666666667 0.05333333333333334
0 0.4916666666666667 0.51 0.016666666666666666 0.013333333333333334
0 0.5283333333333333 0.5650000000000001 0.030000000000000002 0.05666666666666667
0 0.5566666666666668 0.6766666666666667 0.02 0.02
0 0.5983333333333334 0.6900000000000001 0.016666666666666666 0.03333333333333333
0 0.5733333333333334 0.7283333333333334 0.013333333333333334 0.023333333333333334
0 0.6016666666666667 0.7683333333333334 0.023333333333333334 0.030000000000000002
0 0.5966666666666667 0.805 0.02666666666666667 0.030000000000000002
0 0.64 0.8416666666666667 0.013333333333333334 0.030000000000000002
0 0.6583333333333333 0.8816666666666667 0.016666666666666666 0.030000000000000002
0 0.09166666666666667 0.018333333333333333 0.03666666666666667 0.03666666666666667
0 0.15166666666666667 0.060000000000000005 0.05666666666666667 0.04
0 0.17666666666666667 0.12166666666666667 0.03333333333333333 0.043333333333333335
0 0.21666666666666667 0.19333333333333336 0.03333333333333333 0.04666666666666667
0 0.17333333333333334 0.21166666666666667 0.02 0.030000000000000002
0 0.21000000000000002 0.26333333333333336 0.02666666666666667 0.03333333333333333
0 0.19 0.30000000000000004 0.03333333333333333 0.02666666666666667
0 0.22 0.34 0.02666666666666667 0.04
0 0.255 0.39 0.023333333333333334 0.02666666666666667
0 0.2833333333333333 0.42833333333333334 0.02 0.023333333333333334
0 0.26833333333333337 0.5066666666666667 0.016666666666666666 0.05333333333333334
0 0.2783333333333334 0.5650000000000001 0.01 0.030000000000000002
0 0.28500000000000003 0.6216666666666667 0.016666666666666666 0.030000000000000002
0 0.6066666666666667 0.015000000000000001 0.02 0.023333333333333334
0 0.64 0.06166666666666667 0.03333333333333333 0.043333333333333335
0 0.6716666666666667 0.10166666666666667 0.016666666666666666 0.023333333333333334
0 0.7000000000000001 0.15166666666666667 0.02 0.03666666666666667
0 0.7283333333333334 0.19166666666666668 0.023333333333333334 0.023333333333333334
0 0.7533333333333334 0.24666666666666667 0.02 0.02666666666666667
0 0.775 0.29000000000000004 0.030000000000000002 0.04
0 0.8300000000000001 0.4133333333333334 0.013333333333333334 0.02
