0 0.4516666666666667 0.22 0.023333333333333334 0.02
0 0.48000000000000004 0.24666666666666667 0.02 0.013333333333333334
0 0.505 0.27166666666666667 0.023333333333333334 0.016666666666666666
0 0.535 0.29833333333333334 0.023333333333333334 0.023333333333333334
0 0.5650000000000001 0.32833333333333337 0.023333333333333334 0.016666666666666666
0 0.6666666666666667 0.4816666666666667 0.02 0.043333333333333335
0 0.36000000000000004 0.14 0.02666666666666667 0.03333333333333333
0 0.385 0.17333333333333334 0.016666666666666666 0.02
0 0.40166666666666667 0.20500000000000002 0.01 0.016666666666666666
0 0.4133333333333334 0.19166666666666668 0.006666666666666667 0.016666666666666666
0 0.42833333333333334 0.21833333333333335 0.01 0.016666666666666666
0 0.32 0.10166666666666667 0.02666666666666667 0.030000000000000002
0 0.3433333333333334 0.13 0.013333333333333334 0.013333333333333334
0 0.34500000000000003 0.165 0.016666666666666666 0.016666666666666666
0 0.36000000000000004 0.19 0.013333333333333334 0.02666666666666667
0 0.3766666666666667 0.22666666666666668 0.013333333333333334 0.02
