0 0.4566666666666667 0.225 0.013333333333333334 0.016666666666666666
0 0.4866666666666667 0.25 0.013333333333333334 0.006666666666666667
0 0.5116666666666667 0.27166666666666667 0.01 0.01
0 0.5383333333333333 0.31 0.01 0.013333333333333334
0 0.5633333333333334 0.325 0.013333333333333334 0.016666666666666666
0 0.6616666666666667 0.48500000000000004 0.023333333333333334 0.06333333333333334
0 0.41000000000000003 0.19166666666666668 0.02 0.023333333333333334
0 0.42333333333333334 0.21666666666666667 0.013333333333333334 0.02
0 0.4416666666666667 0.2516666666666667 0.016666666666666666 0.016666666666666666
0 0.385 0.17833333333333334 0.016666666666666666 0.016666666666666666
0 0.4033333333333334 0.2016666666666667 0.013333333333333334 0.016666666666666666
0 0.35833333333333334 0.16166666666666668 0.016666666666666666 0.030000000000000002
0 0.38 0.2016666666666667 0.013333333333333334 0.016666666666666666
0 0.3983333333333334 0.23 0.01 0.02
0 0.42000000000000004 0.2733333333333334 0.02 0.02
0 0.34 0.17333333333333334 0.013333333333333334 0.013333333333333334
0 0.3616666666666667 0.2 0.016666666666666666 0.02
0 0.3766666666666667 0.24000000000000002 0.02 0.03333333333333333
0 0.325 0.3983333333333334 0.016666666666666666 0.016666666666666666
0 0.3416666666666667 0.43333333333333335 0.016666666666666666 0.02
0 0.26333333333333336 0.31833333333333336 0.013333333333333334 0.016666666666666666
0 0.2866666666666667 0.3416666666666667 0.013333333333333334 0.01
0 0.3383333333333334 0.115 0.023333333333333334 0.023333333333333334
