0 0.455 0.23 0.016666666666666666 0.02
0 0.48500000000000004 0.25 0.016666666666666666 0.013333333333333334
0 0.5116666666666667 0.27666666666666667 0.016666666666666666 0.02
0 0.5383333333333333 0.30333333333333334 0.023333333333333334 0.02666666666666667
0 0.665 0.4766666666666667 0.01 0.02666666666666667
0 0.6766666666666667 0.5033333333333334 0.013333333333333334 0.02
0 0.36000000000000004 0.14500000000000002 0.02 0.016666666666666666
0 0.3816666666666667 0.17500000000000002 0.016666666666666666 0.023333333333333334
0 0.41000000000000003 0.22166666666666668 0.013333333333333334 0.023333333333333334
0 0.41500000000000004 0.18833333333333335 0.016666666666666666 0.023333333333333334
0 0.43333333333333335 0.21166666666666667 0.013333333333333334 0.01
0 0.35500000000000004 0.18500000000000003 0.01 0.023333333333333334
0 0.37000000000000005 0.22 0.013333333333333334 0.02
0 0.38833333333333336 0.265 0.016666666666666666 0.030000000000000002
0 0.32666666666666666 0.39666666666666667 0.02 0.02
0 0.34833333333333333 0.42833333333333334 0.016666666666666666 0.016666666666666666
