0 0.26 0.5983333333333334 0.03333333333333333 0.023333333333333334
0 0.395 0.7433333333333334 0.03666666666666667 0.02
0 0.445 0.7633333333333334 0.023333333333333334 0.013333333333333334
0 0.4916666666666667 0.7866666666666667 0.023333333333333334 0.013333333333333334
0 0.5433333333333333 0.8250000000000001 0.02666666666666667 0.023333333333333334
0 0.5866666666666667 0.8500000000000001 0.02 0.02666666666666667
0 0.62 0.885 0.02666666666666667 0.023333333333333334
0 0.6683333333333333 0.915 0.043333333333333335 0.023333333333333334
0 0.5983333333333334 0.805 0.016666666666666666 0.023333333333333334
0 0.6266666666666667 0.8483333333333334 0.013333333333333334 0.023333333333333334
0 0.6533333333333333 0.885 0.013333333333333334 0.01
0 0.6366666666666667 0.6566666666666667 0.02 0.02
0 0.7150000000000001 0.7316666666666667 0.023333333333333334 0.023333333333333334
