0 0.45833333333333337 0.2366666666666667 0.016666666666666666 0.02
0 0.49000000000000005 0.26166666666666666 0.02 0.016666666666666666
0 0.525 0.2866666666666667 0.023333333333333334 0.02
0 0.5516666666666667 0.31833333333333336 0.016666666666666666 0.016666666666666666
0 0.6666666666666667 0.4816666666666667 0.02 0.03666666666666667
0 0.3666666666666667 0.16 0.013333333333333334 0.013333333333333334
0 0.3866666666666667 0.18500000000000003 0.02 0.023333333333333334
0 0.4066666666666667 0.22 0.013333333333333334 0.02
0 0.4133333333333334 0.19333333333333336 0.006666666666666667 0.02
0 0.42833333333333334 0.22833333333333336 0.01 0.023333333333333334
