0 0.7433333333333334 0.43833333333333335 0.02 0.016666666666666666
0 0.7716666666666667 0.47500000000000003 0.023333333333333334 0.023333333333333334
0 0.8250000000000001 0.5516666666666667 0.03666666666666667 0.043333333333333335
0 0.9116666666666667 0.6616666666666667 0.016666666666666666 0.023333333333333334
0 0.9433333333333334 0.7050000000000001 0.02 0.023333333333333334
0 0.8283333333333334 0.15833333333333335 0.016666666666666666 0.016666666666666666
0 0.8783333333333334 0.21000000000000002 0.016666666666666666 0.02
0 0.92 0.24666666666666667 0.02 0.02666666666666667
0 0.9566666666666668 0.275 0.02 0.016666666666666666
0 0.9916666666666667 0.3016666666666667 0.01 0.01
0 0.9316666666666668 0.3116666666666667 0.01 0.016666666666666666
0 0.9616666666666668 0.35500000000000004 0.030000000000000002 0.03666666666666667
0 0.9933333333333334 0.41500000000000004 0.006666666666666667 0.043333333333333335
0 0.7100000000000001 0.4116666666666667 0.02 0.016666666666666666
