0 0.33333333333333337 0.14833333333333334 0.03333333333333333 0.043333333333333335
0 0.375 0.23 0.030000000000000002 0.04
0 0.4216666666666667 0.32 0.03666666666666667 0.06666666666666667
0 0.4683333333333334 0.41500000000000004 0.030000000000000002 0.05666666666666667
0 0.5116666666666667 0.49333333333333335 0.03666666666666667 0.07333333333333333
0 0.5366666666666667 0.5950000000000001 0.02666666666666667 0.03666666666666667
0 0.5766666666666667 0.6516666666666667 0.02 0.03666666666666667
0 0.5816666666666667 0.7150000000000001 0.016666666666666666 0.030000000000000002
0 0.6216666666666667 0.7816666666666667 0.023333333333333334 0.043333333333333335
0 0.6416666666666667 0.8666666666666667 0.043333333333333335 0.05333333333333334
0 0.66 0.9466666666666668 0.02 0.03333333333333333
0 0.15833333333333335 0.1716666666666667 0.016666666666666666 0.03666666666666667
0 0.20500000000000002 0.27666666666666667 0.01 0.02666666666666667
0 0.23500000000000001 0.36333333333333334 0.023333333333333334 0.060000000000000005
0 0.26333333333333336 0.445 0.02666666666666667 0.07
0 0.2966666666666667 0.5183333333333333 0.013333333333333334 0.023333333333333334
0 0.2783333333333334 0.6266666666666667 0.016666666666666666 0.02
0 0.34833333333333333 0.6133333333333334 0.016666666666666666 0.013333333333333334
0 0.38333333333333336 0.625 0.02 0.023333333333333334
0 0.3016666666666667 0.6933333333333334 0.016666666666666666 0.03333333333333333
0 0.3566666666666667 0.7566666666666667 0.02 0.03333333333333333
0 0.335 0.8550000000000001 0.03666666666666667 0.05
0 0.375 0.9116666666666667 0.023333333333333334 0.023333333333333334
0 0.3916666666666667 0.795 0.016666666666666666 0.05
0 0.4166666666666667 0.895 0.02 0.043333333333333335
0 0.3866666666666667 0.9600000000000001 0.02666666666666667 0.02666666666666667
