0 0.63 0.02 0.13333333333333333 0.03333333333333333
0 0.67 0.05666666666666667 0.1 0.04
0 0.3166666666666667 0.5733333333333334 0.013333333333333334 0.02
0 0.30333333333333334 0.615 0.013333333333333334 0.030000000000000002
0 0.2866666666666667 0.6433333333333334 0.006666666666666667 0.02
0 0.28500000000000003 0.6733333333333333 0.030000000000000002 0.03333333333333333
0 0.2866666666666667 0.7083333333333334 0.013333333333333334 0.023333333333333334
0 0.26666666666666666 0.7350000000000001 0.013333333333333334 0.023333333333333334
0 0.25833333333333336 0.7566666666666667 0.01 0.02
0 0.24166666666666667 0.78 0.016666666666666666 0.02
0 0.22666666666666668 0.805 0.0 0.016666666666666666
0 0.21333333333333335 0.8300000000000001 0.006666666666666667 0.02
0 0.3866666666666667 0.79 0.013333333333333334 0.02666666666666667
0 0.3716666666666667 0.8116666666666668 0.01 0.01
0 0.36500000000000005 0.8350000000000001 0.016666666666666666 0.023333333333333334
0 0.27666666666666667 0.92 0.02 0.03333333333333333
0 0.24666666666666667 0.9683333333333334 0.013333333333333334 0.03666666666666667
0 0.675 0.3816666666666667 0.016666666666666666 0.023333333333333334
0 0.665 0.42000000000000004 0.01 0.02
0 0.6483333333333334 0.455 0.01 0.023333333333333334
0 0.6266666666666667 0.48000000000000004 0.013333333333333334 0.02
0 0.6083333333333334 0.5133333333333334 0.01 0.02
0 0.5916666666666667 0.5383333333333333 0.016666666666666666 0.030000000000000002
0 0.55 0.5983333333333334 0.02666666666666667 0.023333333333333334
0 0.7366666666666667 0.22666666666666668 0.02666666666666667 0.02666666666666667
0 0.7366666666666667 0.2733333333333334 0.02 0.02666666666666667
