0 0.7766666666666667 0.2816666666666667 0.04666666666666667 0.05
0 0.7033333333333334 0.26166666666666666 0.09333333333333334 0.06333333333333334
0 0.5966666666666667 0.28500000000000003 0.10666666666666667 0.05
0 0.51 0.2966666666666667 0.05333333333333334 0.04
0 0.4066666666666667 0.3516666666666667 0.02666666666666667 0.023333333333333334
0 0.375 0.37833333333333335 0.023333333333333334 0.023333333333333334
0 0.3516666666666667 0.40166666666666667 0.030000000000000002 0.016666666666666666
0 0.32833333333333337 0.4316666666666667 0.03666666666666667 0.030000000000000002
0 0.29333333333333333 0.46 0.03333333333333333 0.02666666666666667
0 0.255 0.49333333333333335 0.03666666666666667 0.02666666666666667
0 0.22333333333333336 0.5183333333333333 0.02666666666666667 0.023333333333333334
0 0.19833333333333333 0.5466666666666667 0.030000000000000002 0.02
0 0.1716666666666667 0.5766666666666667 0.023333333333333334 0.02
0 0.14166666666666666 0.6050000000000001 0.016666666666666666 0.016666666666666666
0 0.23500000000000001 0.7366666666666667 0.030000000000000002 0.03333333333333333
0 0.18833333333333335 0.7816666666666667 0.030000000000000002 0.03666666666666667
0 0.15666666666666668 0.805 0.03333333333333333 0.030000000000000002
0 0.13166666666666668 0.8266666666666668 0.030000000000000002 0.02
0 0.11166666666666668 0.8533333333333334 0.023333333333333334 0.02
0 0.08333333333333334 0.8766666666666667 0.02666666666666667 0.02666666666666667
0 0.060000000000000005 0.9016666666666667 0.03333333333333333 0.030000000000000002
0 0.04 0.9283333333333333 0.03333333333333333 0.023333333333333334
0 0.32833333333333337 0.67 0.030000000000000002 0.02666666666666667
0 0.6166666666666667 0.445 0.02 0.023333333333333334
0 0.38333333333333336 0.028333333333333335 0.02 0.05666666666666667
0 0.39333333333333337 0.095 0.02 0.05666666666666667
0 0.405 0.16833333333333333 0.023333333333333334 0.06333333333333334
0 0.41833333333333333 0.24500000000000002 0.023333333333333334 0.07
0 0.43333333333333335 0.325 0.02 0.07
0 0.445 0.4 0.023333333333333334 0.07333333333333333
0 0.45833333333333337 0.48500000000000004 0.023333333333333334 0.07666666666666667
0 0.4733333333333334 0.5733333333333334 0.02666666666666667 0.08
0 0.48833333333333334 0.6616666666666667 0.023333333333333334 0.08333333333333334
0 0.5033333333333334 0.7483333333333334 0.02 0.08333333333333334
0 0.39 0.7766666666666667 0.013333333333333334 0.02
