0 0.2866666666666667 0.028333333333333335 0.04 0.03666666666666667
0 0.33166666666666667 0.07 0.03666666666666667 0.03333333333333333
0 0.3716666666666667 0.115 0.023333333333333334 0.023333333333333334
0 0.4066666666666667 0.15166666666666667 0.013333333333333334 0.016666666666666666
0 0.4366666666666667 0.19166666666666668 0.013333333333333334 0.023333333333333334
0 0.4633333333333334 0.23500000000000001 0.02 0.023333333333333334
0 0.5016666666666667 0.28833333333333333 0.030000000000000002 0.030000000000000002
0 0.54 0.3433333333333334 0.02 0.04
0 0.5700000000000001 0.4 0.02 0.05333333333333334
0 0.5950000000000001 0.45333333333333337 0.023333333333333334 0.03333333333333333
0 0.6383333333333334 0.49500000000000005 0.030000000000000002 0.030000000000000002
0 0.6766666666666667 0.5433333333333333 0.02666666666666667 0.04
0 0.7050000000000001 0.5816666666666667 0.016666666666666666 0.030000000000000002
0 0.7300000000000001 0.6283333333333334 0.02666666666666667 0.030000000000000002
0 0.7616666666666667 0.67 0.023333333333333334 0.04
0 0.7966666666666667 0.7183333333333334 0.02666666666666667 0.030000000000000002
0 0.8433333333333334 0.78 0.02666666666666667 0.04666666666666667
0 0.8616666666666667 0.8383333333333334 0.016666666666666666 0.030000000000000002
0 0.8983333333333334 0.89 0.030000000000000002 0.04
0 0.9333333333333333 0.9400000000000001 0.03333333333333333 0.03333333333333333
0 0.9633333333333334 0.9766666666666667 0.02666666666666667 0.02
0 0.12000000000000001 0.025 0.02666666666666667 0.030000000000000002
0 0.15166666666666667 0.06333333333333334 0.016666666666666666 0.02666666666666667
0 0.18333333333333335 0.12166666666666667 0.04 0.06333333333333334
0 0.22666666666666668 0.18666666666666668 0.02 0.03333333333333333
0 0.26333333333333336 0.25 0.02666666666666667 0.04
0 0.3016666666666667 0.32333333333333336 0.023333333333333334 0.04
0 0.33666666666666667 0.38333333333333336 0.02 0.04
0 0.3816666666666667 0.4516666666666667 0.016666666666666666 0.023333333333333334
0 0.4266666666666667 0.54 0.04 0.060000000000000005
0 0.48000000000000004 0.6316666666666667 0.02666666666666667 0.043333333333333335
0 0.5283333333333333 0.7200000000000001 0.05 0.06666666666666667
0 0.5833333333333334 0.795 0.03333333333333333 0.05
0 0.625 0.8616666666666667 0.023333333333333334 0.05
0 0.6533333333333333 0.9383333333333334 0.03333333333333333 0.05666666666666667
0 0.7016666666666667 0.9716666666666667 0.030000000000000002 0.03666666666666667
