0 0.395 0.3716666666666667 0.016666666666666666 0.07666666666666667
0 0.40166666666666667 0.4366666666666667 0.01 0.04
0 0.4216666666666667 0.4516666666666667 0.01 0.030000000000000002
0 0.33166666666666667 0.6483333333333334 0.01 0.023333333333333334
0 0.33666666666666667 0.5733333333333334 0.006666666666666667 0.02
0 0.32833333333333337 0.5950000000000001 0.0033333333333333335 0.016666666666666666
0 0.31333333333333335 0.62 0.0 0.02
0 0.27666666666666667 0.6566666666666667 0.013333333333333334 0.02666666666666667
0 0.265 0.6683333333333333 0.01 0.023333333333333334
0 0.4566666666666667 0.7066666666666667 0.02 0.04
