0 0.315 0.3816666666666667 0.01 0.016666666666666666
0 0.2966666666666667 0.43833333333333335 0.013333333333333334 0.030000000000000002
0 0.28833333333333333 0.4866666666666667 0.01 0.03333333333333333
0 0.26 0.5233333333333333 0.006666666666666667 0.02
0 0.20500000000000002 0.7533333333333334 0.043333333333333335 0.12666666666666668
0 0.7966666666666667 0.34833333333333333 0.04 0.05666666666666667
0 0.8183333333333334 0.4166666666666667 0.0033333333333333335 0.03333333333333333
0 0.7733333333333334 0.51 0.013333333333333334 0.04666666666666667
0 0.8083333333333333 0.6000000000000001 0.01 0.02666666666666667
0 0.8 0.6583333333333333 0.006666666666666667 0.016666666666666666
