0 0.24000000000000002 0.26333333333333336 0.060000000000000005 0.04
0 0.30333333333333334 0.29833333333333334 0.02666666666666667 0.023333333333333334
0 0.335 0.3383333333333334 0.023333333333333334 0.030000000000000002
0 0.37000000000000005 0.3766666666666667 0.03333333333333333 0.02666666666666667
0 0.4116666666666667 0.405 0.030000000000000002 0.023333333333333334
0 0.45333333333333337 0.44 0.02 0.02666666666666667
0 0.4783333333333334 0.4733333333333334 0.023333333333333334 0.03333333333333333
0 0.5133333333333334 0.505 0.03333333333333333 0.030000000000000002
0 0.5583333333333333 0.54 0.023333333333333334 0.02
0 0.5883333333333334 0.5750000000000001 0.016666666666666666 0.016666666666666666
0 0.6133333333333334 0.6083333333333334 0.02 0.023333333333333334
0 0.65 0.6466666666666667 0.03333333333333333 0.02666666666666667
0 0.685 0.6900000000000001 0.030000000000000002 0.04
0 0.7433333333333334 0.7266666666666667 0.03333333333333333 0.03333333333333333
0 0.785 0.7683333333333334 0.023333333333333334 0.023333333333333334
0 0.41833333333333333 0.5333333333333333 0.016666666666666666 0.02666666666666667
0 0.4733333333333334 0.6000000000000001 0.02666666666666667 0.02666666666666667
0 0.5283333333333333 0.6433333333333334 0.030000000000000002 0.02666666666666667
0 0.5633333333333334 0.6866666666666668 0.013333333333333334 0.02
0 0.06666666666666667 0.19166666666666668 0.02666666666666667 0.023333333333333334
0 0.12000000000000001 0.22166666666666668 0.02666666666666667 0.01
0 0.17500000000000002 0.2 0.016666666666666666 0.006666666666666667
0 0.15166666666666667 0.14333333333333334 0.023333333333333334 0.013333333333333334
0 0.07833333333333334 0.09833333333333334 0.043333333333333335 0.030000000000000002
