0 0.33666666666666667 0.28 0.02666666666666667 0.013333333333333334
0 0.3666666666666667 0.30333333333333334 0.02 0.013333333333333334
0 0.39 0.32833333333333337 0.013333333333333334 0.016666666666666666
0 0.4216666666666667 0.36500000000000005 0.016666666666666666 0.023333333333333334
0 0.4566666666666667 0.39666666666666667 0.02 0.02
0 0.4783333333333334 0.42833333333333334 0.016666666666666666 0.023333333333333334
0 0.505 0.45833333333333337 0.023333333333333334 0.016666666666666666
0 0.5433333333333333 0.48333333333333334 0.02 0.02
0 0.5716666666666667 0.5116666666666667 0.023333333333333334 0.023333333333333334
0 0.6033333333333334 0.5466666666666667 0.013333333333333334 0.013333333333333334
0 0.6266666666666667 0.5833333333333334 0.02 0.02
0 0.655 0.61 0.016666666666666666 0.013333333333333334
0 0.6866666666666668 0.6383333333333334 0.02 0.023333333333333334
0 0.7116666666666667 0.665 0.016666666666666666 0.023333333333333334
0 0.7333333333333334 0.6883333333333334 0.02 0.016666666666666666
0 0.76 0.7150000000000001 0.013333333333333334 0.01
0 0.7883333333333333 0.75 0.016666666666666666 0.02
0 0.8150000000000001 0.7766666666666667 0.01 0.013333333333333334
0 0.8483333333333334 0.8116666666666668 0.023333333333333334 0.023333333333333334
0 0.88 0.8483333333333334 0.02666666666666667 0.030000000000000002
0 0.42500000000000004 0.48333333333333334 0.016666666666666666 0.02
0 0.45333333333333337 0.5116666666666667 0.02 0.016666666666666666
0 0.48333333333333334 0.5483333333333333 0.02 0.023333333333333334
0 0.5083333333333334 0.5833333333333334 0.016666666666666666 0.013333333333333334
0 0.5433333333333333 0.6016666666666667 0.02 0.023333333333333334
0 0.5716666666666667 0.6316666666666667 0.030000000000000002 0.023333333333333334
0 0.6050000000000001 0.66 0.023333333333333334 0.013333333333333334
0 0.6416666666666667 0.6883333333333334 0.030000000000000002 0.023333333333333334
0 0.6683333333333333 0.7150000000000001 0.023333333333333334 0.016666666666666666
0 0.6933333333333334 0.7383333333333334 0.02 0.023333333333333334
0 0.7266666666666667 0.765 0.013333333333333334 0.023333333333333334
0 0.7583333333333334 0.7966666666666667 0.016666666666666666 0.02666666666666667
0 0.7866666666666667 0.8166666666666668 0.013333333333333334 0.02
0 0.805 0.8350000000000001 0.023333333333333334 0.030000000000000002
0 0.5750000000000001 0.6016666666666667 0.016666666666666666 0.016666666666666666
0 0.64 0.6633333333333333 0.02 0.02
