0 0.023333333333333334 0.6133333333333334 0.04666666666666667 0.03333333333333333
0 0.07166666666666667 0.645 0.05 0.030000000000000002
0 0.09333333333333334 0.675 0.02 0.03666666666666667
0 0.125 0.665 0.023333333333333334 0.023333333333333334
0 0.16166666666666668 0.7066666666666667 0.03666666666666667 0.06666666666666667
0 0.23 0.7333333333333334 0.08666666666666667 0.05333333333333334
0 0.3566666666666667 0.75 0.14666666666666667 0.060000000000000005
0 0.4783333333333334 0.775 0.09000000000000001 0.07666666666666667
0 0.56 0.8066666666666668 0.060000000000000005 0.04
0 0.6183333333333334 0.8083333333333333 0.03666666666666667 0.030000000000000002
0 0.6766666666666667 0.8250000000000001 0.03333333333333333 0.023333333333333334
0 0.7133333333333334 0.8150000000000001 0.04 0.030000000000000002
0 0.9066666666666667 0.44 0.02 0.05333333333333334
0 0.8983333333333334 0.49500000000000005 0.016666666666666666 0.043333333333333335
0 0.895 0.5416666666666667 0.01 0.03666666666666667
