0 0.10333333333333335 0.15166666666666667 0.03333333333333333 0.030000000000000002
0 0.14333333333333334 0.20333333333333334 0.04 0.03333333333333333
0 0.19 0.24000000000000002 0.02 0.013333333333333334
0 0.2316666666666667 0.27166666666666667 0.016666666666666666 0.016666666666666666
0 0.275 0.3166666666666667 0.023333333333333334 0.02666666666666667
0 0.32333333333333336 0.35833333333333334 0.03333333333333333 0.03666666666666667
0 0.3983333333333334 0.4783333333333334 0.023333333333333334 0.016666666666666666
0 0.4266666666666667 0.5033333333333334 0.02 0.02
0 0.4566666666666667 0.5316666666666667 0.02 0.016666666666666666
0 0.5 0.5516666666666667 0.006666666666666667 0.0033333333333333335
0 0.5933333333333334 0.6216666666666667 0.02666666666666667 0.023333333333333334
0 0.7100000000000001 0.7683333333333334 0.02 0.030000000000000002
0 0.76 0.8433333333333334 0.03333333333333333 0.04
0 0.7916666666666667 0.91 0.030000000000000002 0.04
