0 0.09333333333333334 0.08166666666666667 0.02666666666666667 0.03666666666666667
0 0.12333333333333334 0.155 0.02666666666666667 0.030000000000000002
0 0.22333333333333336 0.30333333333333334 0.013333333333333334 0.02
0 0.255 0.33666666666666667 0.016666666666666666 0.013333333333333334
0 0.2833333333333333 0.37333333333333335 0.02 0.03333333333333333
0 0.30000000000000004 0.41500000000000004 0.02 0.023333333333333334
0 0.32833333333333337 0.465 0.030000000000000002 0.043333333333333335
0 0.35500000000000004 0.515 0.03666666666666667 0.043333333333333335
0 0.375 0.5650000000000001 0.030000000000000002 0.03666666666666667
0 0.39666666666666667 0.6033333333333334 0.02666666666666667 0.03333333333333333
0 0.42333333333333334 0.645 0.02666666666666667 0.016666666666666666
0 0.44333333333333336 0.6716666666666667 0.013333333333333334 0.016666666666666666
0 0.4666666666666667 0.6966666666666667 0.02 0.02
0 0.4866666666666667 0.7316666666666667 0.02 0.01
0 0.515 0.745 0.016666666666666666 0.016666666666666666
0 0.5616666666666666 0.81 0.023333333333333334 0.02666666666666667
