0 0.11166666666666668 0.9516666666666668 0.023333333333333334 0.016666666666666666
0 0.13333333333333333 0.8716666666666667 0.03333333333333333 0.030000000000000002
0 0.17666666666666667 0.7866666666666667 0.03333333333333333 0.02666666666666667
0 0.21666666666666667 0.7366666666666667 0.02666666666666667 0.02
0 0.26166666666666666 0.6966666666666667 0.023333333333333334 0.02
0 0.3016666666666667 0.6033333333333334 0.023333333333333334 0.02
0 0.35500000000000004 0.5800000000000001 0.03666666666666667 0.02
0 0.395 0.5416666666666667 0.023333333333333334 0.016666666666666666
0 0.43333333333333335 0.5133333333333334 0.03333333333333333 0.013333333333333334
0 0.47000000000000003 0.47500000000000003 0.02666666666666667 0.030000000000000002
0 0.5116666666666667 0.42333333333333334 0.023333333333333334 0.013333333333333334
0 0.5900000000000001 0.3383333333333334 0.03333333333333333 0.01
0 0.63 0.31 0.02666666666666667 0.02
0 0.675 0.2516666666666667 0.023333333333333334 0.016666666666666666
0 0.7150000000000001 0.2316666666666667 0.016666666666666666 0.016666666666666666
0 0.7383333333333334 0.20833333333333334 0.016666666666666666 0.023333333333333334
0 0.7666666666666667 0.18666666666666668 0.02 0.02
