0 0.18500000000000003 0.28 0.03666666666666667 0.02
0 0.23833333333333334 0.2783333333333334 0.043333333333333335 0.03666666666666667
0 0.24666666666666667 0.32333333333333336 0.04 0.013333333333333334
0 0.3066666666666667 0.3416666666666667 0.06666666666666667 0.05
0 0.37833333333333335 0.42000000000000004 0.07666666666666667 0.06666666666666667
0 0.44333333333333336 0.5066666666666667 0.05333333333333334 0.05333333333333334
0 0.5 0.5583333333333333 0.04 0.023333333333333334
0 0.54 0.6866666666666668 0.02666666666666667 0.02666666666666667
0 0.5916666666666667 0.7250000000000001 0.016666666666666666 0.016666666666666666
0 0.6266666666666667 0.7566666666666667 0.02 0.02
0 0.6516666666666667 0.7816666666666667 0.023333333333333334 0.023333333333333334
0 0.7000000000000001 0.8066666666666668 0.03333333333333333 0.02666666666666667
0 0.7350000000000001 0.8300000000000001 0.030000000000000002 0.02
0 0.78 0.8566666666666667 0.03333333333333333 0.02666666666666667
0 0.8566666666666667 0.935 0.02 0.030000000000000002
0 0.8933333333333334 0.9666666666666667 0.03333333333333333 0.03333333333333333
0 0.8250000000000001 0.7483333333333334 0.023333333333333334 0.016666666666666666
0 0.5650000000000001 0.5850000000000001 0.016666666666666666 0.01
0 0.6066666666666667 0.6033333333333334 0.02 0.006666666666666667
0 0.6466666666666667 0.6316666666666667 0.02 0.016666666666666666
0 0.7216666666666667 0.6766666666666667 0.03666666666666667 0.02666666666666667
