0 0.26333333333333336 0.28500000000000003 0.04666666666666667 0.043333333333333335
0 0.27 0.3383333333333334 0.03333333333333333 0.03666666666666667
0 0.2866666666666667 0.39333333333333337 0.05333333333333334 0.05333333333333334
0 0.305 0.46166666666666667 0.05 0.05
0 0.37333333333333335 0.6000000000000001 0.04666666666666667 0.04
0 0.4116666666666667 0.6516666666666667 0.030000000000000002 0.030000000000000002
0 0.445 0.6833333333333333 0.023333333333333334 0.02666666666666667
0 0.4766666666666667 0.7100000000000001 0.02 0.02
0 0.5066666666666667 0.745 0.02666666666666667 0.023333333333333334
0 0.5366666666666667 0.78 0.02666666666666667 0.02
0 0.5716666666666667 0.8166666666666668 0.03666666666666667 0.03333333333333333
0 0.61 0.8550000000000001 0.02666666666666667 0.030000000000000002
0 0.6466666666666667 0.88 0.04666666666666667 0.02
0 0.66 0.6583333333333333 0.02666666666666667 0.023333333333333334
0 0.6916666666666668 0.6933333333333334 0.023333333333333334 0.02666666666666667
0 0.7316666666666667 0.7516666666666667 0.016666666666666666 0.030000000000000002
0 0.7683333333333334 0.8 0.03666666666666667 0.04
0 0.8016666666666667 0.8366666666666667 0.023333333333333334 0.03333333333333333
0 0.8350000000000001 0.8650000000000001 0.030000000000000002 0.023333333333333334
0 0.8633333333333334 0.8933333333333334 0.02666666666666667 0.02666666666666667
0 0.8933333333333334 0.93 0.02666666666666667 0.03333333333333333
0 0.9333333333333333 0.9633333333333334 0.03333333333333333 0.02666666666666667
0 0.325 0.22166666666666668 0.023333333333333334 0.016666666666666666
0 0.3616666666666667 0.24333333333333335 0.016666666666666666 0.013333333333333334
0 0.4083333333333334 0.29833333333333334 0.016666666666666666 0.030000000000000002
0 0.4316666666666667 0.3566666666666667 0.023333333333333334 0.03333333333333333
0 0.38333333333333336 0.5466666666666667 0.06666666666666667 0.013333333333333334
0 0.4733333333333334 0.53 0.08666666666666667 0.006666666666666667
0 0.555 0.5166666666666667 0.05666666666666667 0.006666666666666667
