0 0.115 0.195 0.03666666666666667 0.030000000000000002
0 0.15000000000000002 0.23333333333333334 0.04 0.02
0 0.18000000000000002 0.26 0.02 0.02
0 0.20500000000000002 0.29000000000000004 0.023333333333333334 0.02
0 0.22833333333333336 0.31 0.023333333333333334 0.02
0 0.26 0.34 0.02666666666666667 0.02666666666666667
0 0.30000000000000004 0.3766666666666667 0.03333333333333333 0.02
0 0.33333333333333337 0.4033333333333334 0.02666666666666667 0.02666666666666667
0 0.37333333333333335 0.4466666666666667 0.03333333333333333 0.03333333333333333
0 0.4066666666666667 0.48333333333333334 0.02 0.02666666666666667
0 0.44333333333333336 0.5166666666666667 0.02666666666666667 0.03333333333333333
0 0.4733333333333334 0.5566666666666668 0.02666666666666667 0.02666666666666667
0 0.505 0.5866666666666667 0.023333333333333334 0.03333333333333333
0 0.5416666666666667 0.5983333333333334 0.023333333333333334 0.030000000000000002
0 0.5333333333333333 0.6333333333333334 0.02 0.02
0 0.5700000000000001 0.6633333333333333 0.02 0.02666666666666667
0 0.6016666666666667 0.6983333333333334 0.023333333333333334 0.030000000000000002
0 0.62 0.7183333333333334 0.013333333333333334 0.0033333333333333335
0 0.6383333333333334 0.7133333333333334 0.03666666666666667 0.02666666666666667
0 0.64 0.7466666666666667 0.03333333333333333 0.03333333333333333
0 0.675 0.7816666666666667 0.030000000000000002 0.023333333333333334
0 0.6516666666666667 0.5166666666666667 0.03666666666666667 0.02666666666666667
0 0.685 0.5433333333333333 0.023333333333333334 0.02
