0 0.3866666666666667 0.15833333333333335 0.02666666666666667 0.016666666666666666
0 0.42833333333333334 0.18166666666666667 0.030000000000000002 0.016666666666666666
0 0.465 0.20333333333333334 0.016666666666666666 0.006666666666666667
0 0.48833333333333334 0.21833333333333335 0.01 0.01
0 0.52 0.24500000000000002 0.02 0.016666666666666666
0 0.5466666666666667 0.26666666666666666 0.013333333333333334 0.006666666666666667
0 0.5766666666666667 0.29000000000000004 0.013333333333333334 0.013333333333333334
0 0.6066666666666667 0.32333333333333336 0.013333333333333334 0.013333333333333334
0 0.6333333333333334 0.35333333333333333 0.02 0.02
0 0.655 0.3716666666666667 0.01 0.01
0 0.66 0.4066666666666667 0.02666666666666667 0.02666666666666667
0 0.685 0.5033333333333334 0.05 0.13333333333333333
0 0.7416666666666667 0.9400000000000001 0.023333333333333334 0.10666666666666667
0 0.7483333333333334 0.46 0.01 0.02
0 0.7616666666666667 0.5 0.01 0.02666666666666667
0 0.7733333333333334 0.5466666666666667 0.013333333333333334 0.02666666666666667
0 0.7883333333333333 0.5900000000000001 0.016666666666666666 0.03333333333333333
0 0.8033333333333333 0.625 0.013333333333333334 0.030000000000000002
