0 0.3116666666666667 0.24666666666666667 0.023333333333333334 0.02
0 0.36333333333333334 0.2866666666666667 0.02666666666666667 0.02
0 0.4133333333333334 0.335 0.02 0.030000000000000002
0 0.4666666666666667 0.39666666666666667 0.02 0.03333333333333333
0 0.505 0.465 0.023333333333333334 0.043333333333333335
0 0.5533333333333333 0.5066666666666667 0.013333333333333334 0.02
0 0.5783333333333334 0.54 0.030000000000000002 0.03333333333333333
0 0.6416666666666667 0.5666666666666667 0.030000000000000002 0.02666666666666667
0 0.6900000000000001 0.6016666666666667 0.02666666666666667 0.016666666666666666
0 0.7666666666666667 0.6383333333333334 0.02 0.01
