0 0.7633333333333334 0.155 0.02 0.030000000000000002
0 0.7216666666666667 0.21166666666666667 0.023333333333333334 0.023333333333333334
0 0.6900000000000001 0.27166666666666667 0.03333333333333333 0.03666666666666667
0 0.6683333333333333 0.32666666666666666 0.08333333333333334 0.04666666666666667
0 0.685 0.395 0.030000000000000002 0.043333333333333335
0 0.6633333333333333 0.43000000000000005 0.013333333333333334 0.02666666666666667
0 0.6233333333333334 0.48500000000000004 0.04 0.05666666666666667
0 0.5816666666666667 0.5416666666666667 0.030000000000000002 0.030000000000000002
0 0.5533333333333333 0.5616666666666666 0.04666666666666667 0.05
0 0.525 0.6033333333333334 0.023333333333333334 0.03333333333333333
0 0.505 0.64 0.023333333333333334 0.02666666666666667
0 0.4816666666666667 0.66 0.016666666666666666 0.02666666666666667
0 0.4666666666666667 0.6883333333333334 0.013333333333333334 0.023333333333333334
0 0.45333333333333337 0.7300000000000001 0.060000000000000005 0.04666666666666667
0 0.4266666666666667 0.805 0.08 0.07
0 0.5066666666666667 0.5433333333333333 0.03333333333333333 0.02
