0 0.7766666666666667 0.17833333333333334 0.04 0.03666666666666667
0 0.805 0.15166666666666667 0.023333333333333334 0.023333333333333334
0 0.8400000000000001 0.08666666666666667 0.04666666666666667 0.04666666666666667
0 0.7366666666666667 0.17666666666666667 0.013333333333333334 0.02
0 0.7183333333333334 0.2016666666666667 0.01 0.016666666666666666
0 0.6950000000000001 0.22833333333333336 0.01 0.016666666666666666
0 0.6766666666666667 0.255 0.013333333333333334 0.023333333333333334
0 0.6633333333333333 0.2866666666666667 0.02 0.02
0 0.6366666666666667 0.325 0.02666666666666667 0.030000000000000002
0 0.5900000000000001 0.3916666666666667 0.04 0.043333333333333335
0 0.5566666666666668 0.4316666666666667 0.02666666666666667 0.030000000000000002
0 0.5383333333333333 0.465 0.023333333333333334 0.030000000000000002
0 0.5166666666666667 0.4966666666666667 0.02 0.02666666666666667
0 0.49833333333333335 0.5216666666666667 0.016666666666666666 0.023333333333333334
0 0.48500000000000004 0.5750000000000001 0.043333333333333335 0.043333333333333335
0 0.44833333333333336 0.6033333333333334 0.023333333333333334 0.02
0 0.42500000000000004 0.635 0.030000000000000002 0.023333333333333334
0 0.4033333333333334 0.6533333333333333 0.013333333333333334 0.013333333333333334
0 0.38333333333333336 0.68 0.03333333333333333 0.03333333333333333
0 0.36000000000000004 0.7083333333333334 0.03333333333333333 0.03666666666666667
0 0.335 0.7333333333333334 0.03666666666666667 0.03333333333333333
0 0.3066666666666667 0.77 0.04666666666666667 0.04
0 0.2816666666666667 0.935 0.043333333333333335 0.05666666666666667
0 0.3166666666666667 0.8916666666666667 0.04 0.07666666666666667
0 0.35000000000000003 0.8283333333333334 0.03333333333333333 0.03666666666666667
0 0.3766666666666667 0.7983333333333333 0.02666666666666667 0.023333333333333334
0 0.4066666666666667 0.7616666666666667 0.02 0.016666666666666666
0 0.43500000000000005 0.7383333333333334 0.023333333333333334 0.01
0 0.4633333333333334 0.685 0.02666666666666667 0.043333333333333335
0 0.4916666666666667 0.6616666666666667 0.023333333333333334 0.016666666666666666
0 0.5216666666666667 0.6133333333333334 0.016666666666666666 0.02666666666666667
0 0.5866666666666667 0.52 0.02666666666666667 0.02666666666666667
0 0.62 0.4766666666666667 0.02 0.013333333333333334
0 0.65 0.43000000000000005 0.02 0.006666666666666667
