0 0.685 0.37833333333333335 0.043333333333333335 0.05
0 0.6433333333333334 0.4133333333333334 0.06666666666666667 0.05333333333333334
0 0.5966666666666667 0.455 0.07333333333333333 0.043333333333333335
0 0.5466666666666667 0.4966666666666667 0.08666666666666667 0.04666666666666667
0 0.505 0.5416666666666667 0.07666666666666667 0.06333333333333334
0 0.46 0.6066666666666667 0.05333333333333334 0.07333333333333333
0 0.4216666666666667 0.6633333333333333 0.03666666666666667 0.05333333333333334
0 0.39333333333333337 0.7066666666666667 0.03333333333333333 0.04
0 0.7316666666666667 0.335 0.043333333333333335 0.043333333333333335
0 0.765 0.29000000000000004 0.030000000000000002 0.04
0 0.7933333333333333 0.25833333333333336 0.02666666666666667 0.016666666666666666
