0 0.13 0.05666666666666667 0.02 0.02
0 0.1716666666666667 0.09166666666666667 0.03666666666666667 0.023333333333333334
0 0.21166666666666667 0.12333333333333334 0.016666666666666666 0.013333333333333334
0 0.255 0.165 0.023333333333333334 0.023333333333333334
0 0.29833333333333334 0.21500000000000002 0.023333333333333334 0.023333333333333334
0 0.36833333333333335 0.2816666666666667 0.043333333333333335 0.043333333333333335
0 0.44 0.3516666666666667 0.03333333333333333 0.03666666666666667
0 0.5016666666666667 0.41833333333333333 0.023333333333333334 0.016666666666666666
0 0.5566666666666668 0.4666666666666667 0.05333333333333334 0.04666666666666667
0 0.635 0.5416666666666667 0.03666666666666667 0.05
0 0.6933333333333334 0.615 0.013333333333333334 0.016666666666666666
0 0.7266666666666667 0.6716666666666667 0.02 0.03666666666666667
0 0.7833333333333334 0.7433333333333334 0.013333333333333334 0.02
0 0.8166666666666668 0.79 0.013333333333333334 0.006666666666666667
0 0.8433333333333334 0.8216666666666668 0.013333333333333334 0.016666666666666666
0 0.8733333333333334 0.8566666666666667 0.02 0.02666666666666667
0 0.9033333333333334 0.895 0.02 0.023333333333333334
0 0.9316666666666668 0.935 0.01 0.016666666666666666
0 0.9633333333333334 0.9783333333333334 0.02666666666666667 0.03666666666666667
