0 0.43500000000000005 0.25833333333333336 0.11666666666666667 0.05
0 0.48500000000000004 0.4733333333333334 0.15000000000000002 0.04
0 0.5900000000000001 0.17500000000000002 0.03333333333333333 0.043333333333333335
0 0.6183333333333334 0.23500000000000001 0.03666666666666667 0.03666666666666667
0 0.5966666666666667 0.27166666666666667 0.02666666666666667 0.016666666666666666
0 0.65 0.3216666666666667 0.04666666666666667 0.043333333333333335
0 0.6766666666666667 0.3716666666666667 0.03333333333333333 0.03666666666666667
0 0.7233333333333334 0.42333333333333334 0.04666666666666667 0.04
0 0.7716666666666667 0.4766666666666667 0.043333333333333335 0.05333333333333334
0 0.8016666666666667 0.545 0.03666666666666667 0.06333333333333334
0 0.8450000000000001 0.6066666666666667 0.043333333333333335 0.060000000000000005
0 0.885 0.7183333333333334 0.030000000000000002 0.030000000000000002
0 0.8516666666666667 0.7683333333333334 0.11 0.023333333333333334
0 0.8416666666666667 0.8066666666666668 0.05 0.02
0 0.9033333333333334 0.8416666666666667 0.04 0.05666666666666667
0 0.9133333333333334 0.8833333333333334 0.04 0.02666666666666667
0 0.9600000000000001 0.9383333333333334 0.04 0.05666666666666667
0 0.9283333333333333 0.6866666666666668 0.016666666666666666 0.02
