0 0.9550000000000001 0.08166666666666667 0.023333333333333334 0.05666666666666667
0 0.8983333333333334 0.14333333333333334 0.016666666666666666 0.04
0 0.8616666666666667 0.19166666666666668 0.023333333333333334 0.023333333333333334
0 0.8216666666666668 0.21833333333333335 0.016666666666666666 0.030000000000000002
0 0.78 0.25 0.03333333333333333 0.04666666666666667
0 0.7583333333333334 0.315 0.016666666666666666 0.023333333333333334
0 0.7100000000000001 0.3616666666666667 0.02 0.030000000000000002
0 0.6783333333333333 0.39 0.023333333333333334 0.03333333333333333
0 0.655 0.4266666666666667 0.01 0.02666666666666667
0 0.615 0.4633333333333334 0.016666666666666666 0.03333333333333333
0 0.5750000000000001 0.4916666666666667 0.016666666666666666 0.030000000000000002
0 0.555 0.5266666666666667 0.016666666666666666 0.02666666666666667
0 0.535 0.5583333333333333 0.016666666666666666 0.016666666666666666
0 0.505 0.5966666666666667 0.016666666666666666 0.02
0 0.4766666666666667 0.6183333333333334 0.02 0.023333333333333334
0 0.4466666666666667 0.6433333333333334 0.013333333333333334 0.02
0 0.42500000000000004 0.6733333333333333 0.023333333333333334 0.03333333333333333
0 0.3766666666666667 0.7083333333333334 0.02666666666666667 0.023333333333333334
0 0.3416666666666667 0.7383333333333334 0.016666666666666666 0.030000000000000002
0 0.32 0.775 0.04666666666666667 0.043333333333333335
0 0.27666666666666667 0.805 0.03333333333333333 0.03666666666666667
0 0.22333333333333336 0.8366666666666667 0.03333333333333333 0.02666666666666667
0 0.2 0.8716666666666667 0.013333333333333334 0.016666666666666666
0 0.18333333333333335 0.8983333333333334 0.02 0.030000000000000002
0 0.13833333333333334 0.9216666666666667 0.016666666666666666 0.023333333333333334
0 0.11833333333333335 0.9550000000000001 0.030000000000000002 0.030000000000000002
0 0.8716666666666667 0.27 0.03666666666666667 0.03333333333333333
0 0.8183333333333334 0.3116666666666667 0.030000000000000002 0.023333333333333334
0 0.755 0.385 0.03666666666666667 0.043333333333333335
0 0.805 0.39666666666666667 0.043333333333333335 0.05333333333333334
0 0.7666666666666667 0.4633333333333334 0.02666666666666667 0.03333333333333333
0 0.7416666666666667 0.515 0.023333333333333334 0.043333333333333335
0 0.7066666666666667 0.5800000000000001 0.02 0.04
0 0.6783333333333333 0.6233333333333334 0.023333333333333334 0.02666666666666667
0 0.6716666666666667 0.6733333333333333 0.01 0.03333333333333333
0 0.6833333333333333 0.7333333333333334 0.02 0.03333333333333333
0 0.6366666666666667 0.8016666666666667 0.02666666666666667 0.03666666666666667
0 0.6233333333333334 0.8600000000000001 0.02 0.02666666666666667
0 0.61 0.91 0.013333333333333334 0.02
