0 0.8766666666666667 0.19 0.02 0.02
0 0.8366666666666667 0.23 0.013333333333333334 0.006666666666666667
0 0.7933333333333333 0.24833333333333335 0.02 0.016666666666666666
0 0.7566666666666667 0.27 0.013333333333333334 0.013333333333333334
0 0.7083333333333334 0.29333333333333333 0.016666666666666666 0.02
0 0.6483333333333334 0.32333333333333336 0.016666666666666666 0.013333333333333334
0 0.635 0.3666666666666667 0.05 0.02
0 0.5466666666666667 0.4116666666666667 0.02 0.016666666666666666
0 0.51 0.44 0.02 0.02
0 0.46166666666666667 0.49000000000000005 0.023333333333333334 0.02666666666666667
0 0.4116666666666667 0.5083333333333334 0.016666666666666666 0.016666666666666666
0 0.37833333333333335 0.54 0.016666666666666666 0.02
0 0.3416666666666667 0.5700000000000001 0.016666666666666666 0.02
0 0.30333333333333334 0.5983333333333334 0.02 0.023333333333333334
0 0.2566666666666667 0.6383333333333334 0.03333333333333333 0.023333333333333334
0 0.18000000000000002 0.7000000000000001 0.02666666666666667 0.02666666666666667
0 0.14833333333333334 0.7483333333333334 0.03666666666666667 0.05
0 0.09333333333333334 0.7833333333333334 0.02666666666666667 0.02666666666666667
0 0.05333333333333334 0.8083333333333333 0.04 0.023333333333333334
0 0.03333333333333333 0.8400000000000001 0.04 0.02666666666666667
