0 0.8866666666666667 0.2566666666666667 0.02666666666666667 0.04666666666666667
0 0.8166666666666668 0.3066666666666667 0.006666666666666667 0.02666666666666667
0 0.765 0.3466666666666667 0.0033333333333333335 0.02666666666666667
0 0.6833333333333333 0.39333333333333337 0.006666666666666667 0.02666666666666667
0 0.5950000000000001 0.4716666666666667 0.023333333333333334 0.030000000000000002
0 0.5166666666666667 0.5266666666666667 0.04 0.04
0 0.4666666666666667 0.5883333333333334 0.006666666666666667 0.05
0 0.43500000000000005 0.665 0.043333333333333335 0.05666666666666667
0 0.335 0.7350000000000001 0.043333333333333335 0.05
0 0.265 0.7966666666666667 0.016666666666666666 0.03333333333333333
0 0.17666666666666667 0.8650000000000001 0.04 0.06333333333333334
0 0.26 0.8666666666666667 0.013333333333333334 0.02666666666666667
0 0.23 0.935 0.02666666666666667 0.016666666666666666
0 0.27 0.7000000000000001 0.04666666666666667 0.02666666666666667
0 0.3433333333333334 0.64 0.03333333333333333 0.02
