0 0.23833333333333334 0.20333333333333334 0.023333333333333334 0.02
0 0.27166666666666667 0.22833333333333336 0.023333333333333334 0.016666666666666666
0 0.31 0.255 0.02 0.016666666666666666
0 0.34 0.2816666666666667 0.02 0.016666666666666666
0 0.3666666666666667 0.3116666666666667 0.02 0.023333333333333334
0 0.3916666666666667 0.34 0.016666666666666666 0.02
0 0.41833333333333333 0.36500000000000005 0.023333333333333334 0.023333333333333334
0 0.44333333333333336 0.39333333333333337 0.013333333333333334 0.013333333333333334
0 0.4716666666666667 0.41500000000000004 0.016666666666666666 0.016666666666666666
0 0.4966666666666667 0.44333333333333336 0.006666666666666667 0.006666666666666667
0 0.5283333333333333 0.4733333333333334 0.016666666666666666 0.02
0 0.34 0.4 0.02666666666666667 0.02
0 0.36833333333333335 0.42833333333333334 0.016666666666666666 0.016666666666666666
0 0.40166666666666667 0.46 0.016666666666666666 0.013333333333333334
0 0.4266666666666667 0.4916666666666667 0.013333333333333334 0.016666666666666666
0 0.44833333333333336 0.52 0.01 0.013333333333333334
0 0.4766666666666667 0.55 0.013333333333333334 0.013333333333333334
0 0.5083333333333334 0.5850000000000001 0.016666666666666666 0.023333333333333334
0 0.11 0.14 0.02666666666666667 0.02666666666666667
0 0.14333333333333334 0.12000000000000001 0.02 0.02666666666666667
0 0.17333333333333334 0.13833333333333334 0.02 0.023333333333333334
0 0.2016666666666667 0.17333333333333334 0.016666666666666666 0.02
