0 0.535 0.34833333333333333 0.03666666666666667 0.06333333333333334
0 0.5983333333333334 0.2833333333333333 0.10333333333333335 0.04
0 0.6033333333333334 0.36833333333333335 0.060000000000000005 0.09000000000000001
0 0.5733333333333334 0.445 0.06666666666666667 0.05666666666666667
0 0.5516666666666667 0.5183333333333333 0.05666666666666667 0.06333333333333334
0 0.49500000000000005 0.6016666666666667 0.023333333333333334 0.030000000000000002
0 0.2966666666666667 0.8616666666666667 0.02666666666666667 0.016666666666666666
0 0.34833333333333333 0.8150000000000001 0.030000000000000002 0.016666666666666666
0 0.38833333333333336 0.7933333333333333 0.03666666666666667 0.013333333333333334
0 0.41000000000000003 0.76 0.02 0.006666666666666667
0 0.4566666666666667 0.7200000000000001 0.02666666666666667 0.013333333333333334
0 0.48333333333333334 0.6816666666666668 0.02 0.016666666666666666
