0 0.10333333333333335 0.16833333333333333 0.013333333333333334 0.01
0 0.15666666666666668 0.20833333333333334 0.03333333333333333 0.030000000000000002
0 0.21333333333333335 0.255 0.03333333333333333 0.030000000000000002
0 0.265 0.30333333333333334 0.043333333333333335 0.04
0 0.31333333333333335 0.3516666666666667 0.03333333333333333 0.023333333333333334
0 0.41500000000000004 0.4033333333333334 0.023333333333333334 0.02
0 0.3816666666666667 0.4666666666666667 0.023333333333333334 0.02666666666666667
0 0.42333333333333334 0.5033333333333334 0.04 0.02666666666666667
0 0.465 0.5316666666666667 0.030000000000000002 0.023333333333333334
0 0.5066666666666667 0.5583333333333333 0.04 0.023333333333333334
0 0.6066666666666667 0.63 0.04 0.03333333333333333
0 0.7200000000000001 0.7716666666666667 0.02 0.023333333333333334
0 0.755 0.8333333333333334 0.023333333333333334 0.02666666666666667
0 0.7933333333333333 0.9133333333333334 0.02666666666666667 0.03333333333333333
