0 0.04 0.015000000000000001 0.02 0.023333333333333334
0 0.08833333333333333 0.07500000000000001 0.030000000000000002 0.03666666666666667
0 0.11 0.12666666666666668 0.013333333333333334 0.02
0 0.13 0.16166666666666668 0.03333333333333333 0.023333333333333334
0 0.14666666666666667 0.19666666666666668 0.02 0.02
0 0.16666666666666669 0.22166666666666668 0.02 0.030000000000000002
0 0.19666666666666668 0.26333333333333336 0.02 0.03333333333333333
0 0.23 0.315 0.02666666666666667 0.03666666666666667
0 0.27 0.36500000000000005 0.02 0.030000000000000002
0 0.32 0.4566666666666667 0.03333333333333333 0.03333333333333333
0 0.3516666666666667 0.4716666666666667 0.016666666666666666 0.030000000000000002
0 0.37333333333333335 0.52 0.02666666666666667 0.03333333333333333
0 0.37333333333333335 0.5666666666666667 0.02 0.03333333333333333
0 0.4033333333333334 0.6066666666666667 0.03333333333333333 0.04
0 0.44 0.67 0.03333333333333333 0.03333333333333333
0 0.4716666666666667 0.7033333333333334 0.016666666666666666 0.02666666666666667
0 0.5016666666666667 0.7466666666666667 0.016666666666666666 0.02666666666666667
