0 0.18000000000000002 0.8016666666666667 0.04 0.03666666666666667
0 0.16333333333333333 0.8550000000000001 0.013333333333333334 0.030000000000000002
0 0.10833333333333334 0.91 0.023333333333333334 0.02666666666666667
0 0.12333333333333334 0.9600000000000001 0.04666666666666667 0.02666666666666667
0 0.21000000000000002 0.7283333333333334 0.03333333333333333 0.016666666666666666
0 0.25333333333333335 0.6966666666666667 0.02666666666666667 0.013333333333333334
0 0.29500000000000004 0.6216666666666667 0.023333333333333334 0.0033333333333333335
0 0.33333333333333337 0.5983333333333334 0.02666666666666667 0.01
0 0.36833333333333335 0.5683333333333334 0.023333333333333334 0.030000000000000002
0 0.4083333333333334 0.5366666666666667 0.016666666666666666 0.013333333333333334
0 0.44 0.48500000000000004 0.013333333333333334 0.023333333333333334
0 0.47500000000000003 0.4566666666666667 0.030000000000000002 0.013333333333333334
0 0.5183333333333333 0.42333333333333334 0.023333333333333334 0.013333333333333334
0 0.6016666666666667 0.31833333333333336 0.023333333333333334 0.01
0 0.6583333333333333 0.28 0.016666666666666666 0.013333333333333334
0 0.6866666666666668 0.25 0.013333333333333334 0.013333333333333334
0 0.7300000000000001 0.22333333333333336 0.013333333333333334 0.02666666666666667
