0 0.17333333333333334 0.22 0.02 0.02
0 0.21500000000000002 0.265 0.016666666666666666 0.016666666666666666
0 0.25833333333333336 0.315 0.016666666666666666 0.016666666666666666
0 0.33333333333333337 0.37833333333333335 0.05333333333333334 0.05666666666666667
0 0.4033333333333334 0.44833333333333336 0.013333333333333334 0.016666666666666666
0 0.4366666666666667 0.48500000000000004 0.02666666666666667 0.030000000000000002
0 0.49000000000000005 0.545 0.02666666666666667 0.03666666666666667
0 0.5866666666666667 0.5966666666666667 0.02666666666666667 0.02
0 0.6266666666666667 0.625 0.02666666666666667 0.023333333333333334
0 0.7250000000000001 0.6783333333333333 0.023333333333333334 0.030000000000000002
0 0.7783333333333334 0.7133333333333334 0.030000000000000002 0.02
0 0.8283333333333334 0.7583333333333334 0.043333333333333335 0.023333333333333334
0 0.5583333333333333 0.7000000000000001 0.030000000000000002 0.013333333333333334
0 0.5866666666666667 0.7233333333333334 0.02 0.013333333333333334
0 0.6166666666666667 0.755 0.03333333333333333 0.023333333333333334
0 0.66 0.7833333333333334 0.04666666666666667 0.02666666666666667
0 0.7050000000000001 0.8133333333333334 0.023333333333333334 0.02
0 0.7400000000000001 0.8316666666666667 0.03333333333333333 0.016666666666666666
0 0.78 0.8583333333333334 0.03333333333333333 0.023333333333333334
0 0.88 0.9516666666666668 0.04 0.05
