0 0.12333333333333334 0.19666666666666668 0.02 0.02
0 0.15000000000000002 0.23500000000000001 0.02 0.016666666666666666
0 0.18500000000000003 0.265 0.016666666666666666 0.01
0 0.21666666666666667 0.2916666666666667 0.02 0.023333333333333334
0 0.24833333333333335 0.32 0.016666666666666666 0.013333333333333334
0 0.275 0.34500000000000003 0.023333333333333334 0.023333333333333334
0 0.30833333333333335 0.3866666666666667 0.023333333333333334 0.02
0 0.34500000000000003 0.4266666666666667 0.023333333333333334 0.02666666666666667
0 0.375 0.455 0.016666666666666666 0.01
0 0.4066666666666667 0.48000000000000004 0.02 0.013333333333333334
0 0.45 0.5116666666666667 0.02666666666666667 0.016666666666666666
0 0.4816666666666667 0.5583333333333333 0.023333333333333334 0.016666666666666666
0 0.5166666666666667 0.5900000000000001 0.02666666666666667 0.02666666666666667
0 0.545 0.625 0.016666666666666666 0.016666666666666666
0 0.5716666666666667 0.675 0.023333333333333334 0.016666666666666666
0 0.61 0.7116666666666667 0.02 0.016666666666666666
0 0.6416666666666667 0.75 0.016666666666666666 0.02
0 0.67 0.7633333333333334 0.013333333333333334 0.013333333333333334
0 0.6616666666666667 0.7866666666666667 0.016666666666666666 0.013333333333333334
0 0.6516666666666667 0.525 0.030000000000000002 0.023333333333333334
0 0.6783333333333333 0.545 0.016666666666666666 0.016666666666666666
