0 0.6866666666666668 0.51 0.060000000000000005 0.14
0 0.775 0.5383333333333333 0.023333333333333334 0.03666666666666667
0 0.7983333333333333 0.5950000000000001 0.023333333333333334 0.05
0 0.8216666666666668 0.655 0.016666666666666666 0.03666666666666667
0 0.8533333333333334 0.7483333333333334 0.013333333333333334 0.06333333333333334
0 0.745 0.9316666666666668 0.023333333333333334 0.11
0 0.5533333333333333 0.26833333333333337 0.02 0.03666666666666667
0 0.5883333333333334 0.30333333333333334 0.03666666666666667 0.02666666666666667
0 0.6216666666666667 0.34 0.01 0.02
0 0.455 0.19666666666666668 0.016666666666666666 0.02666666666666667
0 0.49000000000000005 0.22 0.02 0.02
0 0.5316666666666667 0.25 0.016666666666666666 0.013333333333333334
