0 0.805 0.3416666666666667 0.03666666666666667 0.07666666666666667
0 0.8383333333333334 0.32833333333333337 0.023333333333333334 0.03666666666666667
0 0.8616666666666667 0.3066666666666667 0.023333333333333334 0.02
0 0.885 0.275 0.023333333333333334 0.023333333333333334
0 0.9033333333333334 0.24333333333333335 0.02 0.02666666666666667
0 0.925 0.2 0.023333333333333334 0.04
0 0.9016666666666667 0.2 0.023333333333333334 0.02666666666666667
0 0.8783333333333334 0.22666666666666668 0.016666666666666666 0.02
0 0.8616666666666667 0.24833333333333335 0.016666666666666666 0.016666666666666666
0 0.8483333333333334 0.26666666666666666 0.023333333333333334 0.02
0 0.8200000000000001 0.29333333333333333 0.03333333333333333 0.02
0 0.8 0.39666666666666667 0.04 0.03333333333333333
0 0.7883333333333333 0.42833333333333334 0.030000000000000002 0.023333333333333334
0 0.7733333333333334 0.4566666666666667 0.03333333333333333 0.02666666666666667
0 0.7516666666666667 0.4966666666666667 0.05 0.04
0 0.7333333333333334 0.5416666666666667 0.02666666666666667 0.03666666666666667
0 0.775 0.33 0.030000000000000002 0.02666666666666667
0 0.7483333333333334 0.34833333333333333 0.023333333333333334 0.023333333333333334
0 0.7233333333333334 0.36833333333333335 0.02666666666666667 0.016666666666666666
0 0.7000000000000001 0.3866666666666667 0.02666666666666667 0.013333333333333334
0 0.675 0.4033333333333334 0.016666666666666666 0.013333333333333334
0 0.655 0.41500000000000004 0.023333333333333334 0.016666666666666666
0 0.6416666666666667 0.43000000000000005 0.01 0.013333333333333334
0 0.625 0.4416666666666667 0.016666666666666666 0.01
0 0.6016666666666667 0.4566666666666667 0.023333333333333334 0.013333333333333334
0 0.6566666666666667 0.32333333333333336 0.02 0.02
0 0.64 0.3433333333333334 0.013333333333333334 0.02
0 0.5966666666666667 0.68 0.02666666666666667 0.04
0 0.6283333333333334 0.665 0.023333333333333334 0.023333333333333334
0 0.5683333333333334 0.7016666666666667 0.030000000000000002 0.030000000000000002
