0 0.26166666666666666 0.39 0.030000000000000002 0.02666666666666667
0 0.38833333333333336 0.255 0.03666666666666667 0.016666666666666666
0 0.42500000000000004 0.23833333333333334 0.03666666666666667 0.016666666666666666
0 0.4566666666666667 0.21666666666666667 0.02666666666666667 0.02
0 0.48333333333333334 0.2016666666666667 0.02666666666666667 0.023333333333333334
0 0.51 0.19333333333333336 0.02 0.013333333333333334
0 0.5216666666666667 0.24333333333333335 0.016666666666666666 0.013333333333333334
0 0.5433333333333333 0.225 0.013333333333333334 0.01
0 0.55 0.16833333333333333 0.02666666666666667 0.016666666666666666
0 0.5733333333333334 0.14833333333333334 0.02 0.016666666666666666
0 0.5966666666666667 0.12333333333333334 0.02 0.013333333333333334
0 0.6233333333333334 0.115 0.02 0.016666666666666666
0 0.6483333333333334 0.09666666666666668 0.023333333333333334 0.013333333333333334
0 0.6766666666666667 0.08333333333333334 0.02666666666666667 0.02
0 0.3383333333333334 0.6716666666666667 0.016666666666666666 0.01
0 0.6466666666666667 0.3216666666666667 0.02 0.016666666666666666
0 0.63 0.3416666666666667 0.02 0.01
0 0.7116666666666667 0.2566666666666667 0.01 0.013333333333333334
