0 0.7216666666666667 0.6033333333333334 0.030000000000000002 0.02666666666666667
0 0.6566666666666667 0.30833333333333335 0.013333333333333334 0.016666666666666666
0 0.4516666666666667 0.8083333333333333 0.03666666666666667 0.016666666666666666
0 0.505 0.79 0.03666666666666667 0.02
0 0.5416666666666667 0.7716666666666667 0.05 0.016666666666666666
0 0.5716666666666667 0.75 0.023333333333333334 0.013333333333333334
0 0.6033333333333334 0.7300000000000001 0.03333333333333333 0.013333333333333334
0 0.42333333333333334 0.8316666666666667 0.03333333333333333 0.016666666666666666
0 0.4033333333333334 0.7783333333333334 0.013333333333333334 0.016666666666666666
0 0.3866666666666667 0.8016666666666667 0.013333333333333334 0.01
0 0.3766666666666667 0.8200000000000001 0.013333333333333334 0.013333333333333334
0 0.36833333333333335 0.8433333333333334 0.016666666666666666 0.013333333333333334
0 0.34833333333333333 0.8600000000000001 0.016666666666666666 0.013333333333333334
0 0.39333333333333337 0.8600000000000001 0.02 0.006666666666666667
0 0.3516666666666667 0.655 0.030000000000000002 0.016666666666666666
