0 0.26666666666666666 0.4166666666666667 0.013333333333333334 0.02
0 0.24333333333333335 0.4466666666666667 0.013333333333333334 0.013333333333333334
0 0.17 0.5466666666666667 0.02 0.02666666666666667
0 0.13333333333333333 0.5816666666666667 0.02 0.01
0 0.06333333333333334 0.6733333333333333 0.02666666666666667 0.02666666666666667
0 0.043333333333333335 0.7066666666666667 0.03333333333333333 0.02
0 0.06666666666666667 0.21166666666666667 0.013333333333333334 0.016666666666666666
0 0.05 0.23833333333333334 0.02666666666666667 0.016666666666666666
0 0.025 0.26 0.016666666666666666 0.013333333333333334
0 0.018333333333333333 0.36333333333333334 0.016666666666666666 0.013333333333333334
0 0.04 0.33333333333333337 0.02 0.013333333333333334
0 0.06666666666666667 0.3016666666666667 0.02 0.01
