0 0.5233333333333333 0.195 0.05333333333333334 0.38333333333333336
0 0.5166666666666667 0.5133333333333334 0.04 0.24000000000000002
0 0.505 0.6933333333333334 0.023333333333333334 0.1
0 0.5 0.8016666666666667 0.03333333333333333 0.09666666666666668
0 0.49500000000000005 0.92 0.023333333333333334 0.14
0 0.3866666666666667 0.043333333333333335 0.02 0.08666666666666667
0 0.3766666666666667 0.13166666666666668 0.02 0.08333333333333334
0 0.3566666666666667 0.24833333333333335 0.02666666666666667 0.17
0 0.34 0.4316666666666667 0.02666666666666667 0.18333333333333335
0 0.33666666666666667 0.5566666666666668 0.013333333333333334 0.04
0 0.325 0.615 0.05666666666666667 0.05
0 0.32333333333333336 0.7316666666666667 0.02 0.17666666666666667
0 0.31 0.915 0.03333333333333333 0.16333333333333333
0 0.3416666666666667 0.03666666666666667 0.023333333333333334 0.07333333333333333
0 0.32333333333333336 0.18166666666666667 0.013333333333333334 0.21666666666666667
0 0.29333333333333333 0.34 0.02666666666666667 0.15333333333333335
0 0.28 0.48000000000000004 0.013333333333333334 0.09333333333333334
0 0.26666666666666666 0.5916666666666667 0.013333333333333334 0.10333333333333335
0 0.25333333333333335 0.6983333333333334 0.013333333333333334 0.07666666666666667
0 0.24166666666666667 0.8666666666666667 0.030000000000000002 0.24666666666666667
