0 0.505 0.08333333333333334 0.030000000000000002 0.16666666666666669
0 0.48833333333333334 0.225 0.016666666666666666 0.09666666666666668
0 0.48833333333333334 0.31333333333333335 0.01 0.08666666666666667
0 0.48000000000000004 0.48833333333333334 0.02666666666666667 0.24333333333333335
0 0.4716666666666667 0.8 0.043333333333333335 0.37333333333333335
0 0.6833333333333333 0.1 0.03333333333333333 0.18666666666666668
0 0.66 0.26666666666666666 0.02 0.14666666666666667
0 0.6666666666666667 0.375 0.02666666666666667 0.05
0 0.6533333333333333 0.43500000000000005 0.013333333333333334 0.05666666666666667
0 0.655 0.5366666666666667 0.016666666666666666 0.14
0 0.6366666666666667 0.7116666666666667 0.02666666666666667 0.19666666666666668
0 0.6233333333333334 0.8516666666666667 0.013333333333333334 0.07
0 0.6033333333333334 0.9400000000000001 0.013333333333333334 0.10666666666666667
0 0.7533333333333334 0.11666666666666667 0.006666666666666667 0.23333333333333334
0 0.7383333333333334 0.3066666666666667 0.01 0.12000000000000001
0 0.7283333333333334 0.41000000000000003 0.023333333333333334 0.1
0 0.7150000000000001 0.5366666666666667 0.023333333333333334 0.15333333333333335
0 0.6966666666666667 0.655 0.02666666666666667 0.12333333333333334
0 0.6816666666666668 0.745 0.030000000000000002 0.05666666666666667
0 0.6583333333333333 0.8933333333333334 0.023333333333333334 0.2
