0 0.02666666666666667 0.8183333333333334 0.02666666666666667 0.043333333333333335
0 0.08833333333333333 0.8283333333333334 0.08333333333333334 0.05
0 0.23333333333333334 0.8166666666666668 0.19333333333333336 0.04
0 0.37333333333333335 0.8133333333333334 0.07333333333333333 0.060000000000000005
0 0.43333333333333335 0.785 0.03333333333333333 0.043333333333333335
0 0.4733333333333334 0.76 0.03333333333333333 0.04
0 0.5166666666666667 0.7366666666666667 0.04 0.03333333333333333
0 0.5516666666666667 0.7116666666666667 0.030000000000000002 0.030000000000000002
0 0.5833333333333334 0.68 0.03333333333333333 0.04
0 0.615 0.6633333333333333 0.030000000000000002 0.04666666666666667
0 0.6533333333333333 0.6466666666666667 0.02666666666666667 0.02
0 0.68 0.6183333333333334 0.02666666666666667 0.023333333333333334
