0 0.4866666666666667 0.37833333333333335 0.03333333333333333 0.043333333333333335
0 0.525 0.42833333333333334 0.030000000000000002 0.03666666666666667
0 0.5683333333333334 0.4966666666666667 0.043333333333333335 0.05333333333333334
0 0.61 0.545 0.05333333333333334 0.043333333333333335
0 0.5966666666666667 0.5800000000000001 0.04 0.02666666666666667
0 0.6533333333333333 0.5966666666666667 0.04666666666666667 0.05333333333333334
0 0.6783333333333333 0.6733333333333333 0.05 0.06666666666666667
0 0.7300000000000001 0.755 0.05333333333333334 0.09000000000000001
0 0.7766666666666667 0.8433333333333334 0.04666666666666667 0.04666666666666667
0 0.795 0.9016666666666667 0.06333333333333334 0.05666666666666667
