0 0.7216666666666667 0.6000000000000001 0.030000000000000002 0.02666666666666667
0 0.465 0.8066666666666668 0.023333333333333334 0.02666666666666667
0 0.49333333333333335 0.7983333333333333 0.02 0.023333333333333334
0 0.5133333333333334 0.7783333333333334 0.013333333333333334 0.01
0 0.5383333333333333 0.7683333333333334 0.016666666666666666 0.016666666666666666
0 0.5700000000000001 0.7583333333333334 0.02 0.016666666666666666
0 0.5916666666666667 0.7366666666666667 0.030000000000000002 0.02
0 0.43500000000000005 0.8133333333333334 0.030000000000000002 0.02
0 0.41833333333333333 0.8350000000000001 0.023333333333333334 0.023333333333333334
0 0.4 0.8566666666666667 0.02 0.013333333333333334
0 0.3766666666666667 0.8733333333333334 0.02 0.013333333333333334
0 0.35500000000000004 0.8883333333333334 0.016666666666666666 0.01
0 0.3616666666666667 0.8383333333333334 0.016666666666666666 0.01
0 0.39 0.8283333333333334 0.02 0.01
0 0.40166666666666667 0.7933333333333333 0.016666666666666666 0.013333333333333334
0 0.41000000000000003 0.7783333333333334 0.013333333333333334 0.01
0 0.6566666666666667 0.3116666666666667 0.02 0.016666666666666666
0 0.35000000000000003 0.655 0.04 0.016666666666666666
0 0.2783333333333334 0.7233333333333334 0.030000000000000002 0.02
