0 0.26166666666666666 0.395 0.030000000000000002 0.030000000000000002
0 0.38 0.26166666666666666 0.02 0.01
0 0.4083333333333334 0.255 0.023333333333333334 0.016666666666666666
0 0.43500000000000005 0.2366666666666667 0.023333333333333334 0.02
0 0.46 0.22166666666666668 0.02 0.01
0 0.48833333333333334 0.20500000000000002 0.030000000000000002 0.023333333333333334
0 0.5183333333333333 0.19333333333333336 0.030000000000000002 0.02666666666666667
0 0.5416666666666667 0.18500000000000003 0.016666666666666666 0.023333333333333334
0 0.5666666666666667 0.15666666666666668 0.02 0.02
0 0.5933333333333334 0.13833333333333334 0.02666666666666667 0.01
0 0.6233333333333334 0.12333333333333334 0.02 0.013333333333333334
0 0.6166666666666667 0.155 0.013333333333333334 0.01
0 0.6083333333333334 0.17833333333333334 0.0033333333333333335 0.016666666666666666
0 0.5933333333333334 0.2 0.0 0.013333333333333334
0 0.635 0.33166666666666667 0.023333333333333334 0.016666666666666666
0 0.7100000000000001 0.26833333333333337 0.013333333333333334 0.016666666666666666
