0 0.9233333333333333 0.3116666666666667 0.03333333333333333 0.030000000000000002
0 0.9516666666666668 0.28500000000000003 0.023333333333333334 0.030000000000000002
0 0.8516666666666667 0.4083333333333334 0.016666666666666666 0.023333333333333334
0 0.8300000000000001 0.43500000000000005 0.02 0.023333333333333334
0 0.8083333333333333 0.46166666666666667 0.023333333333333334 0.03666666666666667
0 0.7766666666666667 0.5066666666666667 0.006666666666666667 0.02666666666666667
0 0.7583333333333334 0.5316666666666667 0.01 0.016666666666666666
0 0.7400000000000001 0.545 0.013333333333333334 0.01
0 0.7216666666666667 0.5650000000000001 0.01 0.01
0 0.7066666666666667 0.5916666666666667 0.02666666666666667 0.023333333333333334
0 0.9850000000000001 0.5916666666666667 0.023333333333333334 0.030000000000000002
0 0.9616666666666668 0.625 0.023333333333333334 0.023333333333333334
0 0.9450000000000001 0.6566666666666667 0.016666666666666666 0.02
0 0.9233333333333333 0.6866666666666668 0.02 0.02
0 0.8933333333333334 0.7183333333333334 0.02 0.023333333333333334
0 0.9083333333333334 0.7833333333333334 0.043333333333333335 0.04666666666666667
0 0.9433333333333334 0.745 0.03333333333333333 0.030000000000000002
0 0.9766666666666667 0.7116666666666667 0.02666666666666667 0.023333333333333334
0 0.8416666666666667 0.8316666666666667 0.030000000000000002 0.030000000000000002
