0 0.23833333333333334 0.21333333333333335 0.023333333333333334 0.03333333333333333
0 0.25833333333333336 0.2516666666666667 0.01 0.016666666666666666
0 0.27166666666666667 0.29333333333333333 0.01 0.013333333333333334
0 0.28833333333333333 0.33333333333333337 0.016666666666666666 0.02
0 0.29833333333333334 0.37333333333333335 0.016666666666666666 0.02
0 0.31833333333333336 0.4066666666666667 0.016666666666666666 0.02666666666666667
0 0.34500000000000003 0.45 0.016666666666666666 0.02666666666666667
0 0.3766666666666667 0.5016666666666667 0.013333333333333334 0.030000000000000002
0 0.4033333333333334 0.5466666666666667 0.013333333333333334 0.02
0 0.43500000000000005 0.5933333333333334 0.016666666666666666 0.02
0 0.4716666666666667 0.6216666666666667 0.016666666666666666 0.016666666666666666
0 0.5033333333333334 0.6716666666666667 0.02 0.023333333333333334
0 0.525 0.7016666666666667 0.016666666666666666 0.023333333333333334
0 0.6966666666666667 0.6483333333333334 0.03333333333333333 0.043333333333333335
0 0.7050000000000001 0.7050000000000001 0.023333333333333334 0.023333333333333334
0 0.7300000000000001 0.7383333333333334 0.02 0.023333333333333334
0 0.5950000000000001 0.7883333333333333 0.023333333333333334 0.023333333333333334
0 0.6233333333333334 0.8183333333333334 0.03333333333333333 0.03666666666666667
0 0.6966666666666667 0.9133333333333334 0.02 0.02666666666666667
0 0.7216666666666667 0.9400000000000001 0.030000000000000002 0.02666666666666667
0 0.7483333333333334 0.9683333333333334 0.023333333333333334 0.023333333333333334
0 0.30833333333333335 0.04833333333333334 0.07666666666666667 0.05666666666666667
0 0.37833333333333335 0.02 0.07 0.03333333333333333
