0 0.5733333333333334 0.4466666666666667 0.006666666666666667 0.02
0 0.5966666666666667 0.38333333333333336 0.02 0.06666666666666667
0 0.5916666666666667 0.4366666666666667 0.01 0.03333333333333333
0 0.6566666666666667 0.6533333333333333 0.02 0.02
0 0.6566666666666667 0.5716666666666667 0.013333333333333334 0.023333333333333334
0 0.6766666666666667 0.61 0.013333333333333334 0.02
0 0.6966666666666667 0.66 0.013333333333333334 0.03333333333333333
0 0.7216666666666667 0.665 0.016666666666666666 0.016666666666666666
0 0.635 0.42500000000000004 0.016666666666666666 0.16333333333333333
0 0.75 0.67 0.013333333333333334 0.02
0 0.7633333333333334 0.7066666666666667 0.013333333333333334 0.02666666666666667
0 0.7866666666666667 0.765 0.013333333333333334 0.01
0 0.5333333333333333 0.6916666666666668 0.013333333333333334 0.016666666666666666
0 0.5466666666666667 0.7283333333333334 0.02 0.016666666666666666
