0 0.17333333333333334 0.25833333333333336 0.02 0.016666666666666666
0 0.225 0.29833333333333334 0.05 0.043333333333333335
0 0.275 0.35833333333333334 0.05666666666666667 0.043333333333333335
0 0.035 0.28 0.05 0.04666666666666667
0 0.08 0.29500000000000004 0.03333333333333333 0.030000000000000002
0 0.11333333333333334 0.3166666666666667 0.02666666666666667 0.02666666666666667
0 0.14166666666666666 0.35000000000000003 0.023333333333333334 0.02
0 0.17833333333333334 0.35833333333333334 0.030000000000000002 0.016666666666666666
0 0.17 0.37833333333333335 0.03333333333333333 0.016666666666666666
0 0.2016666666666667 0.4 0.023333333333333334 0.02
0 0.23833333333333334 0.4033333333333334 0.023333333333333334 0.02
0 0.2366666666666667 0.43000000000000005 0.02666666666666667 0.02
0 0.26666666666666666 0.43333333333333335 0.02 0.03333333333333333
0 0.2966666666666667 0.46 0.03333333333333333 0.04666666666666667
0 0.32833333333333337 0.4916666666666667 0.030000000000000002 0.043333333333333335
0 0.36333333333333334 0.5216666666666667 0.02666666666666667 0.03666666666666667
0 0.3916666666666667 0.5416666666666667 0.016666666666666666 0.023333333333333334
0 0.41500000000000004 0.5616666666666666 0.016666666666666666 0.016666666666666666
0 0.4466666666666667 0.5733333333333334 0.02666666666666667 0.02666666666666667
0 0.47500000000000003 0.5966666666666667 0.023333333333333334 0.02
0 0.5016666666666667 0.615 0.016666666666666666 0.016666666666666666
0 0.5283333333333333 0.6366666666666667 0.023333333333333334 0.02
0 0.5533333333333333 0.655 0.02 0.016666666666666666
0 0.5766666666666667 0.675 0.02 0.016666666666666666
0 0.6000000000000001 0.6950000000000001 0.02 0.023333333333333334
0 0.6266666666666667 0.7216666666666667 0.02666666666666667 0.030000000000000002
0 0.655 0.7400000000000001 0.023333333333333334 0.02
0 0.685 0.7483333333333334 0.023333333333333334 0.023333333333333334
0 0.7100000000000001 0.7633333333333334 0.013333333333333334 0.013333333333333334
0 0.7333333333333334 0.7783333333333334 0.02 0.01
0 0.7633333333333334 0.7933333333333333 0.02 0.02
0 0.9600000000000001 0.8750000000000001 0.05333333333333334 0.06333333333333334
0 0.8033333333333333 0.7966666666666667 0.04666666666666667 0.03333333333333333
0 0.8550000000000001 0.8400000000000001 0.06333333333333334 0.02666666666666667
0 0.905 0.8650000000000001 0.05 0.043333333333333335
0 0.3216666666666667 0.39666666666666667 0.030000000000000002 0.03333333333333333
0 0.35333333333333333 0.43000000000000005 0.04 0.04
0 0.39333333333333337 0.4633333333333334 0.03333333333333333 0.04
0 0.43333333333333335 0.4916666666666667 0.02666666666666667 0.030000000000000002
0 0.47000000000000003 0.515 0.04 0.03666666666666667
0 0.5066666666666667 0.5316666666666667 0.03333333333333333 0.03666666666666667
0 0.5433333333333333 0.5566666666666668 0.04 0.04
0 0.5816666666666667 0.5800000000000001 0.03666666666666667 0.04
0 0.6166666666666667 0.5966666666666667 0.02666666666666667 0.03333333333333333
0 0.6466666666666667 0.6183333333333334 0.02666666666666667 0.03666666666666667
0 0.68 0.6466666666666667 0.03333333333333333 0.04
0 0.7166666666666667 0.67 0.03333333333333333 0.03333333333333333
0 0.7483333333333334 0.6883333333333334 0.023333333333333334 0.030000000000000002
0 0.7716666666666667 0.7100000000000001 0.030000000000000002 0.02666666666666667
0 0.805 0.7350000000000001 0.03666666666666667 0.030000000000000002
0 0.8533333333333334 0.7683333333333334 0.02666666666666667 0.023333333333333334
0 0.8783333333333334 0.7883333333333333 0.023333333333333334 0.016666666666666666
