0 0.16166666666666668 0.3816666666666667 0.030000000000000002 0.03666666666666667
0 0.18666666666666668 0.43500000000000005 0.013333333333333334 0.023333333333333334
0 0.20333333333333334 0.49000000000000005 0.013333333333333334 0.02666666666666667
0 0.2 0.555 0.02 0.023333333333333334
0 0.19 0.6416666666666667 0.02666666666666667 0.023333333333333334
0 0.2066666666666667 0.7116666666666667 0.02666666666666667 0.030000000000000002
0 0.6583333333333333 0.3566666666666667 0.023333333333333334 0.02666666666666667
0 0.68 0.39666666666666667 0.02 0.03333333333333333
0 0.6983333333333334 0.44333333333333336 0.01 0.03333333333333333
0 0.775 0.6116666666666667 0.016666666666666666 0.043333333333333335
0 0.7883333333333333 0.66 0.023333333333333334 0.03333333333333333
0 0.7816666666666667 0.7533333333333334 0.023333333333333334 0.02666666666666667
0 0.79 0.8033333333333333 0.013333333333333334 0.02666666666666667
