0 0.19666666666666668 0.17666666666666667 0.04 0.04
0 0.2066666666666667 0.24000000000000002 0.03333333333333333 0.04
0 0.22166666666666668 0.3116666666666667 0.023333333333333334 0.05666666666666667
0 0.22666666666666668 0.37000000000000005 0.02 0.02666666666666667
0 0.3116666666666667 0.5333333333333333 0.030000000000000002 0.05333333333333334
0 0.3416666666666667 0.6183333333333334 0.043333333333333335 0.07666666666666667
0 0.4033333333333334 0.7433333333333334 0.04 0.04
0 0.44 0.805 0.02666666666666667 0.03666666666666667
0 0.7566666666666667 0.21500000000000002 0.02 0.030000000000000002
0 0.7966666666666667 0.315 0.02 0.07
0 0.8 0.5166666666666667 0.03333333333333333 0.06666666666666667
0 0.805 0.625 0.06333333333333334 0.09666666666666668
0 0.8150000000000001 0.7166666666666667 0.023333333333333334 0.05333333333333334
