0 0.4133333333333334 0.17833333333333334 0.03333333333333333 0.09000000000000001
0 0.42500000000000004 0.27 0.030000000000000002 0.060000000000000005
0 0.44 0.33 0.02666666666666667 0.04
0 0.45833333333333337 0.38833333333333336 0.030000000000000002 0.05
0 0.4733333333333334 0.44833333333333336 0.02666666666666667 0.06333333333333334
0 0.4816666666666667 0.51 0.016666666666666666 0.04666666666666667
0 0.505 0.5816666666666667 0.023333333333333334 0.07666666666666667
0 0.5416666666666667 0.6633333333333333 0.030000000000000002 0.05333333333333334
0 0.6000000000000001 0.38 0.05333333333333334 0.2733333333333334
0 0.5883333333333334 0.5700000000000001 0.05 0.10666666666666667
0 0.5866666666666667 0.7000000000000001 0.02 0.11333333333333334
