0 0.4116666666666667 0.4766666666666667 0.09666666666666668 0.17333333333333334
0 0.31 0.625 0.08 0.06333333333333334
0 0.23833333333333334 0.675 0.03666666666666667 0.05
0 0.2066666666666667 0.7166666666666667 0.060000000000000005 0.04
0 0.15000000000000002 0.7666666666666667 0.060000000000000005 0.04666666666666667
0 0.04833333333333334 0.8416666666666667 0.05666666666666667 0.03666666666666667
0 0.35333333333333333 0.20333333333333334 0.08666666666666667 0.06666666666666667
0 0.4083333333333334 0.3516666666666667 0.06333333333333334 0.05
0 0.30833333333333335 0.14333333333333334 0.030000000000000002 0.03333333333333333
0 0.3866666666666667 0.265 0.02 0.016666666666666666
