0 0.018333333333333333 0.095 0.030000000000000002 0.030000000000000002
0 0.055 0.12666666666666668 0.03666666666666667 0.03333333333333333
0 0.1 0.16166666666666668 0.03333333333333333 0.023333333333333334
0 0.4116666666666667 0.43000000000000005 0.016666666666666666 0.02666666666666667
0 0.3816666666666667 0.5266666666666667 0.01 0.013333333333333334
0 0.3983333333333334 0.545 0.016666666666666666 0.01
0 0.4266666666666667 0.5716666666666667 0.013333333333333334 0.016666666666666666
0 0.455 0.5850000000000001 0.016666666666666666 0.01
0 0.19166666666666668 0.3416666666666667 0.016666666666666666 0.016666666666666666
0 0.22 0.37000000000000005 0.02 0.013333333333333334
0 0.24500000000000002 0.3916666666666667 0.016666666666666666 0.016666666666666666
0 0.2733333333333334 0.41833333333333333 0.013333333333333334 0.01
0 0.29833333333333334 0.4416666666666667 0.023333333333333334 0.016666666666666666
0 0.32833333333333337 0.4733333333333334 0.016666666666666666 0.013333333333333334
0 0.3566666666666667 0.5016666666666667 0.02 0.016666666666666666
0 0.12000000000000001 0.23333333333333334 0.02666666666666667 0.03333333333333333
