0 0.5966666666666667 0.265 0.060000000000000005 0.05666666666666667
0 0.5566666666666668 0.30333333333333334 0.060000000000000005 0.04666666666666667
0 0.7150000000000001 0.36000000000000004 0.19666666666666668 0.08
0 0.7000000000000001 0.4716666666666667 0.16666666666666669 0.11666666666666667
0 0.7416666666666667 0.56 0.1366666666666667 0.04666666666666667
0 0.8 0.6466666666666667 0.060000000000000005 0.10666666666666667
0 0.7516666666666667 0.7616666666666667 0.10333333333333335 0.13
0 0.7533333333333334 0.9083333333333334 0.060000000000000005 0.13
0 0.6833333333333333 0.9633333333333334 0.06666666666666667 0.04
0 0.67 0.8250000000000001 0.06666666666666667 0.03666666666666667
