0 0.12166666666666667 0.88 0.05666666666666667 0.04666666666666667
0 0.16 0.8583333333333334 0.02 0.016666666666666666
0 0.18166666666666667 0.8400000000000001 0.016666666666666666 0.013333333333333334
0 0.2016666666666667 0.8200000000000001 0.016666666666666666 0.013333333333333334
0 0.225 0.8033333333333333 0.030000000000000002 0.013333333333333334
0 0.23833333333333334 0.7833333333333334 0.016666666666666666 0.02
0 0.25833333333333336 0.7716666666666667 0.016666666666666666 0.016666666666666666
0 0.2816666666666667 0.7566666666666667 0.016666666666666666 0.013333333333333334
0 0.3066666666666667 0.7366666666666667 0.02 0.013333333333333334
0 0.32833333333333337 0.7150000000000001 0.023333333333333334 0.016666666666666666
0 0.3466666666666667 0.6933333333333334 0.02 0.013333333333333334
0 0.37000000000000005 0.6816666666666668 0.02 0.016666666666666666
0 0.3916666666666667 0.6616666666666667 0.030000000000000002 0.023333333333333334
0 0.4033333333333334 0.6433333333333334 0.02 0.02
0 0.42000000000000004 0.6266666666666667 0.02 0.013333333333333334
0 0.44833333333333336 0.5950000000000001 0.016666666666666666 0.01
0 0.4683333333333334 0.5850000000000001 0.016666666666666666 0.016666666666666666
0 0.4866666666666667 0.5616666666666666 0.02666666666666667 0.016666666666666666
0 0.52 0.5283333333333333 0.006666666666666667 0.01
0 0.12833333333333335 0.8250000000000001 0.016666666666666666 0.01
0 0.15333333333333335 0.805 0.013333333333333334 0.01
0 0.18166666666666667 0.7616666666666667 0.016666666666666666 0.016666666666666666
0 0.21333333333333335 0.7250000000000001 0.02 0.01
0 0.24000000000000002 0.7016666666666667 0.02 0.01
0 0.25333333333333335 0.6783333333333333 0.02 0.016666666666666666
0 0.37333333333333335 0.5566666666666668 0.02 0.013333333333333334
0 0.39 0.53 0.013333333333333334 0.013333333333333334
0 0.4133333333333334 0.5066666666666667 0.02 0.013333333333333334
0 0.4366666666666667 0.49833333333333335 0.02 0.01
0 0.45 0.47500000000000003 0.013333333333333334 0.01
0 0.4716666666666667 0.4566666666666667 0.023333333333333334 0.013333333333333334
0 0.4916666666666667 0.43833333333333335 0.023333333333333334 0.01
0 0.5866666666666667 0.33666666666666667 0.013333333333333334 0.013333333333333334
