0 0.8733333333333334 0.12833333333333335 0.02 0.06333333333333334
0 0.8250000000000001 0.13 0.01 0.013333333333333334
0 0.8116666666666668 0.14833333333333334 0.01 0.01
0 0.7883333333333333 0.16666666666666669 0.01 0.013333333333333334
0 0.77 0.18500000000000003 0.013333333333333334 0.01
0 0.7466666666666667 0.2066666666666667 0.006666666666666667 0.013333333333333334
0 0.7300000000000001 0.22333333333333336 0.006666666666666667 0.006666666666666667
0 0.7150000000000001 0.24166666666666667 0.01 0.016666666666666666
0 0.6816666666666668 0.2566666666666667 0.01 0.013333333333333334
0 0.6516666666666667 0.275 0.016666666666666666 0.016666666666666666
0 0.625 0.30000000000000004 0.01 0.013333333333333334
0 0.6033333333333334 0.31833333333333336 0.013333333333333334 0.01
0 0.5833333333333334 0.34 0.013333333333333334 0.013333333333333334
0 0.5700000000000001 0.3566666666666667 0.013333333333333334 0.02
0 0.5650000000000001 0.38 0.023333333333333334 0.02
0 0.5383333333333333 0.3916666666666667 0.016666666666666666 0.01
0 0.5166666666666667 0.41000000000000003 0.02 0.013333333333333334
0 0.5016666666666667 0.43000000000000005 0.01 0.013333333333333334
0 0.6083333333333334 0.4416666666666667 0.023333333333333334 0.023333333333333334
0 0.5900000000000001 0.4666666666666667 0.013333333333333334 0.013333333333333334
0 0.5616666666666666 0.48333333333333334 0.01 0.013333333333333334
0 0.5483333333333333 0.505 0.01 0.016666666666666666
0 0.5366666666666667 0.52 0.013333333333333334 0.013333333333333334
0 0.525 0.5366666666666667 0.01 0.013333333333333334
0 0.5066666666666667 0.555 0.013333333333333334 0.016666666666666666
0 0.7466666666666667 0.30000000000000004 0.02 0.02666666666666667
0 0.7200000000000001 0.33 0.013333333333333334 0.02
0 0.6283333333333334 0.4116666666666667 0.01 0.016666666666666666
0 0.76 0.27666666666666667 0.013333333333333334 0.02
0 0.7816666666666667 0.255 0.016666666666666666 0.016666666666666666
0 0.8616666666666667 0.155 0.01 0.023333333333333334
0 0.8516666666666667 0.19 0.01 0.013333333333333334
0 0.8233333333333334 0.21000000000000002 0.006666666666666667 0.013333333333333334
0 0.7916666666666667 0.23333333333333334 0.0033333333333333335 0.006666666666666667
0 0.4666666666666667 0.4683333333333334 0.02 0.016666666666666666
0 0.4 0.6533333333333333 0.02 0.013333333333333334
0 0.3716666666666667 0.675 0.023333333333333334 0.01
0 0.34833333333333333 0.7000000000000001 0.030000000000000002 0.02
