0 0.765 0.15333333333333335 0.030000000000000002 0.02
0 0.8016666666666667 0.065 0.016666666666666666 0.030000000000000002
0 0.6133333333333334 0.3616666666666667 0.03333333333333333 0.023333333333333334
0 0.7116666666666667 0.22166666666666668 0.01 0.016666666666666666
0 0.545 0.4216666666666667 0.016666666666666666 0.023333333333333334
0 0.52 0.4316666666666667 0.02666666666666667 0.016666666666666666
0 0.4916666666666667 0.44833333333333336 0.023333333333333334 0.016666666666666666
0 0.46166666666666667 0.4566666666666667 0.023333333333333334 0.013333333333333334
0 0.44333333333333336 0.47000000000000003 0.013333333333333334 0.006666666666666667
0 0.42833333333333334 0.48500000000000004 0.023333333333333334 0.016666666666666666
0 0.56 0.5 0.02666666666666667 0.013333333333333334
0 0.5016666666666667 0.545 0.016666666666666666 0.016666666666666666
0 0.33166666666666667 0.64 0.023333333333333334 0.02666666666666667
0 0.2816666666666667 0.6733333333333333 0.023333333333333334 0.02
0 0.24166666666666667 0.7166666666666667 0.016666666666666666 0.03333333333333333
0 0.20500000000000002 0.755 0.023333333333333334 0.043333333333333335
0 0.12666666666666668 0.7833333333333334 0.02 0.02666666666666667
0 0.095 0.8133333333333334 0.016666666666666666 0.02666666666666667
0 0.060000000000000005 0.8600000000000001 0.013333333333333334 0.02
0 0.1716666666666667 0.805 0.016666666666666666 0.023333333333333334
0 0.24333333333333335 0.755 0.02666666666666667 0.016666666666666666
