0 0.21000000000000002 0.19333333333333336 0.02666666666666667 0.02666666666666667
0 0.25 0.23 0.02 0.02
0 0.29333333333333333 0.26666666666666666 0.02 0.02
0 0.335 0.3016666666666667 0.023333333333333334 0.023333333333333334
0 0.375 0.34 0.016666666666666666 0.02
0 0.42833333333333334 0.37833333333333335 0.016666666666666666 0.01
0 0.4733333333333334 0.41833333333333333 0.02666666666666667 0.03666666666666667
0 0.505 0.45333333333333337 0.030000000000000002 0.02666666666666667
0 0.5333333333333333 0.48500000000000004 0.02 0.016666666666666666
0 0.5750000000000001 0.51 0.023333333333333334 0.02
0 0.6183333333333334 0.5383333333333333 0.023333333333333334 0.023333333333333334
0 0.6366666666666667 0.5850000000000001 0.03333333333333333 0.03666666666666667
0 0.6866666666666668 0.6183333333333334 0.02666666666666667 0.030000000000000002
0 0.7366666666666667 0.645 0.02666666666666667 0.030000000000000002
0 0.79 0.7733333333333334 0.02666666666666667 0.05333333333333334
0 0.8400000000000001 0.8533333333333334 0.02666666666666667 0.03333333333333333
0 0.8716666666666667 0.9033333333333334 0.016666666666666666 0.03333333333333333
0 0.8666666666666667 0.935 0.02666666666666667 0.03666666666666667
