0 0.11 0.03666666666666667 0.060000000000000005 0.060000000000000005
0 0.15000000000000002 0.10833333333333334 0.060000000000000005 0.05666666666666667
0 0.165 0.18666666666666668 0.07 0.060000000000000005
0 0.22666666666666668 0.2566666666666667 0.04666666666666667 0.06666666666666667
0 0.3066666666666667 0.37000000000000005 0.02 0.02
0 0.3433333333333334 0.39666666666666667 0.02666666666666667 0.02
0 0.385 0.42500000000000004 0.016666666666666666 0.016666666666666666
0 0.4216666666666667 0.46 0.023333333333333334 0.02
0 0.46 0.48333333333333334 0.013333333333333334 0.02
0 0.48333333333333334 0.5083333333333334 0.02 0.023333333333333334
0 0.65 0.7066666666666667 0.02666666666666667 0.02
0 0.68 0.7350000000000001 0.02 0.023333333333333334
0 0.7083333333333334 0.7583333333333334 0.023333333333333334 0.023333333333333334
0 0.7516666666666667 0.7833333333333334 0.016666666666666666 0.013333333333333334
0 0.7833333333333334 0.8116666666666668 0.02 0.023333333333333334
0 0.8133333333333334 0.8416666666666667 0.02 0.023333333333333334
0 0.525 0.5850000000000001 0.016666666666666666 0.023333333333333334
0 0.5800000000000001 0.6466666666666667 0.02666666666666667 0.02666666666666667
0 0.625 0.6683333333333333 0.016666666666666666 0.01
