0 0.9583333333333334 0.4466666666666667 0.05 0.03333333333333333
0 0.9183333333333334 0.49500000000000005 0.06333333333333334 0.043333333333333335
0 0.8833333333333334 0.5616666666666666 0.060000000000000005 0.07666666666666667
0 0.8600000000000001 0.6283333333333334 0.060000000000000005 0.05666666666666667
0 0.8300000000000001 0.6933333333333334 0.05333333333333334 0.04
0 0.7966666666666667 0.7400000000000001 0.02 0.02
0 0.7716666666666667 0.7733333333333334 0.043333333333333335 0.05333333333333334
0 0.7383333333333334 0.8166666666666668 0.03666666666666667 0.03333333333333333
0 0.6866666666666668 0.8783333333333334 0.02666666666666667 0.030000000000000002
0 0.6266666666666667 0.9266666666666667 0.04 0.02
