0 0.7283333333333334 0.2566666666666667 0.05 0.05333333333333334
0 0.7166666666666667 0.32333333333333336 0.04 0.05333333333333334
0 0.7083333333333334 0.41000000000000003 0.043333333333333335 0.060000000000000005
0 0.6816666666666668 0.4633333333333334 0.03666666666666667 0.03333333333333333
0 0.6033333333333334 0.6266666666666667 0.02 0.02
0 0.5716666666666667 0.655 0.01 0.016666666666666666
0 0.545 0.685 0.01 0.016666666666666666
0 0.5083333333333334 0.7116666666666667 0.016666666666666666 0.023333333333333334
0 0.4766666666666667 0.7533333333333334 0.013333333333333334 0.013333333333333334
0 0.4516666666666667 0.7816666666666667 0.01 0.016666666666666666
0 0.42833333333333334 0.8116666666666668 0.0033333333333333335 0.01
0 0.3983333333333334 0.8316666666666667 0.016666666666666666 0.016666666666666666
0 0.2516666666666667 0.76 0.023333333333333334 0.02
0 0.23 0.79 0.02666666666666667 0.02
0 0.20833333333333334 0.8200000000000001 0.023333333333333334 0.02
0 0.17333333333333334 0.8433333333333334 0.02666666666666667 0.02
0 0.14 0.8733333333333334 0.02 0.02
0 0.11333333333333334 0.8933333333333334 0.013333333333333334 0.013333333333333334
0 0.08833333333333333 0.915 0.01 0.01
0 0.06666666666666667 0.9366666666666668 0.006666666666666667 0.013333333333333334
0 0.675 0.21833333333333335 0.023333333333333334 0.016666666666666666
0 0.655 0.2366666666666667 0.016666666666666666 0.02
0 0.63 0.24666666666666667 0.02666666666666667 0.02
0 0.515 0.5266666666666667 0.09000000000000001 0.02
0 0.615 0.545 0.09000000000000001 0.016666666666666666
0 0.7150000000000001 0.56 0.09000000000000001 0.02
0 0.805 0.5733333333333334 0.08333333333333334 0.02
0 0.3983333333333334 0.505 0.10333333333333335 0.023333333333333334
