0 0.3066666666666667 0.54 0.04666666666666667 0.04666666666666667
0 0.28500000000000003 0.5850000000000001 0.05666666666666667 0.03666666666666667
0 0.275 0.635 0.043333333333333335 0.05
0 0.26333333333333336 0.7016666666666667 0.060000000000000005 0.06333333333333334
0 0.26833333333333337 0.7566666666666667 0.023333333333333334 0.02666666666666667
0 0.315 0.7783333333333334 0.016666666666666666 0.023333333333333334
0 0.34500000000000003 0.7516666666666667 0.023333333333333334 0.023333333333333334
0 0.4133333333333334 0.6866666666666668 0.013333333333333334 0.02
0 0.45 0.6183333333333334 0.02 0.01
0 0.6666666666666667 0.32833333333333337 0.02666666666666667 0.023333333333333334
0 0.6983333333333334 0.29833333333333334 0.016666666666666666 0.01
0 0.7416666666666667 0.22666666666666668 0.030000000000000002 0.013333333333333334
0 0.77 0.195 0.03333333333333333 0.016666666666666666
0 0.7966666666666667 0.16166666666666668 0.03333333333333333 0.023333333333333334
0 0.8283333333333334 0.12666666666666668 0.023333333333333334 0.013333333333333334
0 0.8583333333333334 0.10333333333333335 0.023333333333333334 0.006666666666666667
0 0.885 0.08166666666666667 0.023333333333333334 0.01
0 0.905 0.045000000000000005 0.01 0.01
0 0.3566666666666667 0.3983333333333334 0.02666666666666667 0.016666666666666666
0 0.38333333333333336 0.3816666666666667 0.02666666666666667 0.016666666666666666
0 0.4066666666666667 0.35500000000000004 0.04 0.01
0 0.42000000000000004 0.33 0.03333333333333333 0.02666666666666667
0 0.4466666666666667 0.3116666666666667 0.02 0.016666666666666666
0 0.4683333333333334 0.2916666666666667 0.023333333333333334 0.016666666666666666
0 0.48833333333333334 0.26666666666666666 0.023333333333333334 0.02666666666666667
0 0.5033333333333334 0.2316666666666667 0.013333333333333334 0.016666666666666666
0 0.5266666666666667 0.21833333333333335 0.013333333333333334 0.016666666666666666
0 0.545 0.2016666666666667 0.016666666666666666 0.016666666666666666
