0 0.5066666666666667 0.44 0.013333333333333334 0.02666666666666667
0 0.4783333333333334 0.4766666666666667 0.030000000000000002 0.03333333333333333
0 0.4466666666666667 0.5116666666666667 0.04 0.030000000000000002
0 0.52 0.42333333333333334 0.02 0.02
0 0.5483333333333333 0.405 0.043333333333333335 0.023333333333333334
0 0.5666666666666667 0.37000000000000005 0.03333333333333333 0.02
0 0.5916666666666667 0.35333333333333333 0.023333333333333334 0.02
0 0.6116666666666667 0.2783333333333334 0.016666666666666666 0.01
0 0.6383333333333334 0.26166666666666666 0.016666666666666666 0.01
0 0.67 0.24666666666666667 0.02666666666666667 0.02
0 0.47000000000000003 0.42333333333333334 0.013333333333333334 0.013333333333333334
0 0.4466666666666667 0.45333333333333337 0.02 0.02666666666666667
0 0.3433333333333334 0.5433333333333333 0.02666666666666667 0.02666666666666667
