0 0.5183333333333333 0.48833333333333334 0.023333333333333334 0.023333333333333334
0 0.5 0.5383333333333333 0.02 0.016666666666666666
0 0.455 0.5666666666666667 0.023333333333333334 0.02666666666666667
0 0.4316666666666667 0.6033333333333334 0.023333333333333334 0.02666666666666667
0 0.4066666666666667 0.6283333333333334 0.013333333333333334 0.016666666666666666
0 0.4633333333333334 0.6316666666666667 0.02 0.023333333333333334
0 0.49833333333333335 0.5950000000000001 0.023333333333333334 0.016666666666666666
0 0.55 0.55 0.02666666666666667 0.013333333333333334
0 0.5750000000000001 0.5183333333333333 0.030000000000000002 0.016666666666666666
0 0.6116666666666667 0.49500000000000005 0.023333333333333334 0.01
0 0.6616666666666667 0.445 0.016666666666666666 0.016666666666666666
0 0.4 0.665 0.02 0.016666666666666666
0 0.3466666666666667 0.7133333333333334 0.02666666666666667 0.02
