0 0.31833333333333336 0.2733333333333334 0.016666666666666666 0.02666666666666667
0 0.35000000000000003 0.32 0.02666666666666667 0.03333333333333333
0 0.375 0.35833333333333334 0.016666666666666666 0.023333333333333334
0 0.40166666666666667 0.3916666666666667 0.023333333333333334 0.03666666666666667
0 0.42833333333333334 0.43333333333333335 0.023333333333333334 0.03333333333333333
0 0.46166666666666667 0.49500000000000005 0.030000000000000002 0.030000000000000002
0 0.49000000000000005 0.53 0.02 0.03333333333333333
0 0.5166666666666667 0.5650000000000001 0.013333333333333334 0.023333333333333334
0 0.5433333333333333 0.6000000000000001 0.02 0.02666666666666667
0 0.5833333333333334 0.6666666666666667 0.04666666666666667 0.03333333333333333
0 0.6316666666666667 0.7083333333333334 0.043333333333333335 0.03666666666666667
0 0.6783333333333333 0.7483333333333334 0.030000000000000002 0.03666666666666667
0 0.7316666666666667 0.8133333333333334 0.01 0.02
0 0.6866666666666668 0.7883333333333333 0.013333333333333334 0.016666666666666666
0 0.7166666666666667 0.7783333333333334 0.02666666666666667 0.016666666666666666
0 0.6533333333333333 0.8550000000000001 0.013333333333333334 0.030000000000000002
0 0.6866666666666668 0.91 0.03333333333333333 0.04666666666666667
0 0.7116666666666667 0.9433333333333334 0.01 0.02
0 0.49000000000000005 0.635 0.013333333333333334 0.023333333333333334
0 0.52 0.675 0.02666666666666667 0.030000000000000002
0 0.545 0.7183333333333334 0.023333333333333334 0.030000000000000002
0 0.5700000000000001 0.7516666666666667 0.013333333333333334 0.016666666666666666
0 0.6116666666666667 0.805 0.03666666666666667 0.030000000000000002
0 0.2 0.18833333333333335 0.02666666666666667 0.03666666666666667
0 0.2366666666666667 0.17333333333333334 0.02666666666666667 0.02666666666666667
0 0.27666666666666667 0.20500000000000002 0.02 0.023333333333333334
0 0.30000000000000004 0.24166666666666667 0.02666666666666667 0.016666666666666666
