0 0.29000000000000004 0.045000000000000005 0.04 0.043333333333333335
0 0.32 0.11333333333333334 0.06666666666666667 0.06666666666666667
0 0.35333333333333333 0.17500000000000002 0.04 0.03666666666666667
0 0.39 0.195 0.013333333333333334 0.023333333333333334
0 0.41000000000000003 0.2366666666666667 0.02 0.03333333333333333
0 0.44 0.26833333333333337 0.02 0.023333333333333334
0 0.4666666666666667 0.31333333333333335 0.02666666666666667 0.04
0 0.49000000000000005 0.34500000000000003 0.02666666666666667 0.030000000000000002
0 0.5283333333333333 0.375 0.023333333333333334 0.030000000000000002
0 0.56 0.4216666666666667 0.02 0.03666666666666667
0 0.5750000000000001 0.4516666666666667 0.030000000000000002 0.03666666666666667
0 0.6633333333333333 0.5716666666666667 0.02 0.030000000000000002
0 0.63 0.5866666666666667 0.02 0.02
0 0.5933333333333334 0.5983333333333334 0.02666666666666667 0.030000000000000002
0 0.6183333333333334 0.6366666666666667 0.023333333333333334 0.02666666666666667
0 0.655 0.6783333333333333 0.043333333333333335 0.043333333333333335
0 0.6866666666666668 0.7300000000000001 0.03333333333333333 0.02666666666666667
0 0.7133333333333334 0.7766666666666667 0.02666666666666667 0.03333333333333333
0 0.7483333333333334 0.8133333333333334 0.016666666666666666 0.02666666666666667
0 0.7833333333333334 0.7916666666666667 0.02666666666666667 0.030000000000000002
0 0.8 0.8266666666666668 0.05333333333333334 0.02666666666666667
0 0.8166666666666668 0.9016666666666667 0.02666666666666667 0.023333333333333334
0 0.8500000000000001 0.8783333333333334 0.02 0.05
0 0.29333333333333333 0.21833333333333335 0.04666666666666667 0.03666666666666667
0 0.3433333333333334 0.265 0.04666666666666667 0.05666666666666667
0 0.39 0.31833333333333336 0.04 0.05
0 0.42500000000000004 0.35000000000000003 0.016666666666666666 0.03333333333333333
0 0.4466666666666667 0.385 0.02 0.030000000000000002
0 0.4733333333333334 0.41833333333333333 0.013333333333333334 0.030000000000000002
0 0.5016666666666667 0.45833333333333337 0.01 0.030000000000000002
0 0.53 0.5133333333333334 0.03333333333333333 0.03333333333333333
0 0.5633333333333334 0.5533333333333333 0.02666666666666667 0.03333333333333333
