0 0.6466666666666667 0.025 0.02 0.023333333333333334
0 0.6216666666666667 0.065 0.023333333333333334 0.030000000000000002
0 0.6016666666666667 0.09666666666666668 0.016666666666666666 0.02
0 0.5933333333333334 0.12333333333333334 0.013333333333333334 0.02
0 0.5783333333333334 0.14833333333333334 0.016666666666666666 0.023333333333333334
0 0.55 0.17666666666666667 0.02 0.02666666666666667
0 0.53 0.21000000000000002 0.013333333333333334 0.02
0 0.51 0.24500000000000002 0.013333333333333334 0.016666666666666666
0 0.4766666666666667 0.28500000000000003 0.02666666666666667 0.030000000000000002
0 0.45333333333333337 0.32 0.013333333333333334 0.013333333333333334
0 0.43500000000000005 0.35333333333333333 0.016666666666666666 0.013333333333333334
0 0.395 0.38833333333333336 0.016666666666666666 0.023333333333333334
0 0.3716666666666667 0.43000000000000005 0.01 0.02666666666666667
0 0.35833333333333334 0.4816666666666667 0.016666666666666666 0.030000000000000002
0 0.32833333333333337 0.515 0.016666666666666666 0.016666666666666666
0 0.3066666666666667 0.5466666666666667 0.02666666666666667 0.03333333333333333
0 0.2866666666666667 0.5816666666666667 0.013333333333333334 0.023333333333333334
0 0.25 0.6083333333333334 0.013333333333333334 0.016666666666666666
0 0.23833333333333334 0.6383333333333334 0.01 0.016666666666666666
