0 0.7483333333333334 0.34833333333333333 0.023333333333333334 0.023333333333333334
0 0.7283333333333334 0.37333333333333335 0.01 0.02
0 0.7100000000000001 0.39333333333333337 0.013333333333333334 0.013333333333333334
0 0.61 0.52 0.05333333333333334 0.02666666666666667
0 0.6483333333333334 0.4916666666666667 0.030000000000000002 0.01
0 0.6683333333333333 0.4633333333333334 0.023333333333333334 0.02
0 0.6866666666666668 0.4366666666666667 0.02666666666666667 0.013333333333333334
0 0.7050000000000001 0.4216666666666667 0.016666666666666666 0.023333333333333334
0 0.6183333333333334 0.5633333333333334 0.016666666666666666 0.02
0 0.5950000000000001 0.5866666666666667 0.016666666666666666 0.02
0 0.5633333333333334 0.6216666666666667 0.02 0.023333333333333334
0 0.5416666666666667 0.655 0.01 0.016666666666666666
0 0.5266666666666667 0.6900000000000001 0.02 0.02666666666666667
0 0.5 0.7233333333333334 0.02 0.02666666666666667
0 0.48000000000000004 0.7716666666666667 0.02 0.05
0 0.45 0.8083333333333333 0.013333333333333334 0.030000000000000002
0 0.4266666666666667 0.8400000000000001 0.02 0.02666666666666667
0 0.3916666666666667 0.8766666666666667 0.023333333333333334 0.02666666666666667
0 0.37333333333333335 0.9233333333333333 0.04 0.05333333333333334
0 0.3416666666666667 0.9683333333333334 0.030000000000000002 0.023333333333333334
