0 0.8116666666666668 0.08833333333333333 0.016666666666666666 0.023333333333333334
0 0.7883333333333333 0.12000000000000001 0.023333333333333334 0.02666666666666667
0 0.755 0.14500000000000002 0.016666666666666666 0.016666666666666666
0 0.7150000000000001 0.17500000000000002 0.023333333333333334 0.023333333333333334
0 0.6783333333333333 0.20500000000000002 0.016666666666666666 0.016666666666666666
0 0.645 0.23833333333333334 0.016666666666666666 0.023333333333333334
0 0.6133333333333334 0.26833333333333337 0.02 0.023333333333333334
0 0.5950000000000001 0.3016666666666667 0.023333333333333334 0.023333333333333334
0 0.5683333333333334 0.33666666666666667 0.023333333333333334 0.03333333333333333
0 0.5266666666666667 0.3666666666666667 0.02 0.02
0 0.5066666666666667 0.39 0.02 0.02
0 0.45833333333333337 0.4166666666666667 0.016666666666666666 0.03333333333333333
0 0.41000000000000003 0.46166666666666667 0.03333333333333333 0.030000000000000002
0 0.375 0.5066666666666667 0.023333333333333334 0.02666666666666667
0 0.35333333333333333 0.5383333333333333 0.013333333333333334 0.016666666666666666
0 0.33666666666666667 0.5733333333333334 0.04 0.03333333333333333
0 0.2866666666666667 0.6266666666666667 0.02 0.02
0 0.23500000000000001 0.7066666666666667 0.023333333333333334 0.04
0 0.18500000000000003 0.7666666666666667 0.023333333333333334 0.02666666666666667
0 0.16833333333333333 0.805 0.016666666666666666 0.023333333333333334
0 0.13333333333333333 0.8366666666666667 0.02 0.02
0 0.10166666666666667 0.8716666666666667 0.016666666666666666 0.030000000000000002
0 0.06666666666666667 0.9266666666666667 0.02 0.04
