0 0.9416666666666668 0.04 0.03666666666666667 0.04666666666666667
0 0.895 0.09833333333333334 0.023333333333333334 0.023333333333333334
0 0.8516666666666667 0.14666666666666667 0.016666666666666666 0.02
0 0.8116666666666668 0.20500000000000002 0.016666666666666666 0.023333333333333334
0 0.7866666666666667 0.2516666666666667 0.013333333333333334 0.023333333333333334
0 0.755 0.2966666666666667 0.023333333333333334 0.02666666666666667
0 0.7266666666666667 0.34833333333333333 0.02 0.030000000000000002
0 0.6916666666666668 0.385 0.023333333333333334 0.023333333333333334
0 0.6233333333333334 0.4716666666666667 0.02666666666666667 0.043333333333333335
0 0.6033333333333334 0.5166666666666667 0.02666666666666667 0.02666666666666667
0 0.5516666666666667 0.5383333333333333 0.016666666666666666 0.023333333333333334
0 0.5116666666666667 0.5766666666666667 0.03666666666666667 0.04
0 0.4716666666666667 0.615 0.023333333333333334 0.023333333333333334
0 0.42500000000000004 0.6483333333333334 0.023333333333333334 0.030000000000000002
0 0.3916666666666667 0.6866666666666668 0.030000000000000002 0.02
0 0.375 0.7183333333333334 0.016666666666666666 0.030000000000000002
0 0.3616666666666667 0.7383333333333334 0.030000000000000002 0.016666666666666666
0 0.29500000000000004 0.79 0.023333333333333334 0.02
