0 0.4716666666666667 0.18333333333333335 0.023333333333333334 0.02
0 0.51 0.2 0.02666666666666667 0.013333333333333334
0 0.5416666666666667 0.21833333333333335 0.016666666666666666 0.016666666666666666
0 0.5716666666666667 0.2316666666666667 0.030000000000000002 0.016666666666666666
0 0.6066666666666667 0.255 0.02666666666666667 0.016666666666666666
0 0.7100000000000001 0.36833333333333335 0.02 0.023333333333333334
0 0.7416666666666667 0.39333333333333337 0.023333333333333334 0.02
0 0.41833333333333333 0.14666666666666667 0.016666666666666666 0.02
0 0.4416666666666667 0.165 0.023333333333333334 0.016666666666666666
0 0.36000000000000004 0.11166666666666668 0.02 0.016666666666666666
0 0.395 0.13 0.030000000000000002 0.013333333333333334
