0 0.5833333333333334 0.31833333333333336 0.14666666666666667 0.63
0 0.5900000000000001 0.7400000000000001 0.06666666666666667 0.11333333333333334
0 0.8266666666666668 0.8150000000000001 0.060000000000000005 0.09000000000000001
0 0.4633333333333334 0.05 0.07333333333333333 0.09333333333333334
0 0.09000000000000001 0.2783333333333334 0.1 0.44333333333333336
0 0.07833333333333334 0.7100000000000001 0.08333333333333334 0.18666666666666668
0 0.14166666666666666 0.8683333333333334 0.05 0.06333333333333334
0 0.18666666666666668 0.9450000000000001 0.04 0.09000000000000001
0 0.39 0.08666666666666667 0.03333333333333333 0.013333333333333334
0 0.32666666666666666 0.10166666666666667 0.02 0.01
0 0.3866666666666667 0.14 0.04 0.013333333333333334
0 0.3916666666666667 0.155 0.016666666666666666 0.01
0 0.34 0.16333333333333333 0.04 0.013333333333333334
0 0.27666666666666667 0.16 0.04 0.013333333333333334
0 0.24666666666666667 0.18166666666666667 0.04666666666666667 0.01
0 0.27666666666666667 0.20833333333333334 0.03333333333333333 0.023333333333333334
0 0.2816666666666667 0.24833333333333335 0.05666666666666667 0.01
0 0.305 0.2366666666666667 0.023333333333333334 0.013333333333333334
0 0.32 0.26 0.013333333333333334 0.013333333333333334
0 0.25833333333333336 0.33666666666666667 0.03666666666666667 0.02
0 0.29833333333333334 0.35500000000000004 0.023333333333333334 0.016666666666666666
0 0.25833333333333336 0.3566666666666667 0.016666666666666666 0.006666666666666667
0 0.2366666666666667 0.4033333333333334 0.02666666666666667 0.006666666666666667
0 0.23500000000000001 0.43000000000000005 0.030000000000000002 0.013333333333333334
0 0.2733333333333334 0.42833333333333334 0.02 0.01
0 0.2966666666666667 0.4316666666666667 0.006666666666666667 0.01
0 0.19333333333333336 0.4416666666666667 0.03333333333333333 0.01
0 0.2066666666666667 0.4566666666666667 0.02666666666666667 0.006666666666666667
0 0.15833333333333335 0.55 0.030000000000000002 0.013333333333333334
