0 0.7383333333333334 0.43333333333333335 0.030000000000000002 0.02666666666666667
0 0.7683333333333334 0.46166666666666667 0.023333333333333334 0.023333333333333334
0 0.7916666666666667 0.4916666666666667 0.01 0.01
0 0.8133333333333334 0.5283333333333333 0.02 0.030000000000000002
0 0.8350000000000001 0.5583333333333333 0.016666666666666666 0.016666666666666666
0 0.92 0.67 0.02 0.02
0 0.9500000000000001 0.7016666666666667 0.02666666666666667 0.023333333333333334
0 0.92 0.275 0.04 0.03666666666666667
0 0.9550000000000001 0.315 0.016666666666666666 0.023333333333333334
0 0.9833333333333334 0.3666666666666667 0.02 0.02666666666666667
0 0.9033333333333334 0.2016666666666667 0.02 0.023333333333333334
0 0.9416666666666668 0.24333333333333335 0.030000000000000002 0.02666666666666667
0 0.9783333333333334 0.28 0.016666666666666666 0.02
0 0.8400000000000001 0.14166666666666666 0.02666666666666667 0.016666666666666666
0 0.8600000000000001 0.16666666666666669 0.006666666666666667 0.013333333333333334
