0 0.15166666666666667 0.016666666666666666 0.07666666666666667 0.02666666666666667
0 0.20833333333333334 0.05333333333333334 0.03666666666666667 0.02666666666666667
0 0.24333333333333335 0.09333333333333334 0.02666666666666667 0.02666666666666667
0 0.27166666666666667 0.1366666666666667 0.016666666666666666 0.02
0 0.2916666666666667 0.17 0.016666666666666666 0.02666666666666667
0 0.3166666666666667 0.21333333333333335 0.013333333333333334 0.02
0 0.34 0.24666666666666667 0.013333333333333334 0.02
0 0.3616666666666667 0.28500000000000003 0.016666666666666666 0.030000000000000002
0 0.38333333333333336 0.32333333333333336 0.02 0.03333333333333333
0 0.4116666666666667 0.37833333333333335 0.016666666666666666 0.030000000000000002
0 0.4466666666666667 0.45 0.03333333333333333 0.06666666666666667
0 0.5 0.525 0.03333333333333333 0.05666666666666667
0 0.5366666666666667 0.6033333333333334 0.03333333333333333 0.05333333333333334
0 0.5666666666666667 0.6516666666666667 0.013333333333333334 0.016666666666666666
0 0.5916666666666667 0.6883333333333334 0.023333333333333334 0.03666666666666667
0 0.62 0.7483333333333334 0.02666666666666667 0.05
0 0.64 0.805 0.02 0.03666666666666667
0 0.6883333333333334 0.9166666666666667 0.030000000000000002 0.04666666666666667
0 0.7316666666666667 0.9516666666666668 0.030000000000000002 0.05666666666666667
0 0.305 0.055 0.016666666666666666 0.016666666666666666
0 0.3383333333333334 0.09166666666666667 0.023333333333333334 0.030000000000000002
0 0.36500000000000005 0.12666666666666668 0.01 0.013333333333333334
0 0.38833333333333336 0.16166666666666668 0.016666666666666666 0.016666666666666666
0 0.42000000000000004 0.19666666666666668 0.02666666666666667 0.02
0 0.4783333333333334 0.23833333333333334 0.016666666666666666 0.016666666666666666
0 0.5 0.26333333333333336 0.02 0.02666666666666667
0 0.5266666666666667 0.29333333333333333 0.02 0.02
0 0.5483333333333333 0.31833333333333336 0.016666666666666666 0.016666666666666666
0 0.5966666666666667 0.37833333333333335 0.02666666666666667 0.05
0 0.6266666666666667 0.4166666666666667 0.02666666666666667 0.04
0 0.655 0.455 0.030000000000000002 0.030000000000000002
0 0.7183333333333334 0.5416666666666667 0.01 0.016666666666666666
0 0.755 0.5950000000000001 0.023333333333333334 0.030000000000000002
0 0.07333333333333333 0.023333333333333334 0.02 0.03333333333333333
0 0.09166666666666667 0.06333333333333334 0.023333333333333334 0.02666666666666667
0 0.10833333333333334 0.10333333333333335 0.030000000000000002 0.03333333333333333
0 0.13333333333333333 0.14833333333333334 0.02666666666666667 0.043333333333333335
0 0.14500000000000002 0.20500000000000002 0.030000000000000002 0.030000000000000002
0 0.17666666666666667 0.26333333333333336 0.04 0.04
0 0.21166666666666667 0.30333333333333334 0.023333333333333334 0.04
0 0.24333333333333335 0.375 0.02666666666666667 0.03666666666666667
0 0.28500000000000003 0.42333333333333334 0.023333333333333334 0.02666666666666667
0 0.3166666666666667 0.45 0.03333333333333333 0.02
0 0.35500000000000004 0.49500000000000005 0.030000000000000002 0.03666666666666667
0 0.3816666666666667 0.5666666666666667 0.05 0.08666666666666667
0 0.22166666666666668 0.3433333333333334 0.023333333333333334 0.02
0 0.4 0.635 0.02 0.023333333333333334
0 0.445 0.6883333333333334 0.023333333333333334 0.030000000000000002
0 0.4766666666666667 0.7283333333333334 0.03333333333333333 0.03666666666666667
0 0.48500000000000004 0.785 0.016666666666666666 0.030000000000000002
0 0.505 0.8533333333333334 0.023333333333333334 0.03333333333333333
