0 0.33166666666666667 0.03333333333333333 0.03666666666666667 0.05333333333333334
0 0.3816666666666667 0.11666666666666667 0.043333333333333335 0.060000000000000005
0 0.42000000000000004 0.18833333333333335 0.02 0.043333333333333335
0 0.44333333333333336 0.26166666666666666 0.013333333333333334 0.03666666666666667
0 0.4716666666666667 0.35000000000000003 0.023333333333333334 0.06666666666666667
0 0.5 0.44 0.03333333333333333 0.04
0 0.5083333333333334 0.5 0.023333333333333334 0.03333333333333333
0 0.53 0.5700000000000001 0.02666666666666667 0.04666666666666667
0 0.5516666666666667 0.685 0.03666666666666667 0.03666666666666667
0 0.5983333333333334 0.745 0.043333333333333335 0.06333333333333334
0 0.6283333333333334 0.8216666666666668 0.023333333333333334 0.030000000000000002
0 0.6000000000000001 0.8133333333333334 0.04 0.04666666666666667
0 0.09166666666666667 0.015000000000000001 0.043333333333333335 0.023333333333333334
0 0.13166666666666668 0.055 0.03666666666666667 0.03666666666666667
0 0.16833333333333333 0.1 0.030000000000000002 0.04
0 0.2 0.18500000000000003 0.060000000000000005 0.07666666666666667
0 0.19166666666666668 0.25833333333333336 0.043333333333333335 0.023333333333333334
0 0.225 0.3433333333333334 0.03666666666666667 0.04
0 0.25833333333333336 0.385 0.030000000000000002 0.030000000000000002
0 0.29500000000000004 0.42333333333333334 0.030000000000000002 0.03333333333333333
0 0.26833333333333337 0.4916666666666667 0.023333333333333334 0.023333333333333334
0 0.275 0.5416666666666667 0.023333333333333334 0.03666666666666667
0 0.2866666666666667 0.5900000000000001 0.02 0.03333333333333333
0 0.5950000000000001 0.011666666666666667 0.03666666666666667 0.023333333333333334
0 0.6483333333333334 0.058333333333333334 0.030000000000000002 0.03666666666666667
0 0.6866666666666668 0.11166666666666668 0.013333333333333334 0.016666666666666666
0 0.7050000000000001 0.14333333333333334 0.023333333333333334 0.02
0 0.7216666666666667 0.19 0.016666666666666666 0.02666666666666667
0 0.7533333333333334 0.24666666666666667 0.013333333333333334 0.02666666666666667
0 0.77 0.28500000000000003 0.02 0.03666666666666667
