0 0.45333333333333337 0.42333333333333334 0.013333333333333334 0.02666666666666667
0 0.41833333333333333 0.48500000000000004 0.03666666666666667 0.03666666666666667
0 0.3866666666666667 0.525 0.02666666666666667 0.023333333333333334
0 0.38 0.5766666666666667 0.08666666666666667 0.04
0 0.33 0.615 0.03333333333333333 0.023333333333333334
0 0.325 0.67 0.05 0.060000000000000005
0 0.265 0.7216666666666667 0.05666666666666667 0.03666666666666667
0 0.22333333333333336 0.78 0.04 0.02666666666666667
0 0.21333333333333335 0.8250000000000001 0.06666666666666667 0.043333333333333335
0 0.18333333333333335 0.9 0.06666666666666667 0.060000000000000005
