0 0.35000000000000003 0.11833333333333335 0.006666666666666667 0.01
0 0.3766666666666667 0.15166666666666667 0.02 0.030000000000000002
0 0.4116666666666667 0.19333333333333336 0.016666666666666666 0.02
0 0.4416666666666667 0.225 0.01 0.01
0 0.4683333333333334 0.24500000000000002 0.023333333333333334 0.023333333333333334
0 0.5066666666666667 0.27 0.02666666666666667 0.013333333333333334
0 0.5416666666666667 0.2966666666666667 0.030000000000000002 0.02666666666666667
0 0.5733333333333334 0.32833333333333337 0.013333333333333334 0.016666666666666666
0 0.6716666666666667 0.48333333333333334 0.023333333333333334 0.03333333333333333
0 0.27666666666666667 0.04666666666666667 0.02 0.02666666666666667
0 0.31333333333333335 0.08833333333333333 0.02666666666666667 0.023333333333333334
0 0.33333333333333337 0.14833333333333334 0.013333333333333334 0.023333333333333334
0 0.3566666666666667 0.18833333333333335 0.02 0.03666666666666667
0 0.37833333333333335 0.225 0.016666666666666666 0.023333333333333334
0 0.32333333333333336 0.39666666666666667 0.013333333333333334 0.02
0 0.34833333333333333 0.42833333333333334 0.023333333333333334 0.016666666666666666
0 0.27166666666666667 0.32333333333333336 0.016666666666666666 0.02
0 0.22 0.23833333333333334 0.013333333333333334 0.023333333333333334
