0 0.48833333333333334 0.37333333333333335 0.023333333333333334 0.04
0 0.46 0.4316666666666667 0.03333333333333333 0.05
0 0.42500000000000004 0.4666666666666667 0.016666666666666666 0.02666666666666667
0 0.3916666666666667 0.5133333333333334 0.016666666666666666 0.02666666666666667
0 0.3816666666666667 0.5533333333333333 0.016666666666666666 0.03333333333333333
0 0.37833333333333335 0.5766666666666667 0.08333333333333334 0.02666666666666667
0 0.33166666666666667 0.6183333333333334 0.023333333333333334 0.016666666666666666
0 0.32666666666666666 0.6533333333333333 0.03333333333333333 0.03333333333333333
0 0.2866666666666667 0.6916666666666668 0.04 0.030000000000000002
0 0.26666666666666666 0.75 0.05333333333333334 0.04666666666666667
0 0.22 0.805 0.04666666666666667 0.043333333333333335
0 0.2016666666666667 0.9 0.07 0.060000000000000005
