0 0.3416666666666667 0.12166666666666667 0.043333333333333335 0.03666666666666667
0 0.3816666666666667 0.15333333333333335 0.023333333333333334 0.02
0 0.4166666666666667 0.19333333333333336 0.02 0.03333333333333333
0 0.44 0.22 0.013333333333333334 0.02
0 0.4766666666666667 0.24666666666666667 0.02 0.013333333333333334
0 0.5083333333333334 0.26333333333333336 0.016666666666666666 0.013333333333333334
0 0.5333333333333333 0.2833333333333333 0.02666666666666667 0.02666666666666667
0 0.5533333333333333 0.315 0.02666666666666667 0.016666666666666666
0 0.6733333333333333 0.4916666666666667 0.02666666666666667 0.030000000000000002
0 0.34833333333333333 0.18000000000000002 0.023333333333333334 0.02
0 0.36833333333333335 0.20500000000000002 0.016666666666666666 0.016666666666666666
0 0.3983333333333334 0.225 0.016666666666666666 0.01
0 0.385 0.24833333333333335 0.016666666666666666 0.016666666666666666
0 0.21333333333333335 0.2366666666666667 0.02 0.013333333333333334
0 0.23500000000000001 0.255 0.016666666666666666 0.016666666666666666
0 0.27 0.31833333333333336 0.013333333333333334 0.01
0 0.33 0.4033333333333334 0.013333333333333334 0.02
0 0.3516666666666667 0.42333333333333334 0.016666666666666666 0.02
