0 0.42000000000000004 0.21333333333333335 0.02666666666666667 0.02
0 0.465 0.24166666666666667 0.023333333333333334 0.016666666666666666
0 0.4916666666666667 0.26166666666666666 0.01 0.01
0 0.5183333333333333 0.28500000000000003 0.016666666666666666 0.016666666666666666
0 0.5466666666666667 0.3116666666666667 0.02 0.016666666666666666
0 0.6633333333333333 0.4733333333333334 0.006666666666666667 0.013333333333333334
0 0.33 0.10500000000000001 0.02666666666666667 0.023333333333333334
0 0.36333333333333334 0.13333333333333333 0.02666666666666667 0.02666666666666667
0 0.39666666666666667 0.18000000000000002 0.02666666666666667 0.03333333333333333
0 0.3516666666666667 0.17666666666666667 0.016666666666666666 0.02666666666666667
0 0.37333333333333335 0.21000000000000002 0.013333333333333334 0.02666666666666667
0 0.2733333333333334 0.3166666666666667 0.013333333333333334 0.02
0 0.33 0.3983333333333334 0.02 0.016666666666666666
0 0.3516666666666667 0.4266666666666667 0.016666666666666666 0.02666666666666667
0 0.47500000000000003 0.45833333333333337 0.016666666666666666 0.016666666666666666
0 0.6733333333333333 0.5066666666666667 0.02666666666666667 0.03333333333333333
