0 0.26833333333333337 0.5983333333333334 0.030000000000000002 0.023333333333333334
0 0.3866666666666667 0.7316666666666667 0.02 0.01
0 0.42500000000000004 0.7466666666666667 0.023333333333333334 0.02
0 0.4566666666666667 0.7683333333333334 0.013333333333333334 0.016666666666666666
0 0.48333333333333334 0.7883333333333333 0.02 0.01
0 0.5216666666666667 0.805 0.023333333333333334 0.016666666666666666
0 0.56 0.8300000000000001 0.02666666666666667 0.02
0 0.5933333333333334 0.8533333333333334 0.02666666666666667 0.02666666666666667
0 0.6316666666666667 0.8833333333333334 0.023333333333333334 0.013333333333333334
0 0.675 0.9183333333333334 0.023333333333333334 0.016666666666666666
0 0.5950000000000001 0.8116666666666668 0.023333333333333334 0.023333333333333334
0 0.62 0.8350000000000001 0.013333333333333334 0.016666666666666666
0 0.6383333333333334 0.8500000000000001 0.01 0.013333333333333334
0 0.6766666666666667 0.8866666666666667 0.013333333333333334 0.013333333333333334
0 0.7116666666666667 0.9283333333333333 0.016666666666666666 0.030000000000000002
0 0.5183333333333333 0.6716666666666667 0.016666666666666666 0.016666666666666666
0 0.4866666666666667 0.6166666666666667 0.013333333333333334 0.02
0 0.6383333333333334 0.6583333333333333 0.016666666666666666 0.016666666666666666
0 0.7200000000000001 0.7316666666666667 0.013333333333333334 0.016666666666666666
0 0.33666666666666667 0.30833333333333335 0.02 0.016666666666666666
