0 0.515 0.5850000000000001 0.06333333333333334 0.07
0 0.5633333333333334 0.5333333333333333 0.04 0.05333333333333334
0 0.6016666666666667 0.49333333333333335 0.03666666666666667 0.05333333333333334
0 0.6416666666666667 0.45333333333333337 0.03666666666666667 0.04
0 0.6683333333333333 0.4083333333333334 0.043333333333333335 0.05666666666666667
0 0.7150000000000001 0.375 0.043333333333333335 0.05666666666666667
0 0.7566666666666667 0.34 0.02666666666666667 0.03333333333333333
0 0.7866666666666667 0.305 0.03333333333333333 0.030000000000000002
0 0.8200000000000001 0.275 0.02666666666666667 0.030000000000000002
0 0.8533333333333334 0.2366666666666667 0.03333333333333333 0.03333333333333333
0 0.8816666666666667 0.195 0.030000000000000002 0.03666666666666667
0 0.9183333333333334 0.15833333333333335 0.030000000000000002 0.030000000000000002
0 0.9483333333333334 0.12166666666666667 0.030000000000000002 0.030000000000000002
0 0.9733333333333334 0.095 0.03333333333333333 0.05
0 0.4633333333333334 0.6333333333333334 0.05333333333333334 0.05333333333333334
0 0.4133333333333334 0.6666666666666667 0.04666666666666667 0.05333333333333334
0 0.37000000000000005 0.6916666666666668 0.04666666666666667 0.05
0 0.32666666666666666 0.7250000000000001 0.04 0.03666666666666667
0 0.29833333333333334 0.7566666666666667 0.043333333333333335 0.04
0 0.25333333333333335 0.7883333333333333 0.04666666666666667 0.043333333333333335
0 0.20833333333333334 0.8183333333333334 0.03666666666666667 0.030000000000000002
0 0.165 0.8466666666666667 0.05 0.03333333333333333
0 0.125 0.8816666666666667 0.05 0.03666666666666667
0 0.09000000000000001 0.915 0.04666666666666667 0.03666666666666667
0 0.035 0.9600000000000001 0.07 0.060000000000000005
