0 0.455 0.23 0.023333333333333334 0.02
0 0.48333333333333334 0.2516666666666667 0.02 0.016666666666666666
0 0.5166666666666667 0.2783333333333334 0.02 0.016666666666666666
0 0.5483333333333333 0.3116666666666667 0.016666666666666666 0.023333333333333334
0 0.6583333333333333 0.45 0.016666666666666666 0.02666666666666667
0 0.67 0.49333333333333335 0.02666666666666667 0.02666666666666667
0 0.34500000000000003 0.12166666666666667 0.03666666666666667 0.030000000000000002
0 0.36833333333333335 0.15333333333333335 0.016666666666666666 0.013333333333333334
0 0.395 0.18666666666666668 0.023333333333333334 0.02666666666666667
0 0.4166666666666667 0.22333333333333336 0.013333333333333334 0.013333333333333334
0 0.3666666666666667 0.19166666666666668 0.006666666666666667 0.016666666666666666
0 0.3866666666666667 0.23 0.02 0.02666666666666667
0 0.27166666666666667 0.32 0.016666666666666666 0.02
0 0.335 0.4033333333333334 0.01 0.013333333333333334
0 0.35333333333333333 0.4316666666666667 0.006666666666666667 0.01
0 0.22666666666666668 0.24833333333333335 0.013333333333333334 0.016666666666666666
0 0.40166666666666667 0.26666666666666666 0.016666666666666666 0.013333333333333334
