0 0.7100000000000001 0.4116666666666667 0.02 0.01
0 0.7350000000000001 0.43000000000000005 0.016666666666666666 0.013333333333333334
0 0.76 0.46166666666666667 0.013333333333333334 0.023333333333333334
0 0.7983333333333333 0.52 0.016666666666666666 0.02
0 0.8216666666666668 0.5516666666666667 0.016666666666666666 0.016666666666666666
0 0.8516666666666667 0.5850000000000001 0.016666666666666666 0.016666666666666666
0 0.9133333333333334 0.6633333333333333 0.02 0.02
0 0.9366666666666668 0.685 0.02 0.016666666666666666
0 0.9550000000000001 0.7116666666666667 0.023333333333333334 0.016666666666666666
0 0.8316666666666667 0.14833333333333334 0.05 0.03666666666666667
0 0.8766666666666667 0.19166666666666668 0.02 0.023333333333333334
0 0.9183333333333334 0.22833333333333336 0.030000000000000002 0.016666666666666666
0 0.9450000000000001 0.24500000000000002 0.023333333333333334 0.016666666666666666
0 0.9750000000000001 0.27 0.023333333333333334 0.02666666666666667
0 0.9083333333333334 0.275 0.016666666666666666 0.01
0 0.9383333333333334 0.30000000000000004 0.023333333333333334 0.02
0 0.9600000000000001 0.34500000000000003 0.013333333333333334 0.023333333333333334
0 0.9883333333333334 0.38833333333333336 0.016666666666666666 0.03666666666666667
