0 0.7083333333333334 0.26833333333333337 0.03666666666666667 0.030000000000000002
0 0.77 0.265 0.04666666666666667 0.043333333333333335
0 0.785 0.32333333333333336 0.023333333333333334 0.02666666666666667
0 0.8283333333333334 0.21166666666666667 0.030000000000000002 0.023333333333333334
0 0.8766666666666667 0.18000000000000002 0.02666666666666667 0.02666666666666667
0 0.5866666666666667 0.4366666666666667 0.02 0.02666666666666667
0 0.55 0.4716666666666667 0.02666666666666667 0.016666666666666666
0 0.6316666666666667 0.4166666666666667 0.01 0.013333333333333334
0 0.5533333333333333 0.5366666666666667 0.04666666666666667 0.04666666666666667
0 0.30333333333333334 0.5216666666666667 0.03333333333333333 0.030000000000000002
