0 0.3016666666666667 0.025 0.030000000000000002 0.05
0 0.3383333333333334 0.11833333333333335 0.043333333333333335 0.08333333333333334
0 0.38 0.21833333333333335 0.03333333333333333 0.06333333333333334
0 0.4266666666666667 0.32833333333333337 0.03333333333333333 0.05666666666666667
0 0.385 0.2833333333333333 0.023333333333333334 0.02
0 0.4666666666666667 0.4083333333333334 0.03333333333333333 0.043333333333333335
0 0.515 0.5033333333333334 0.023333333333333334 0.04
0 0.4866666666666667 0.48000000000000004 0.04 0.05333333333333334
0 0.5416666666666667 0.5733333333333334 0.030000000000000002 0.04
0 0.5700000000000001 0.6316666666666667 0.04666666666666667 0.06333333333333334
0 0.5833333333333334 0.6983333333333334 0.04 0.06333333333333334
0 0.6166666666666667 0.7616666666666667 0.02666666666666667 0.030000000000000002
0 0.6416666666666667 0.8433333333333334 0.043333333333333335 0.09333333333333334
0 0.6583333333333333 0.9433333333333334 0.05 0.08
0 0.10166666666666667 0.02 0.030000000000000002 0.03333333333333333
0 0.14666666666666667 0.14 0.060000000000000005 0.1
0 0.20833333333333334 0.29000000000000004 0.09666666666666668 0.14666666666666667
0 0.26833333333333337 0.43000000000000005 0.09666666666666668 0.12666666666666668
0 0.30333333333333334 0.5133333333333334 0.09333333333333334 0.04
0 0.28833333333333333 0.5833333333333334 0.07666666666666667 0.06666666666666667
0 0.37833333333333335 0.6183333333333334 0.07666666666666667 0.030000000000000002
0 0.30833333333333335 0.6683333333333333 0.07 0.07666666666666667
0 0.3216666666666667 0.7516666666666667 0.12333333333333334 0.09000000000000001
0 0.37000000000000005 0.8883333333333334 0.12000000000000001 0.16333333333333333
