0 0.6433333333333334 0.025 0.13333333333333333 0.05
0 0.675 0.060000000000000005 0.05 0.02
0 0.6316666666666667 0.1 0.016666666666666666 0.02
0 0.6166666666666667 0.12333333333333334 0.02 0.02
0 0.6016666666666667 0.5216666666666667 0.030000000000000002 0.030000000000000002
0 0.6333333333333334 0.465 0.02 0.023333333333333334
0 0.7316666666666667 0.25333333333333335 0.023333333333333334 0.02666666666666667
0 0.7233333333333334 0.29333333333333333 0.013333333333333334 0.02
0 0.7133333333333334 0.3216666666666667 0.006666666666666667 0.016666666666666666
0 0.7033333333333334 0.35500000000000004 0.006666666666666667 0.023333333333333334
0 0.6866666666666668 0.38 0.006666666666666667 0.02
0 0.29000000000000004 0.6533333333333333 0.02 0.02
0 0.29333333333333333 0.6833333333333333 0.02 0.02666666666666667
0 0.2733333333333334 0.7233333333333334 0.02666666666666667 0.03333333333333333
0 0.25 0.7683333333333334 0.02 0.023333333333333334
0 0.3816666666666667 0.7933333333333333 0.030000000000000002 0.02666666666666667
0 0.36000000000000004 0.8333333333333334 0.02666666666666667 0.03333333333333333
0 0.29333333333333333 0.915 0.013333333333333334 0.016666666666666666
0 0.27 0.9400000000000001 0.02 0.02666666666666667
0 0.2516666666666667 0.9800000000000001 0.030000000000000002 0.03333333333333333
