0 0.42000000000000004 0.44833333333333336 0.013333333333333334 0.030000000000000002
0 0.39666666666666667 0.375 0.02 0.07
0 0.40166666666666667 0.4366666666666667 0.016666666666666666 0.04
0 0.33166666666666667 0.6533333333333333 0.01 0.02
0 0.27166666666666667 0.6666666666666667 0.016666666666666666 0.02
0 0.3116666666666667 0.6116666666666667 0.016666666666666666 0.016666666666666666
0 0.33 0.5966666666666667 0.013333333333333334 0.013333333333333334
0 0.3416666666666667 0.5716666666666667 0.01 0.030000000000000002
0 0.2916666666666667 0.6616666666666667 0.01 0.023333333333333334
0 0.44333333333333336 0.7233333333333334 0.02 0.013333333333333334
0 0.46 0.6883333333333334 0.013333333333333334 0.016666666666666666
