0 0.19666666666666668 0.24166666666666667 0.04 0.023333333333333334
0 0.29000000000000004 0.31 0.05333333333333334 0.04
0 0.35833333333333334 0.3566666666666667 0.030000000000000002 0.02666666666666667
0 0.395 0.395 0.016666666666666666 0.023333333333333334
0 0.4266666666666667 0.4266666666666667 0.02666666666666667 0.02
0 0.4566666666666667 0.44833333333333336 0.02 0.023333333333333334
0 0.4816666666666667 0.47500000000000003 0.023333333333333334 0.023333333333333334
0 0.5016666666666667 0.5 0.016666666666666666 0.02
0 0.53 0.5233333333333333 0.013333333333333334 0.013333333333333334
0 0.56 0.5466666666666667 0.02 0.02
0 0.5816666666666667 0.5700000000000001 0.01 0.013333333333333334
0 0.6066666666666667 0.5950000000000001 0.013333333333333334 0.016666666666666666
0 0.63 0.62 0.013333333333333334 0.013333333333333334
0 0.6583333333333333 0.6466666666666667 0.01 0.013333333333333334
0 0.6816666666666668 0.6683333333333333 0.01 0.01
0 0.7083333333333334 0.7016666666666667 0.01 0.01
0 0.405 0.5166666666666667 0.016666666666666666 0.02
0 0.44333333333333336 0.5683333333333334 0.013333333333333334 0.023333333333333334
0 0.48333333333333334 0.6066666666666667 0.02 0.02
0 0.5166666666666667 0.6433333333333334 0.013333333333333334 0.02
0 0.16333333333333333 0.26 0.02666666666666667 0.02666666666666667
0 0.265 0.24333333333333335 0.030000000000000002 0.03333333333333333
0 0.11166666666666668 0.21833333333333335 0.043333333333333335 0.030000000000000002
0 0.18166666666666667 0.1716666666666667 0.030000000000000002 0.030000000000000002
