0 0.39666666666666667 0.4366666666666667 0.06666666666666667 0.37333333333333335
0 0.5816666666666667 0.18166666666666667 0.030000000000000002 0.10333333333333335
0 0.5750000000000001 0.27666666666666667 0.016666666666666666 0.03333333333333333
0 0.5650000000000001 0.32333333333333336 0.0033333333333333335 0.03333333333333333
0 0.5483333333333333 0.37333333333333335 0.01 0.02
0 0.5333333333333333 0.4316666666666667 0.013333333333333334 0.03666666666666667
0 0.5266666666666667 0.4816666666666667 0.006666666666666667 0.030000000000000002
0 0.5133333333333334 0.535 0.013333333333333334 0.030000000000000002
0 0.4733333333333334 0.6216666666666667 0.04 0.09000000000000001
0 0.41000000000000003 0.6866666666666668 0.04 0.1
