0 0.5766666666666667 0.465 0.12666666666666668 0.17
0 0.6616666666666667 0.6183333333333334 0.07666666666666667 0.08333333333333334
0 0.7350000000000001 0.6666666666666667 0.05666666666666667 0.060000000000000005
0 0.7716666666666667 0.7150000000000001 0.06333333333333334 0.05
0 0.8583333333333334 0.755 0.09000000000000001 0.043333333333333335
0 0.91 0.7983333333333333 0.060000000000000005 0.05
0 0.9550000000000001 0.8316666666666667 0.07666666666666667 0.03666666666666667
0 0.5783333333333334 0.34 0.07666666666666667 0.08
0 0.61 0.24000000000000002 0.060000000000000005 0.07333333333333333
0 0.6633333333333333 0.18833333333333335 0.05333333333333334 0.07
