0 0.9033333333333334 0.15833333333333335 0.02666666666666667 0.030000000000000002
0 0.905 0.2 0.023333333333333334 0.02
0 0.8816666666666667 0.21666666666666667 0.016666666666666666 0.013333333333333334
0 0.8633333333333334 0.24500000000000002 0.02 0.023333333333333334
0 0.8133333333333334 0.32 0.013333333333333334 0.02
0 0.7816666666666667 0.35000000000000003 0.01 0.013333333333333334
0 0.7633333333333334 0.37833333333333335 0.013333333333333334 0.016666666666666666
0 0.7366666666666667 0.4033333333333334 0.013333333333333334 0.02
0 0.7050000000000001 0.43000000000000005 0.016666666666666666 0.013333333333333334
0 0.685 0.4566666666666667 0.01 0.013333333333333334
0 0.6566666666666667 0.4783333333333334 0.006666666666666667 0.01
0 0.635 0.5033333333333334 0.01 0.013333333333333334
0 0.6116666666666667 0.525 0.01 0.016666666666666666
0 0.5866666666666667 0.545 0.013333333333333334 0.016666666666666666
0 0.5700000000000001 0.5683333333333334 0.013333333333333334 0.016666666666666666
0 0.5433333333333333 0.5883333333333334 0.02666666666666667 0.016666666666666666
0 0.5866666666666667 0.4366666666666667 0.02 0.02
0 0.7616666666666667 0.2566666666666667 0.023333333333333334 0.02
0 0.8 0.23 0.02 0.013333333333333334
0 0.8333333333333334 0.20500000000000002 0.013333333333333334 0.016666666666666666
