0 0.5750000000000001 0.13333333333333333 0.13 0.23333333333333334
0 0.665 0.325 0.07666666666666667 0.12333333333333334
0 0.6333333333333334 0.4033333333333334 0.16 0.05333333333333334
0 0.6533333333333333 0.5016666666666667 0.18666666666666668 0.10333333333333335
0 0.7316666666666667 0.6033333333333334 0.20333333333333334 0.08666666666666667
0 0.61 0.6883333333333334 0.05333333333333334 0.030000000000000002
0 0.6783333333333333 0.7100000000000001 0.06333333333333334 0.02666666666666667
0 0.8716666666666667 0.745 0.08333333333333334 0.05
0 0.24000000000000002 0.5616666666666666 0.06666666666666667 0.043333333333333335
0 0.2733333333333334 0.5966666666666667 0.05333333333333334 0.02666666666666667
