0 0.32833333333333337 0.27 0.03666666666666667 0.03333333333333333
0 0.36333333333333334 0.29833333333333334 0.03333333333333333 0.023333333333333334
0 0.39333333333333337 0.325 0.02666666666666667 0.023333333333333334
0 0.42333333333333334 0.35833333333333334 0.02666666666666667 0.023333333333333334
0 0.4516666666666667 0.38 0.030000000000000002 0.02
0 0.4783333333333334 0.4133333333333334 0.023333333333333334 0.02
0 0.5016666666666667 0.4466666666666667 0.016666666666666666 0.02666666666666667
0 0.535 0.4716666666666667 0.023333333333333334 0.03666666666666667
0 0.5650000000000001 0.5066666666666667 0.030000000000000002 0.02666666666666667
0 0.5950000000000001 0.5383333333333333 0.023333333333333334 0.023333333333333334
0 0.6116666666666667 0.5716666666666667 0.01 0.016666666666666666
0 0.6483333333333334 0.5933333333333334 0.023333333333333334 0.02
0 0.6766666666666667 0.62 0.02 0.02
0 0.6966666666666667 0.6483333333333334 0.02 0.023333333333333334
0 0.7283333333333334 0.675 0.023333333333333334 0.016666666666666666
0 0.75 0.6933333333333334 0.02 0.02
0 0.7766666666666667 0.7250000000000001 0.02 0.016666666666666666
0 0.8033333333333333 0.7483333333333334 0.02 0.016666666666666666
0 0.8216666666666668 0.775 0.016666666666666666 0.023333333333333334
0 0.8433333333333334 0.8066666666666668 0.02 0.02
0 0.8650000000000001 0.8400000000000001 0.016666666666666666 0.02
0 0.8833333333333334 0.8650000000000001 0.02 0.023333333333333334
0 0.8550000000000001 0.8750000000000001 0.023333333333333334 0.016666666666666666
0 0.885 0.905 0.023333333333333334 0.023333333333333334
0 0.4466666666666667 0.505 0.02666666666666667 0.016666666666666666
0 0.4783333333333334 0.5266666666666667 0.023333333333333334 0.02
0 0.49500000000000005 0.5583333333333333 0.023333333333333334 0.016666666666666666
0 0.515 0.5750000000000001 0.016666666666666666 0.016666666666666666
0 0.54 0.5983333333333334 0.013333333333333334 0.016666666666666666
0 0.56 0.6233333333333334 0.02 0.02
0 0.5816666666666667 0.645 0.01 0.016666666666666666
0 0.6083333333333334 0.665 0.023333333333333334 0.01
0 0.645 0.6900000000000001 0.023333333333333334 0.02666666666666667
0 0.67 0.7216666666666667 0.02 0.016666666666666666
0 0.6983333333333334 0.745 0.023333333333333334 0.023333333333333334
0 0.7316666666666667 0.7716666666666667 0.016666666666666666 0.01
0 0.7533333333333334 0.79 0.02 0.02
0 0.7916666666666667 0.8250000000000001 0.023333333333333334 0.023333333333333334
0 0.8216666666666668 0.8500000000000001 0.023333333333333334 0.02
0 0.6433333333333334 0.665 0.02666666666666667 0.030000000000000002
0 0.9166666666666667 0.9216666666666667 0.02666666666666667 0.023333333333333334
0 0.9500000000000001 0.9516666666666668 0.03333333333333333 0.030000000000000002
0 0.9800000000000001 0.9800000000000001 0.02 0.02
