0 0.5366666666666667 0.3433333333333334 0.04666666666666667 0.08
0 0.5966666666666667 0.28500000000000003 0.12000000000000001 0.05666666666666667
0 0.6116666666666667 0.35000000000000003 0.05666666666666667 0.07333333333333333
0 0.5983333333333334 0.43000000000000005 0.06333333333333334 0.08
0 0.56 0.5133333333333334 0.06666666666666667 0.06666666666666667
0 0.48833333333333334 0.6033333333333334 0.016666666666666666 0.02666666666666667
0 0.2966666666666667 0.8650000000000001 0.02 0.023333333333333334
0 0.3433333333333334 0.8250000000000001 0.02 0.01
0 0.36333333333333334 0.8066666666666668 0.02666666666666667 0.013333333333333334
0 0.3866666666666667 0.7916666666666667 0.02 0.01
0 0.4066666666666667 0.77 0.013333333333333334 0.006666666666666667
0 0.4216666666666667 0.75 0.016666666666666666 0.013333333333333334
0 0.44833333333333336 0.7366666666666667 0.016666666666666666 0.013333333333333334
0 0.4633333333333334 0.7216666666666667 0.02 0.016666666666666666
0 0.4783333333333334 0.6916666666666668 0.023333333333333334 0.016666666666666666
0 0.49500000000000005 0.6716666666666667 0.023333333333333334 0.01
0 0.505 0.66 0.016666666666666666 0.013333333333333334
0 0.5266666666666667 0.6383333333333334 0.02 0.016666666666666666
0 0.54 0.6116666666666667 0.02 0.016666666666666666
0 0.5583333333333333 0.5833333333333334 0.016666666666666666 0.013333333333333334
0 0.6716666666666667 0.23 0.043333333333333335 0.02
0 0.7050000000000001 0.2016666666666667 0.03666666666666667 0.016666666666666666
0 0.7416666666666667 0.19 0.016666666666666666 0.006666666666666667
