0 0.09000000000000001 0.07666666666666667 0.03333333333333333 0.02666666666666667
0 0.125 0.15000000000000002 0.030000000000000002 0.04666666666666667
0 0.16 0.21833333333333335 0.02 0.016666666666666666
0 0.21666666666666667 0.2916666666666667 0.02 0.023333333333333334
0 0.26666666666666666 0.36333333333333334 0.02 0.02666666666666667
0 0.3016666666666667 0.4033333333333334 0.030000000000000002 0.03333333333333333
0 0.33166666666666667 0.43500000000000005 0.016666666666666666 0.030000000000000002
0 0.33666666666666667 0.49000000000000005 0.03333333333333333 0.04
0 0.37000000000000005 0.5066666666666667 0.02 0.04
0 0.3766666666666667 0.5633333333333334 0.03333333333333333 0.04
0 0.39666666666666667 0.5983333333333334 0.03333333333333333 0.043333333333333335
0 0.4216666666666667 0.6433333333333334 0.023333333333333334 0.02
0 0.4466666666666667 0.6716666666666667 0.02 0.023333333333333334
0 0.4683333333333334 0.7016666666666667 0.01 0.023333333333333334
0 0.5633333333333334 0.8083333333333333 0.02666666666666667 0.023333333333333334
0 0.4916666666666667 0.7316666666666667 0.023333333333333334 0.023333333333333334
