0 0.15333333333333335 0.16 0.02 0.02
0 0.21000000000000002 0.23333333333333334 0.060000000000000005 0.060000000000000005
0 0.27666666666666667 0.31333333333333335 0.05333333333333334 0.06666666666666667
0 0.32666666666666666 0.3816666666666667 0.04 0.05
0 0.36500000000000005 0.4366666666666667 0.030000000000000002 0.03333333333333333
0 0.42500000000000004 0.49333333333333335 0.06333333333333334 0.04666666666666667
0 0.48500000000000004 0.5466666666666667 0.043333333333333335 0.03333333333333333
0 0.53 0.5733333333333334 0.04 0.02
0 0.5816666666666667 0.5983333333333334 0.023333333333333334 0.023333333333333334
0 0.6316666666666667 0.6283333333333334 0.023333333333333334 0.01
0 0.6783333333333333 0.6516666666666667 0.023333333333333334 0.016666666666666666
0 0.7066666666666667 0.665 0.02666666666666667 0.016666666666666666
0 0.7350000000000001 0.685 0.023333333333333334 0.016666666666666666
0 0.785 0.7200000000000001 0.030000000000000002 0.02666666666666667
0 0.8400000000000001 0.765 0.013333333333333334 0.01
0 0.5516666666666667 0.6883333333333334 0.016666666666666666 0.016666666666666666
0 0.5850000000000001 0.7166666666666667 0.030000000000000002 0.02
0 0.615 0.7383333333333334 0.016666666666666666 0.016666666666666666
0 0.6516666666666667 0.7783333333333334 0.023333333333333334 0.030000000000000002
0 0.6866666666666668 0.81 0.03333333333333333 0.02
0 0.7300000000000001 0.8316666666666667 0.02666666666666667 0.016666666666666666
0 0.7733333333333334 0.8566666666666667 0.03333333333333333 0.02666666666666667
0 0.8700000000000001 0.9383333333333334 0.03333333333333333 0.030000000000000002
0 0.9133333333333334 0.9733333333333334 0.03333333333333333 0.02666666666666667
