0 0.028333333333333335 0.4366666666666667 0.05666666666666667 0.02666666666666667
0 0.07 0.4783333333333334 0.04666666666666667 0.043333333333333335
0 0.10500000000000001 0.5683333333333334 0.09000000000000001 0.10333333333333335
0 0.125 0.6516666666666667 0.016666666666666666 0.03666666666666667
0 0.16 0.7000000000000001 0.03333333333333333 0.02666666666666667
0 0.195 0.7566666666666667 0.016666666666666666 0.03333333333333333
0 0.22833333333333336 0.8 0.030000000000000002 0.02666666666666667
0 0.275 0.8466666666666667 0.023333333333333334 0.02666666666666667
0 0.31833333333333336 0.89 0.030000000000000002 0.04
0 0.36500000000000005 0.9450000000000001 0.03666666666666667 0.030000000000000002
