0 0.30833333333333335 0.6016666666666667 0.030000000000000002 0.05
0 0.29500000000000004 0.6633333333333333 0.023333333333333334 0.03333333333333333
0 0.2833333333333333 0.6950000000000001 0.08 0.0033333333333333335
0 0.34833333333333333 0.4633333333333334 0.043333333333333335 0.02
0 0.375 0.49833333333333335 0.08333333333333334 0.023333333333333334
0 0.39 0.30333333333333334 0.02666666666666667 0.03333333333333333
0 0.35500000000000004 0.37000000000000005 0.016666666666666666 0.013333333333333334
0 0.615 0.12000000000000001 0.030000000000000002 0.02666666666666667
0 0.6016666666666667 0.17333333333333334 0.07666666666666667 0.02666666666666667
0 0.5900000000000001 0.2066666666666667 0.02666666666666667 0.006666666666666667
