0 0.32 0.21666666666666667 0.02666666666666667 0.02
0 0.35833333333333334 0.24000000000000002 0.023333333333333334 0.02
0 0.26 0.2566666666666667 0.02 0.02
0 0.26666666666666666 0.29500000000000004 0.04666666666666667 0.043333333333333335
0 0.27 0.3416666666666667 0.04666666666666667 0.03666666666666667
0 0.28833333333333333 0.39333333333333337 0.05666666666666667 0.04
0 0.2966666666666667 0.44333333333333336 0.04666666666666667 0.04
0 0.3016666666666667 0.49500000000000005 0.023333333333333334 0.043333333333333335
0 0.37000000000000005 0.5850000000000001 0.03333333333333333 0.03666666666666667
0 0.40166666666666667 0.625 0.030000000000000002 0.030000000000000002
0 0.42833333333333334 0.6666666666666667 0.030000000000000002 0.04
0 0.46166666666666667 0.6983333333333334 0.030000000000000002 0.023333333333333334
0 0.4866666666666667 0.7200000000000001 0.02 0.02666666666666667
0 0.51 0.7566666666666667 0.02666666666666667 0.02666666666666667
0 0.5466666666666667 0.7866666666666667 0.013333333333333334 0.02
0 0.5783333333333334 0.8133333333333334 0.016666666666666666 0.02666666666666667
0 0.6016666666666667 0.8416666666666667 0.01 0.016666666666666666
0 0.6333333333333334 0.8750000000000001 0.02666666666666667 0.030000000000000002
0 0.6766666666666667 0.655 0.02 0.023333333333333334
0 0.7416666666666667 0.7616666666666667 0.030000000000000002 0.030000000000000002
0 0.7683333333333334 0.795 0.016666666666666666 0.023333333333333334
0 0.8 0.8350000000000001 0.013333333333333334 0.016666666666666666
0 0.8366666666666667 0.8650000000000001 0.02666666666666667 0.023333333333333334
0 0.88 0.895 0.02 0.023333333333333334
0 0.91 0.925 0.02666666666666667 0.023333333333333334
0 0.9333333333333333 0.9550000000000001 0.013333333333333334 0.023333333333333334
0 0.45333333333333337 0.53 0.08 0.02
0 0.5383333333333333 0.525 0.05666666666666667 0.01
