0 0.15666666666666668 0.2316666666666667 0.02666666666666667 0.023333333333333334
0 0.18833333333333335 0.27 0.023333333333333334 0.02
0 0.23 0.305 0.013333333333333334 0.016666666666666666
0 0.26833333333333337 0.33666666666666667 0.01 0.006666666666666667
0 0.30000000000000004 0.37000000000000005 0.02 0.02666666666666667
0 0.33 0.4033333333333334 0.02666666666666667 0.02
0 0.37333333333333335 0.4416666666666667 0.03333333333333333 0.030000000000000002
0 0.405 0.4733333333333334 0.030000000000000002 0.03333333333333333
0 0.4416666666666667 0.515 0.030000000000000002 0.023333333333333334
0 0.4816666666666667 0.5466666666666667 0.023333333333333334 0.02666666666666667
0 0.5066666666666667 0.5816666666666667 0.02 0.023333333333333334
0 0.5433333333333333 0.6183333333333334 0.02666666666666667 0.030000000000000002
0 0.5666666666666667 0.6583333333333333 0.013333333333333334 0.030000000000000002
0 0.6016666666666667 0.7033333333333334 0.023333333333333334 0.03333333333333333
0 0.6333333333333334 0.7366666666666667 0.03333333333333333 0.02666666666666667
0 0.665 0.7683333333333334 0.030000000000000002 0.030000000000000002
0 0.6433333333333334 0.505 0.02 0.016666666666666666
0 0.6633333333333333 0.5216666666666667 0.02 0.016666666666666666
0 0.6933333333333334 0.5516666666666667 0.02 0.030000000000000002
0 0.78 0.6433333333333334 0.02 0.02666666666666667
0 0.8033333333333333 0.6666666666666667 0.02 0.013333333333333334
