0 0.33333333333333337 0.135 0.013333333333333334 0.0033333333333333335
0 0.37333333333333335 0.155 0.02666666666666667 0.01
0 0.4116666666666667 0.17833333333333334 0.016666666666666666 0.016666666666666666
0 0.46 0.20500000000000002 0.02 0.016666666666666666
0 0.49833333333333335 0.23333333333333334 0.023333333333333334 0.02
0 0.5316666666666667 0.2566666666666667 0.023333333333333334 0.02
0 0.5650000000000001 0.2783333333333334 0.023333333333333334 0.01
0 0.5950000000000001 0.305 0.016666666666666666 0.016666666666666666
0 0.6233333333333334 0.33666666666666667 0.02 0.02
0 0.645 0.3616666666666667 0.016666666666666666 0.023333333333333334
0 0.6633333333333333 0.4316666666666667 0.02 0.023333333333333334
0 0.6833333333333333 0.46166666666666667 0.013333333333333334 0.023333333333333334
0 0.6883333333333334 0.5066666666666667 0.023333333333333334 0.04
0 0.7133333333333334 0.545 0.02 0.030000000000000002
0 0.6966666666666667 0.5716666666666667 0.02 0.03666666666666667
0 0.785 0.5800000000000001 0.016666666666666666 0.02
0 0.8066666666666668 0.6116666666666667 0.013333333333333334 0.023333333333333334
0 0.8216666666666668 0.6416666666666667 0.01 0.016666666666666666
0 0.8383333333333334 0.6716666666666667 0.01 0.023333333333333334
0 0.8516666666666667 0.7433333333333334 0.01 0.09333333333333334
0 0.6966666666666667 0.6116666666666667 0.013333333333333334 0.023333333333333334
0 0.7066666666666667 0.6683333333333333 0.013333333333333334 0.030000000000000002
0 0.7250000000000001 0.7316666666666667 0.01 0.03666666666666667
0 0.7333333333333334 0.8233333333333334 0.006666666666666667 0.04666666666666667
0 0.7416666666666667 0.9400000000000001 0.023333333333333334 0.10666666666666667
