0 0.3566666666666667 0.26666666666666666 0.02 0.02666666666666667
0 0.38833333333333336 0.29833333333333334 0.03666666666666667 0.030000000000000002
0 0.4216666666666667 0.32666666666666666 0.023333333333333334 0.02666666666666667
0 0.455 0.35500000000000004 0.023333333333333334 0.023333333333333334
0 0.48333333333333334 0.385 0.02 0.023333333333333334
0 0.5316666666666667 0.42833333333333334 0.016666666666666666 0.030000000000000002
0 0.5616666666666666 0.4633333333333334 0.023333333333333334 0.03333333333333333
0 0.6000000000000001 0.5 0.02666666666666667 0.013333333333333334
0 0.635 0.5283333333333333 0.023333333333333334 0.03666666666666667
0 0.3983333333333334 0.35833333333333334 0.023333333333333334 0.023333333333333334
0 0.44333333333333336 0.40166666666666667 0.02 0.023333333333333334
0 0.48000000000000004 0.445 0.02666666666666667 0.023333333333333334
0 0.5216666666666667 0.49000000000000005 0.03666666666666667 0.04666666666666667
0 0.5766666666666667 0.545 0.02666666666666667 0.030000000000000002
0 0.67 0.5833333333333334 0.05333333333333334 0.04
0 0.7366666666666667 0.6183333333333334 0.03333333333333333 0.030000000000000002
