0 0.13166666666666668 0.02 0.07 0.04
0 0.17666666666666667 0.06666666666666667 0.06666666666666667 0.05333333333333334
0 0.21833333333333335 0.12833333333333335 0.07 0.07
0 0.275 0.16833333333333333 0.030000000000000002 0.05666666666666667
0 0.305 0.20333333333333334 0.016666666666666666 0.04
0 0.3383333333333334 0.24166666666666667 0.030000000000000002 0.09666666666666668
0 0.3766666666666667 0.28833333333333333 0.03333333333333333 0.043333333333333335
0 0.4033333333333334 0.32 0.02666666666666667 0.04
0 0.43333333333333335 0.36333333333333334 0.03333333333333333 0.04
0 0.45833333333333337 0.4033333333333334 0.030000000000000002 0.02666666666666667
0 0.4916666666666667 0.4633333333333334 0.023333333333333334 0.08
0 0.5166666666666667 0.47000000000000003 0.02 0.03333333333333333
0 0.5416666666666667 0.5066666666666667 0.023333333333333334 0.03333333333333333
0 0.5700000000000001 0.54 0.02666666666666667 0.03333333333333333
0 0.5883333333333334 0.5700000000000001 0.023333333333333334 0.02666666666666667
0 0.6183333333333334 0.6333333333333334 0.03666666666666667 0.07333333333333333
0 0.6533333333333333 0.6566666666666667 0.02666666666666667 0.02666666666666667
0 0.6866666666666668 0.7166666666666667 0.03333333333333333 0.08
0 0.7216666666666667 0.7733333333333334 0.023333333333333334 0.06666666666666667
0 0.7533333333333334 0.8150000000000001 0.03333333333333333 0.07
0 0.7883333333333333 0.8533333333333334 0.023333333333333334 0.060000000000000005
0 0.8200000000000001 0.9033333333333334 0.02666666666666667 0.03333333333333333
0 0.8466666666666667 0.9416666666666668 0.02666666666666667 0.030000000000000002
