0 0.785 0.18000000000000002 0.05 0.04
0 0.8433333333333334 0.08333333333333334 0.03333333333333333 0.04666666666666667
0 0.7133333333333334 0.21166666666666667 0.02 0.023333333333333334
0 0.6983333333333334 0.2366666666666667 0.016666666666666666 0.013333333333333334
0 0.6733333333333333 0.2566666666666667 0.013333333333333334 0.013333333333333334
0 0.6516666666666667 0.29000000000000004 0.030000000000000002 0.03333333333333333
0 0.6316666666666667 0.32333333333333336 0.030000000000000002 0.03333333333333333
0 0.6050000000000001 0.3566666666666667 0.016666666666666666 0.02666666666666667
0 0.5966666666666667 0.3916666666666667 0.04 0.03666666666666667
0 0.5666666666666667 0.41833333333333333 0.02 0.023333333333333334
0 0.55 0.4516666666666667 0.02666666666666667 0.030000000000000002
0 0.5316666666666667 0.48833333333333334 0.023333333333333334 0.023333333333333334
0 0.5133333333333334 0.525 0.013333333333333334 0.023333333333333334
0 0.49000000000000005 0.5566666666666668 0.04 0.03333333333333333
0 0.45833333333333337 0.5983333333333334 0.05666666666666667 0.03666666666666667
0 0.41833333333333333 0.6316666666666667 0.023333333333333334 0.030000000000000002
0 0.39666666666666667 0.665 0.02 0.016666666666666666
0 0.3716666666666667 0.6883333333333334 0.023333333333333334 0.023333333333333334
0 0.35333333333333333 0.7283333333333334 0.03333333333333333 0.030000000000000002
0 0.3166666666666667 0.7516666666666667 0.02666666666666667 0.030000000000000002
0 0.2833333333333333 0.775 0.02666666666666667 0.023333333333333334
0 0.28 0.9483333333333334 0.04 0.06333333333333334
0 0.315 0.9016666666666667 0.03666666666666667 0.06333333333333334
0 0.34 0.8366666666666667 0.02666666666666667 0.03333333333333333
0 0.37000000000000005 0.8133333333333334 0.03333333333333333 0.02666666666666667
0 0.41500000000000004 0.7516666666666667 0.023333333333333334 0.023333333333333334
0 0.43833333333333335 0.7266666666666667 0.030000000000000002 0.02666666666666667
0 0.4633333333333334 0.6966666666666667 0.03333333333333333 0.02
0 0.49000000000000005 0.6583333333333333 0.04666666666666667 0.043333333333333335
0 0.5233333333333333 0.6183333333333334 0.04 0.023333333333333334
0 0.5483333333333333 0.5983333333333334 0.023333333333333334 0.016666666666666666
0 0.5716666666666667 0.5716666666666667 0.023333333333333334 0.016666666666666666
0 0.5850000000000001 0.5466666666666667 0.016666666666666666 0.013333333333333334
0 0.7466666666666667 0.31 0.013333333333333334 0.03333333333333333
0 0.7366666666666667 0.34 0.013333333333333334 0.02
0 0.7133333333333334 0.3616666666666667 0.02 0.016666666666666666
0 0.6900000000000001 0.39 0.013333333333333334 0.02
0 0.6116666666666667 0.5 0.016666666666666666 0.02
