0 0.8450000000000001 0.3383333333333334 0.06333333333333334 0.05666666666666667
0 0.885 0.17500000000000002 0.06333333333333334 0.21666666666666667
0 0.9233333333333333 0.03166666666666667 0.05333333333333334 0.05666666666666667
0 0.8150000000000001 0.08333333333333334 0.043333333333333335 0.02666666666666667
0 0.5483333333333333 0.26166666666666666 0.05 0.016666666666666666
0 0.5800000000000001 0.10166666666666667 0.02666666666666667 0.03666666666666667
0 0.45833333333333337 0.3916666666666667 0.01 0.023333333333333334
0 0.4216666666666667 0.465 0.023333333333333334 0.023333333333333334
0 0.3916666666666667 0.5216666666666667 0.016666666666666666 0.030000000000000002
0 0.37333333333333335 0.5650000000000001 0.02 0.030000000000000002
