0 0.335 0.013333333333333334 0.030000000000000002 0.02
0 0.3616666666666667 0.055 0.030000000000000002 0.023333333333333334
0 0.3866666666666667 0.09833333333333334 0.02 0.030000000000000002
0 0.4083333333333334 0.1366666666666667 0.023333333333333334 0.02
0 0.44333333333333336 0.19166666666666668 0.04 0.05
0 0.47500000000000003 0.2316666666666667 0.023333333333333334 0.023333333333333334
0 0.4966666666666667 0.2733333333333334 0.03333333333333333 0.02666666666666667
0 0.5266666666666667 0.31333333333333335 0.02 0.02666666666666667
0 0.5533333333333333 0.34833333333333333 0.02666666666666667 0.023333333333333334
0 0.5816666666666667 0.38333333333333336 0.023333333333333334 0.03333333333333333
0 0.6133333333333334 0.42333333333333334 0.02666666666666667 0.03333333333333333
0 0.6366666666666667 0.4683333333333334 0.02666666666666667 0.043333333333333335
0 0.67 0.5283333333333333 0.02 0.030000000000000002
0 0.6966666666666667 0.5700000000000001 0.02 0.03333333333333333
0 0.7233333333333334 0.6050000000000001 0.02666666666666667 0.030000000000000002
0 0.7616666666666667 0.65 0.030000000000000002 0.04
0 0.7916666666666667 0.6883333333333334 0.030000000000000002 0.030000000000000002
0 0.8316666666666667 0.7266666666666667 0.023333333333333334 0.03333333333333333
