0 0.12833333333333335 0.06333333333333334 0.030000000000000002 0.02666666666666667
0 0.18000000000000002 0.1 0.05333333333333334 0.03333333333333333
0 0.23333333333333334 0.13833333333333334 0.02666666666666667 0.030000000000000002
0 0.2733333333333334 0.18833333333333335 0.02666666666666667 0.030000000000000002
0 0.34 0.25 0.04666666666666667 0.04
0 0.40166666666666667 0.3066666666666667 0.043333333333333335 0.04
0 0.47500000000000003 0.375 0.07 0.05
0 0.54 0.4366666666666667 0.05333333333333334 0.06666666666666667
0 0.5966666666666667 0.515 0.03333333333333333 0.05
0 0.645 0.5650000000000001 0.043333333333333335 0.043333333333333335
0 0.7050000000000001 0.6233333333333334 0.07 0.060000000000000005
0 0.7583333333333334 0.7016666666666667 0.03666666666666667 0.05
0 0.81 0.7733333333333334 0.04666666666666667 0.05333333333333334
0 0.8566666666666667 0.8483333333333334 0.03333333333333333 0.043333333333333335
0 0.9016666666666667 0.905 0.030000000000000002 0.03666666666666667
0 0.9466666666666668 0.9633333333333334 0.03333333333333333 0.04
