0 0.3216666666666667 0.135 0.043333333333333335 0.030000000000000002
0 0.3766666666666667 0.17500000000000002 0.04666666666666667 0.05
0 0.4066666666666667 0.24500000000000002 0.04666666666666667 0.043333333333333335
0 0.465 0.2783333333333334 0.023333333333333334 0.030000000000000002
0 0.48500000000000004 0.34833333333333333 0.05666666666666667 0.07
0 0.5583333333333333 0.34833333333333333 0.043333333333333335 0.043333333333333335
0 0.625 0.41000000000000003 0.023333333333333334 0.04
0 0.5950000000000001 0.4733333333333334 0.016666666666666666 0.04666666666666667
0 0.5800000000000001 0.5666666666666667 0.04 0.07333333333333333
0 0.5033333333333334 0.43333333333333335 0.04 0.02666666666666667
0 0.55 0.4266666666666667 0.02 0.04666666666666667
0 0.55 0.48333333333333334 0.013333333333333334 0.04
0 0.5083333333333334 0.535 0.030000000000000002 0.030000000000000002
0 0.4266666666666667 0.5883333333333334 0.02 0.030000000000000002
0 0.42833333333333334 0.6416666666666667 0.03666666666666667 0.05
0 0.37000000000000005 0.6733333333333333 0.02666666666666667 0.02666666666666667
0 0.39666666666666667 0.6233333333333334 0.02666666666666667 0.02666666666666667
0 0.5116666666666667 0.6616666666666667 0.030000000000000002 0.030000000000000002
0 0.5716666666666667 0.64 0.023333333333333334 0.04
0 0.5433333333333333 0.6866666666666668 0.02666666666666667 0.03333333333333333
0 0.5066666666666667 0.7283333333333334 0.02666666666666667 0.030000000000000002
0 0.44833333333333336 0.7000000000000001 0.023333333333333334 0.03333333333333333
0 0.48833333333333334 0.6966666666666667 0.030000000000000002 0.03333333333333333
0 0.315 0.7133333333333334 0.023333333333333334 0.04
0 0.28 0.755 0.02 0.030000000000000002
0 0.26 0.7966666666666667 0.02666666666666667 0.03333333333333333
0 0.24333333333333335 0.8350000000000001 0.013333333333333334 0.023333333333333334
0 0.19666666666666668 0.8683333333333334 0.02 0.030000000000000002
0 0.15000000000000002 0.925 0.05333333333333334 0.05666666666666667
0 0.44 0.7633333333333334 0.02666666666666667 0.03333333333333333
0 0.4916666666666667 0.7833333333333334 0.023333333333333334 0.04
0 0.44333333333333336 0.8083333333333333 0.006666666666666667 0.016666666666666666
0 0.4266666666666667 0.8316666666666667 0.02666666666666667 0.016666666666666666
0 0.47000000000000003 0.8066666666666668 0.02 0.02
0 0.6383333333333334 0.6950000000000001 0.05666666666666667 0.05666666666666667
0 0.40166666666666667 0.35500000000000004 0.023333333333333334 0.023333333333333334
0 0.6166666666666667 0.37833333333333335 0.02666666666666667 0.030000000000000002
0 0.635 0.45 0.016666666666666666 0.02
