0 0.4416666666666667 0.255 0.13 0.05666666666666667
0 0.48500000000000004 0.47000000000000003 0.14333333333333334 0.05333333333333334
0 0.54 0.06166666666666667 0.02666666666666667 0.023333333333333334
0 0.5766666666666667 0.11666666666666667 0.02 0.03333333333333333
0 0.6083333333333334 0.17666666666666667 0.030000000000000002 0.05333333333333334
0 0.6116666666666667 0.26 0.043333333333333335 0.03333333333333333
0 0.6516666666666667 0.3066666666666667 0.03666666666666667 0.04
0 0.6766666666666667 0.3616666666666667 0.04 0.03666666666666667
0 0.7183333333333334 0.4066666666666667 0.03666666666666667 0.04
0 0.7683333333333334 0.4733333333333334 0.07 0.04666666666666667
0 0.8 0.5333333333333333 0.06666666666666667 0.05333333333333334
0 0.8566666666666667 0.6033333333333334 0.04 0.06666666666666667
0 0.9083333333333334 0.6516666666666667 0.030000000000000002 0.030000000000000002
0 0.8866666666666667 0.7083333333333334 0.03333333333333333 0.030000000000000002
0 0.8450000000000001 0.7583333333333334 0.10333333333333335 0.030000000000000002
0 0.8550000000000001 0.8166666666666668 0.043333333333333335 0.04666666666666667
0 0.905 0.8516666666666667 0.030000000000000002 0.043333333333333335
0 0.9566666666666668 0.9366666666666668 0.07333333333333333 0.12000000000000001
