0 0.9533333333333334 0.07500000000000001 0.03333333333333333 0.03666666666666667
0 0.935 0.12666666666666668 0.03666666666666667 0.02666666666666667
0 0.8933333333333334 0.16166666666666668 0.02666666666666667 0.023333333333333334
0 0.8333333333333334 0.19166666666666668 0.02 0.023333333333333334
0 0.7966666666666667 0.23833333333333334 0.05333333333333334 0.043333333333333335
0 0.7666666666666667 0.31 0.02 0.02
0 0.7233333333333334 0.3383333333333334 0.013333333333333334 0.023333333333333334
0 0.6916666666666668 0.38333333333333336 0.03666666666666667 0.02666666666666667
0 0.6483333333333334 0.4216666666666667 0.03666666666666667 0.030000000000000002
0 0.6133333333333334 0.4666666666666667 0.02666666666666667 0.02666666666666667
0 0.5700000000000001 0.5033333333333334 0.02666666666666667 0.03333333333333333
0 0.5366666666666667 0.5433333333333333 0.02 0.02
0 0.515 0.5883333333333334 0.023333333333333334 0.023333333333333334
0 0.49000000000000005 0.6133333333333334 0.013333333333333334 0.02
0 0.45833333333333337 0.6316666666666667 0.023333333333333334 0.023333333333333334
0 0.42000000000000004 0.6683333333333333 0.02 0.023333333333333334
0 0.38833333333333336 0.6933333333333334 0.030000000000000002 0.02666666666666667
0 0.3566666666666667 0.7250000000000001 0.02 0.030000000000000002
0 0.31833333333333336 0.76 0.030000000000000002 0.03333333333333333
0 0.2783333333333334 0.8 0.030000000000000002 0.04
0 0.23833333333333334 0.8583333333333334 0.030000000000000002 0.03666666666666667
0 0.17 0.8983333333333334 0.02666666666666667 0.030000000000000002
0 0.08666666666666667 0.9550000000000001 0.04 0.03666666666666667
0 0.8450000000000001 0.305 0.023333333333333334 0.043333333333333335
0 0.7916666666666667 0.3916666666666667 0.043333333333333335 0.05
0 0.7416666666666667 0.4916666666666667 0.030000000000000002 0.043333333333333335
0 0.7016666666666667 0.6183333333333334 0.05666666666666667 0.09000000000000001
0 0.65 0.7366666666666667 0.03333333333333333 0.04666666666666667
0 0.6233333333333334 0.8183333333333334 0.03333333333333333 0.05666666666666667
0 0.6166666666666667 0.9016666666666667 0.02666666666666667 0.043333333333333335
0 0.6016666666666667 0.9766666666666667 0.030000000000000002 0.04
