0 0.2066666666666667 0.8516666666666667 0.04 0.016666666666666666
0 0.29000000000000004 0.745 0.04 0.030000000000000002
0 0.3716666666666667 0.6883333333333334 0.043333333333333335 0.016666666666666666
0 0.4416666666666667 0.5966666666666667 0.05 0.04
0 0.5033333333333334 0.5783333333333334 0.060000000000000005 0.023333333333333334
0 0.5716666666666667 0.4966666666666667 0.03666666666666667 0.013333333333333334
0 0.6016666666666667 0.44 0.03666666666666667 0.03333333333333333
0 0.6783333333333333 0.41000000000000003 0.05666666666666667 0.02
0 0.7583333333333334 0.3466666666666667 0.030000000000000002 0.013333333333333334
0 0.8150000000000001 0.31 0.023333333333333334 0.013333333333333334
0 0.8750000000000001 0.27666666666666667 0.03666666666666667 0.03333333333333333
