0 0.21166666666666667 0.18000000000000002 0.023333333333333334 0.02
0 0.24500000000000002 0.21000000000000002 0.030000000000000002 0.02666666666666667
0 0.29500000000000004 0.24833333333333335 0.030000000000000002 0.016666666666666666
0 0.325 0.2733333333333334 0.016666666666666666 0.02
0 0.36000000000000004 0.30333333333333334 0.02666666666666667 0.02
0 0.3866666666666667 0.32833333333333337 0.02 0.023333333333333334
0 0.41833333333333333 0.35833333333333334 0.023333333333333334 0.023333333333333334
0 0.455 0.39333333333333337 0.023333333333333334 0.02
0 0.48833333333333334 0.42333333333333334 0.023333333333333334 0.02
0 0.5183333333333333 0.46 0.01 0.013333333333333334
0 0.5466666666666667 0.48833333333333334 0.02 0.016666666666666666
0 0.23333333333333334 0.2783333333333334 0.02666666666666667 0.030000000000000002
0 0.25333333333333335 0.305 0.013333333333333334 0.023333333333333334
0 0.2833333333333333 0.34 0.02 0.02
0 0.305 0.36500000000000005 0.016666666666666666 0.023333333333333334
0 0.395 0.43000000000000005 0.030000000000000002 0.04
0 0.42333333333333334 0.48000000000000004 0.02 0.02666666666666667
0 0.4566666666666667 0.52 0.02666666666666667 0.03333333333333333
0 0.10500000000000001 0.12166666666666667 0.023333333333333334 0.05666666666666667
