0 0.6283333333333334 0.25833333333333336 0.043333333333333335 0.043333333333333335
0 0.6166666666666667 0.3666666666666667 0.05333333333333334 0.13333333333333333
0 0.5833333333333334 0.45833333333333337 0.04666666666666667 0.06333333333333334
0 0.5433333333333333 0.53 0.060000000000000005 0.04666666666666667
0 0.5433333333333333 0.33666666666666667 0.04 0.06666666666666667
0 0.5766666666666667 0.27166666666666667 0.03333333333333333 0.023333333333333334
0 0.49333333333333335 0.61 0.02666666666666667 0.02
0 0.29833333333333334 0.8600000000000001 0.023333333333333334 0.02666666666666667
0 0.32833333333333337 0.8350000000000001 0.016666666666666666 0.016666666666666666
0 0.35000000000000003 0.8116666666666668 0.02 0.016666666666666666
0 0.375 0.805 0.023333333333333334 0.023333333333333334
0 0.4033333333333334 0.7766666666666667 0.02 0.013333333333333334
0 0.42333333333333334 0.75 0.02666666666666667 0.013333333333333334
0 0.49333333333333335 0.675 0.02666666666666667 0.016666666666666666
