0 0.11333333333333334 0.18166666666666667 0.05333333333333334 0.03666666666666667
0 0.18333333333333335 0.22166666666666668 0.04666666666666667 0.030000000000000002
0 0.24000000000000002 0.2733333333333334 0.03333333333333333 0.03333333333333333
0 0.28500000000000003 0.32666666666666666 0.043333333333333335 0.04666666666666667
0 0.3216666666666667 0.36833333333333335 0.030000000000000002 0.030000000000000002
0 0.4066666666666667 0.39 0.02666666666666667 0.013333333333333334
0 0.4416666666666667 0.4066666666666667 0.023333333333333334 0.006666666666666667
0 0.4783333333333334 0.4266666666666667 0.016666666666666666 0.013333333333333334
0 0.515 0.45833333333333337 0.030000000000000002 0.016666666666666666
0 0.5666666666666667 0.49333333333333335 0.03333333333333333 0.02666666666666667
0 0.445 0.5116666666666667 0.030000000000000002 0.023333333333333334
0 0.48833333333333334 0.5416666666666667 0.030000000000000002 0.016666666666666666
0 0.5366666666666667 0.5616666666666666 0.03333333333333333 0.016666666666666666
0 0.6116666666666667 0.6166666666666667 0.023333333333333334 0.013333333333333334
0 0.7250000000000001 0.77 0.016666666666666666 0.02666666666666667
0 0.76 0.8350000000000001 0.02666666666666667 0.023333333333333334
0 0.7983333333333333 0.9133333333333334 0.03666666666666667 0.05333333333333334
