0 0.09333333333333334 0.08333333333333334 0.02666666666666667 0.04
0 0.12333333333333334 0.14666666666666667 0.03333333333333333 0.04666666666666667
0 0.17500000000000002 0.2316666666666667 0.023333333333333334 0.030000000000000002
0 0.225 0.30000000000000004 0.023333333333333334 0.02666666666666667
0 0.25333333333333335 0.34833333333333333 0.02 0.030000000000000002
0 0.30000000000000004 0.41000000000000003 0.02 0.02666666666666667
0 0.3383333333333334 0.4766666666666667 0.03666666666666667 0.07333333333333333
0 0.36333333333333334 0.5233333333333333 0.04 0.06666666666666667
0 0.39 0.5916666666666667 0.03333333333333333 0.043333333333333335
0 0.41833333333333333 0.6416666666666667 0.023333333333333334 0.016666666666666666
0 0.4466666666666667 0.675 0.02 0.030000000000000002
0 0.4733333333333334 0.7066666666666667 0.02666666666666667 0.02666666666666667
0 0.5683333333333334 0.8083333333333333 0.016666666666666666 0.023333333333333334
