0 0.12000000000000001 0.9550000000000001 0.03333333333333333 0.03666666666666667
0 0.1366666666666667 0.8783333333333334 0.03333333333333333 0.030000000000000002
0 0.18166666666666667 0.8150000000000001 0.03666666666666667 0.030000000000000002
0 0.23 0.7666666666666667 0.04 0.02666666666666667
0 0.255 0.7066666666666667 0.023333333333333334 0.03333333333333333
0 0.2833333333333333 0.6083333333333334 0.02 0.01
0 0.335 0.5850000000000001 0.030000000000000002 0.016666666666666666
0 0.37333333333333335 0.5566666666666668 0.03333333333333333 0.02
0 0.4066666666666667 0.5283333333333333 0.02666666666666667 0.016666666666666666
0 0.4266666666666667 0.4916666666666667 0.02666666666666667 0.01
0 0.4566666666666667 0.4633333333333334 0.03333333333333333 0.013333333333333334
0 0.5 0.4316666666666667 0.03333333333333333 0.01
0 0.5333333333333333 0.4 0.02 0.006666666666666667
0 0.5716666666666667 0.35333333333333333 0.016666666666666666 0.02
0 0.62 0.3116666666666667 0.03333333333333333 0.016666666666666666
0 0.675 0.29500000000000004 0.043333333333333335 0.023333333333333334
0 0.7133333333333334 0.23 0.03333333333333333 0.013333333333333334
0 0.7433333333333334 0.24000000000000002 0.02 0.013333333333333334
0 0.7583333333333334 0.195 0.023333333333333334 0.016666666666666666
