0 0.15666666666666668 0.19833333333333333 0.04 0.03666666666666667
0 0.21500000000000002 0.2566666666666667 0.030000000000000002 0.02666666666666667
0 0.26666666666666666 0.3116666666666667 0.02 0.016666666666666666
0 0.29833333333333334 0.3433333333333334 0.030000000000000002 0.02666666666666667
0 0.34500000000000003 0.39 0.030000000000000002 0.03333333333333333
0 0.4 0.45 0.02666666666666667 0.03333333333333333
0 0.44333333333333336 0.5 0.04 0.04
0 0.5033333333333334 0.5566666666666668 0.03333333333333333 0.05333333333333334
0 0.5933333333333334 0.6033333333333334 0.02 0.013333333333333334
0 0.62 0.6233333333333334 0.02 0.013333333333333334
0 0.6516666666666667 0.64 0.016666666666666666 0.013333333333333334
0 0.7233333333333334 0.6716666666666667 0.013333333333333334 0.01
0 0.79 0.7183333333333334 0.02666666666666667 0.016666666666666666
0 0.8300000000000001 0.7583333333333334 0.03333333333333333 0.016666666666666666
0 0.56 0.6983333333333334 0.02 0.023333333333333334
0 0.745 0.6866666666666668 0.016666666666666666 0.013333333333333334
0 0.6016666666666667 0.7316666666666667 0.03666666666666667 0.023333333333333334
0 0.635 0.7583333333333334 0.023333333333333334 0.016666666666666666
0 0.6616666666666667 0.7883333333333333 0.023333333333333334 0.030000000000000002
0 0.6866666666666668 0.81 0.02 0.02
0 0.7266666666666667 0.8250000000000001 0.02666666666666667 0.016666666666666666
0 0.7633333333333334 0.8350000000000001 0.02 0.016666666666666666
0 0.7866666666666667 0.8650000000000001 0.013333333333333334 0.03666666666666667
0 0.8550000000000001 0.925 0.016666666666666666 0.01
0 0.895 0.9516666666666668 0.043333333333333335 0.03666666666666667
