0 0.655 0.43000000000000005 0.030000000000000002 0.04
0 0.6816666666666668 0.4866666666666667 0.05 0.060000000000000005
0 0.7050000000000001 0.5533333333333333 0.06333333333333334 0.06666666666666667
0 0.7916666666666667 0.5933333333333334 0.030000000000000002 0.03333333333333333
0 0.8200000000000001 0.6283333333333334 0.02666666666666667 0.03666666666666667
0 0.8366666666666667 0.685 0.013333333333333334 0.030000000000000002
0 0.8550000000000001 0.7466666666666667 0.016666666666666666 0.060000000000000005
0 0.7066666666666667 0.645 0.013333333333333334 0.030000000000000002
0 0.7250000000000001 0.7150000000000001 0.016666666666666666 0.05666666666666667
0 0.745 0.8550000000000001 0.016666666666666666 0.17666666666666667
0 0.7383333333333334 0.4133333333333334 0.023333333333333334 0.04666666666666667
0 0.7633333333333334 0.4866666666666667 0.02 0.04666666666666667
0 0.6683333333333333 0.31333333333333335 0.03666666666666667 0.04
0 0.5650000000000001 0.2783333333333334 0.016666666666666666 0.023333333333333334
0 0.5916666666666667 0.31 0.023333333333333334 0.02
0 0.6266666666666667 0.33666666666666667 0.02 0.02
0 0.655 0.36833333333333335 0.016666666666666666 0.016666666666666666
