0 0.4366666666666667 0.44333333333333336 0.02 0.02666666666666667
0 0.4133333333333334 0.49500000000000005 0.02 0.023333333333333334
0 0.36500000000000005 0.5416666666666667 0.023333333333333334 0.03666666666666667
0 0.35000000000000003 0.6000000000000001 0.02 0.04666666666666667
0 0.3116666666666667 0.655 0.023333333333333334 0.030000000000000002
0 0.4 0.5750000000000001 0.04666666666666667 0.03666666666666667
0 0.275 0.7050000000000001 0.03666666666666667 0.043333333333333335
0 0.25333333333333335 0.7633333333333334 0.02666666666666667 0.04
0 0.24000000000000002 0.8183333333333334 0.02 0.03666666666666667
0 0.19666666666666668 0.8683333333333334 0.04 0.043333333333333335
0 0.19333333333333336 0.9133333333333334 0.07333333333333333 0.06666666666666667
