0 0.26833333333333337 0.5950000000000001 0.030000000000000002 0.03666666666666667
0 0.405 0.7400000000000001 0.030000000000000002 0.02666666666666667
0 0.4416666666666667 0.765 0.03666666666666667 0.023333333333333334
0 0.49000000000000005 0.7916666666666667 0.04 0.023333333333333334
0 0.5316666666666667 0.81 0.030000000000000002 0.013333333333333334
0 0.5783333333333334 0.8433333333333334 0.03666666666666667 0.02666666666666667
0 0.6166666666666667 0.8683333333333334 0.02666666666666667 0.01
0 0.6033333333333334 0.8083333333333333 0.02 0.016666666666666666
0 0.6216666666666667 0.8316666666666667 0.016666666666666666 0.023333333333333334
0 0.6583333333333333 0.8966666666666667 0.016666666666666666 0.02
0 0.6933333333333334 0.92 0.02666666666666667 0.02
0 0.6433333333333334 0.6583333333333333 0.02666666666666667 0.023333333333333334
0 0.7200000000000001 0.7300000000000001 0.02 0.02666666666666667
0 0.7433333333333334 0.7516666666666667 0.02 0.016666666666666666
0 0.33666666666666667 0.31333333333333335 0.02 0.02666666666666667
