0 0.115 0.03833333333333334 0.08333333333333334 0.06333333333333334
0 0.24000000000000002 0.12666666666666668 0.05333333333333334 0.06666666666666667
0 0.305 0.22333333333333336 0.05 0.07333333333333333
0 0.38333333333333336 0.36833333333333335 0.04 0.05
0 0.46166666666666667 0.4683333333333334 0.08333333333333334 0.09666666666666668
0 0.5516666666666667 0.5800000000000001 0.05 0.07333333333333333
0 0.6333333333333334 0.7016666666666667 0.05333333333333334 0.07666666666666667
0 0.7150000000000001 0.8133333333333334 0.06333333333333334 0.06666666666666667
0 0.7666666666666667 0.8833333333333334 0.02666666666666667 0.04666666666666667
0 0.8033333333333333 0.9633333333333334 0.03333333333333333 0.04666666666666667
0 0.8216666666666668 0.7883333333333333 0.016666666666666666 0.023333333333333334
0 0.8183333333333334 0.8166666666666668 0.016666666666666666 0.02
0 0.6366666666666667 0.5850000000000001 0.02 0.023333333333333334
0 0.6683333333333333 0.6233333333333334 0.03666666666666667 0.04666666666666667
0 0.48833333333333334 0.3616666666666667 0.016666666666666666 0.016666666666666666
0 0.505 0.385 0.01 0.01
0 0.525 0.4216666666666667 0.023333333333333334 0.023333333333333334
0 0.43500000000000005 0.2816666666666667 0.016666666666666666 0.016666666666666666
0 0.4633333333333334 0.31333333333333335 0.013333333333333334 0.013333333333333334
0 0.48333333333333334 0.335 0.013333333333333334 0.016666666666666666
0 0.4066666666666667 0.24666666666666667 0.02 0.02666666666666667
0 0.5783333333333334 0.4666666666666667 0.023333333333333334 0.02666666666666667
0 0.7233333333333334 0.7133333333333334 0.02666666666666667 0.02666666666666667
0 0.7783333333333334 0.755 0.016666666666666666 0.016666666666666666
0 0.8116666666666668 0.8866666666666667 0.023333333333333334 0.05333333333333334
0 0.8466666666666667 0.9583333333333334 0.02 0.043333333333333335
