0 0.48500000000000004 0.11666666666666667 0.016666666666666666 0.02
0 0.5066666666666667 0.18500000000000003 0.02666666666666667 0.07666666666666667
0 0.5166666666666667 0.25833333333333336 0.03333333333333333 0.023333333333333334
0 0.5483333333333333 0.2916666666666667 0.023333333333333334 0.03666666666666667
0 0.5750000000000001 0.33 0.030000000000000002 0.02666666666666667
0 0.6116666666666667 0.3766666666666667 0.030000000000000002 0.05333333333333334
0 0.6216666666666667 0.43500000000000005 0.07 0.07
0 0.655 0.51 0.05 0.05333333333333334
0 0.6966666666666667 0.5533333333333333 0.04 0.05333333333333334
0 0.7383333333333334 0.5983333333333334 0.043333333333333335 0.05666666666666667
0 0.765 0.6516666666666667 0.043333333333333335 0.06333333333333334
0 0.8033333333333333 0.7050000000000001 0.04 0.05666666666666667
0 0.8400000000000001 0.765 0.03333333333333333 0.043333333333333335
0 0.8633333333333334 0.8366666666666667 0.04666666666666667 0.06666666666666667
0 0.9166666666666667 0.9366666666666668 0.04666666666666667 0.11333333333333334
0 0.795 0.9600000000000001 0.10333333333333335 0.07333333333333333
0 0.2733333333333334 0.043333333333333335 0.05333333333333334 0.08666666666666667
0 0.32833333333333337 0.125 0.023333333333333334 0.043333333333333335
0 0.35500000000000004 0.19 0.023333333333333334 0.060000000000000005
0 0.38 0.2566666666666667 0.02 0.04
0 0.405 0.3116666666666667 0.016666666666666666 0.043333333333333335
0 0.43000000000000005 0.36333333333333334 0.02 0.02666666666666667
0 0.4666666666666667 0.4066666666666667 0.02666666666666667 0.03333333333333333
0 0.4783333333333334 0.46166666666666667 0.023333333333333334 0.023333333333333334
0 0.505 0.49500000000000005 0.023333333333333334 0.03666666666666667
0 0.545 0.54 0.030000000000000002 0.04
0 0.5750000000000001 0.5883333333333334 0.023333333333333334 0.030000000000000002
0 0.61 0.65 0.04 0.060000000000000005
0 0.645 0.7200000000000001 0.023333333333333334 0.05333333333333334
0 0.665 0.7733333333333334 0.016666666666666666 0.03333333333333333
0 0.7066666666666667 0.8333333333333334 0.04666666666666667 0.060000000000000005
0 0.7483333333333334 0.8983333333333334 0.03666666666666667 0.030000000000000002
0 0.3433333333333334 0.5416666666666667 0.013333333333333334 0.023333333333333334
0 0.3916666666666667 0.5983333333333334 0.05 0.030000000000000002
0 0.4266666666666667 0.6516666666666667 0.02 0.016666666666666666
0 0.465 0.6933333333333334 0.03666666666666667 0.02
