0 0.4916666666666667 0.08333333333333334 0.030000000000000002 0.16666666666666669
0 0.505 0.22166666666666668 0.023333333333333334 0.09000000000000001
0 0.5133333333333334 0.29000000000000004 0.013333333333333334 0.04666666666666667
0 0.5166666666666667 0.45 0.04 0.26
0 0.5266666666666667 0.7983333333333333 0.060000000000000005 0.39666666666666667
0 0.31333333333333335 0.09166666666666667 0.04 0.17666666666666667
0 0.32833333333333337 0.26166666666666666 0.043333333333333335 0.15000000000000002
0 0.32333333333333336 0.375 0.04666666666666667 0.06333333333333334
0 0.3383333333333334 0.42833333333333334 0.016666666666666666 0.043333333333333335
0 0.34 0.5433333333333333 0.04 0.16
0 0.3516666666666667 0.7116666666666667 0.043333333333333335 0.15000000000000002
0 0.38333333333333336 0.8933333333333334 0.04 0.19333333333333336
0 0.33666666666666667 0.9600000000000001 0.03333333333333333 0.06666666666666667
0 0.24000000000000002 0.12000000000000001 0.02666666666666667 0.23333333333333334
0 0.25833333333333336 0.3466666666666667 0.023333333333333334 0.16666666666666669
0 0.28500000000000003 0.5333333333333333 0.030000000000000002 0.18666666666666668
0 0.32 0.7566666666666667 0.05333333333333334 0.22666666666666668
