0 0.35500000000000004 0.14500000000000002 0.043333333333333335 0.05
0 0.3916666666666667 0.19333333333333336 0.05 0.04666666666666667
0 0.41500000000000004 0.2833333333333333 0.07 0.11333333333333334
0 0.46 0.3866666666666667 0.03333333333333333 0.08
0 0.48500000000000004 0.52 0.06333333333333334 0.17333333333333334
0 0.5283333333333333 0.6483333333333334 0.043333333333333335 0.05666666666666667
0 0.5616666666666666 0.7416666666666667 0.07 0.10333333333333335
0 0.5966666666666667 0.8550000000000001 0.060000000000000005 0.10333333333333335
0 0.6483333333333334 0.9516666666666668 0.09666666666666668 0.09000000000000001
0 0.7050000000000001 0.395 0.03666666666666667 0.07666666666666667
0 0.7133333333333334 0.48333333333333334 0.02666666666666667 0.07333333333333333
0 0.7000000000000001 0.5616666666666666 0.03333333333333333 0.05
0 0.7366666666666667 0.615 0.04 0.043333333333333335
0 0.7733333333333334 0.6616666666666667 0.02666666666666667 0.043333333333333335
0 0.8033333333333333 0.7783333333333334 0.08 0.16333333333333333
0 0.8483333333333334 0.905 0.06333333333333334 0.07
0 0.8883333333333334 0.9700000000000001 0.043333333333333335 0.04666666666666667
0 0.225 0.7166666666666667 0.023333333333333334 0.05333333333333334
0 0.26666666666666666 0.795 0.02 0.023333333333333334
0 0.30333333333333334 0.8666666666666667 0.02 0.02666666666666667
0 0.335 0.9133333333333334 0.03666666666666667 0.04666666666666667
0 0.3766666666666667 0.9683333333333334 0.03333333333333333 0.05
