0 0.31833333333333336 0.5 0.03666666666666667 0.02666666666666667
0 0.44833333333333336 0.685 0.016666666666666666 0.023333333333333334
0 0.4783333333333334 0.7183333333333334 0.030000000000000002 0.023333333333333334
0 0.51 0.7466666666666667 0.02666666666666667 0.02666666666666667
0 0.54 0.7766666666666667 0.02 0.02
0 0.5716666666666667 0.7666666666666667 0.016666666666666666 0.02666666666666667
0 0.5850000000000001 0.7966666666666667 0.01 0.013333333333333334
0 0.6000000000000001 0.8300000000000001 0.02 0.03333333333333333
0 0.62 0.7766666666666667 0.013333333333333334 0.02666666666666667
0 0.6366666666666667 0.81 0.02 0.04
0 0.6616666666666667 0.8516666666666667 0.023333333333333334 0.043333333333333335
0 0.6716666666666667 0.8966666666666667 0.023333333333333334 0.03333333333333333
0 0.7083333333333334 0.935 0.023333333333333334 0.030000000000000002
0 0.645 0.555 0.01 0.016666666666666666
0 0.6633333333333333 0.5900000000000001 0.013333333333333334 0.03333333333333333
0 0.7083333333333334 0.6533333333333333 0.016666666666666666 0.02666666666666667
0 0.7300000000000001 0.6816666666666668 0.02666666666666667 0.030000000000000002
0 0.76 0.7266666666666667 0.02 0.03333333333333333
0 0.7883333333333333 0.7583333333333334 0.03666666666666667 0.030000000000000002
