0 0.30833333333333335 0.4516666666666667 0.030000000000000002 0.030000000000000002
0 0.33 0.4966666666666667 0.02 0.02666666666666667
0 0.3433333333333334 0.5433333333333333 0.02 0.02
0 0.43000000000000005 0.6783333333333333 0.02666666666666667 0.023333333333333334
0 0.4683333333333334 0.7066666666666667 0.030000000000000002 0.02
0 0.5033333333333334 0.7350000000000001 0.02 0.030000000000000002
0 0.535 0.7616666666666667 0.016666666666666666 0.023333333333333334
0 0.5583333333333333 0.75 0.01 0.02666666666666667
0 0.5716666666666667 0.7783333333333334 0.01 0.016666666666666666
0 0.5783333333333334 0.81 0.030000000000000002 0.03333333333333333
0 0.6016666666666667 0.7866666666666667 0.023333333333333334 0.04666666666666667
0 0.63 0.8500000000000001 0.02 0.05333333333333334
0 0.6166666666666667 0.7733333333333334 0.013333333333333334 0.02666666666666667
0 0.635 0.8066666666666668 0.016666666666666666 0.02
0 0.6516666666666667 0.8783333333333334 0.016666666666666666 0.030000000000000002
0 0.6950000000000001 0.915 0.030000000000000002 0.043333333333333335
0 0.6433333333333334 0.5583333333333333 0.02 0.030000000000000002
0 0.6666666666666667 0.5933333333333334 0.02 0.02666666666666667
0 0.7100000000000001 0.6533333333333333 0.013333333333333334 0.013333333333333334
0 0.7333333333333334 0.6783333333333333 0.013333333333333334 0.016666666666666666
0 0.7533333333333334 0.7166666666666667 0.02 0.02666666666666667
0 0.775 0.7483333333333334 0.016666666666666666 0.016666666666666666
