0 0.3216666666666667 0.49000000000000005 0.030000000000000002 0.05333333333333334
0 0.34833333333333333 0.55 0.016666666666666666 0.03333333333333333
0 0.42833333333333334 0.6666666666666667 0.03666666666666667 0.03333333333333333
0 0.4733333333333334 0.7033333333333334 0.02666666666666667 0.03333333333333333
0 0.5116666666666667 0.7416666666666667 0.03666666666666667 0.030000000000000002
0 0.555 0.7816666666666667 0.03666666666666667 0.043333333333333335
0 0.5916666666666667 0.7866666666666667 0.03666666666666667 0.04
0 0.61 0.8266666666666668 0.02 0.02666666666666667
0 0.6366666666666667 0.8650000000000001 0.02 0.023333333333333334
0 0.63 0.7933333333333333 0.013333333333333334 0.02666666666666667
0 0.6533333333333333 0.8300000000000001 0.02 0.03333333333333333
0 0.6733333333333333 0.8700000000000001 0.013333333333333334 0.03333333333333333
0 0.6950000000000001 0.9166666666666667 0.023333333333333334 0.03333333333333333
0 0.6466666666666667 0.5566666666666668 0.02 0.02
0 0.6683333333333333 0.5866666666666667 0.016666666666666666 0.02
0 0.7166666666666667 0.65 0.013333333333333334 0.02
0 0.7333333333333334 0.6833333333333333 0.013333333333333334 0.02666666666666667
0 0.755 0.7216666666666667 0.023333333333333334 0.030000000000000002
