0 0.49000000000000005 0.195 0.013333333333333334 0.023333333333333334
0 0.5283333333333333 0.21500000000000002 0.023333333333333334 0.016666666666666666
0 0.5700000000000001 0.24500000000000002 0.02666666666666667 0.016666666666666666
0 0.6083333333333334 0.26833333333333337 0.023333333333333334 0.016666666666666666
0 0.7183333333333334 0.36500000000000005 0.023333333333333334 0.016666666666666666
0 0.7366666666666667 0.40166666666666667 0.02666666666666667 0.030000000000000002
0 0.4166666666666667 0.15666666666666668 0.02 0.02666666666666667
0 0.45333333333333337 0.18833333333333335 0.02666666666666667 0.01
0 0.4466666666666667 0.21833333333333335 0.02 0.016666666666666666
0 0.4716666666666667 0.24666666666666667 0.023333333333333334 0.02666666666666667
0 0.4466666666666667 0.2733333333333334 0.013333333333333334 0.013333333333333334
0 0.27 0.255 0.02 0.016666666666666666
0 0.34500000000000003 0.3216666666666667 0.023333333333333334 0.016666666666666666
0 0.37333333333333335 0.34500000000000003 0.02666666666666667 0.023333333333333334
0 0.6616666666666667 0.6733333333333333 0.016666666666666666 0.02
0 0.7833333333333334 0.4066666666666667 0.02 0.013333333333333334
