0 0.03666666666666667 0.28 0.02 0.02666666666666667
0 0.08 0.32666666666666666 0.02666666666666667 0.02666666666666667
0 0.14 0.40166666666666667 0.013333333333333334 0.016666666666666666
0 0.15833333333333335 0.4266666666666667 0.023333333333333334 0.02666666666666667
0 0.18500000000000003 0.4683333333333334 0.016666666666666666 0.016666666666666666
0 0.21333333333333335 0.5033333333333334 0.02 0.02
0 0.23833333333333334 0.5366666666666667 0.016666666666666666 0.02
0 0.26666666666666666 0.5650000000000001 0.006666666666666667 0.01
0 0.016666666666666666 0.6050000000000001 0.02 0.030000000000000002
0 0.04666666666666667 0.6466666666666667 0.02 0.02666666666666667
0 0.07333333333333333 0.6916666666666668 0.02 0.030000000000000002
0 0.09833333333333334 0.7300000000000001 0.023333333333333334 0.02666666666666667
0 0.011666666666666667 0.7066666666666667 0.023333333333333334 0.02666666666666667
0 0.043333333333333335 0.7333333333333334 0.02 0.02
0 0.07666666666666667 0.7683333333333334 0.02 0.023333333333333334
0 0.10666666666666667 0.8016666666666667 0.02666666666666667 0.023333333333333334
0 0.135 0.7916666666666667 0.01 0.016666666666666666
0 0.15166666666666667 0.8283333333333334 0.023333333333333334 0.030000000000000002
0 0.19166666666666668 0.8766666666666667 0.043333333333333335 0.04
