0 0.34500000000000003 0.08666666666666667 0.06333333333333334 0.14666666666666667
0 0.375 0.19833333333333333 0.03666666666666667 0.05666666666666667
0 0.4066666666666667 0.29000000000000004 0.03333333333333333 0.08
0 0.45 0.3916666666666667 0.08666666666666667 0.09000000000000001
0 0.4966666666666667 0.5 0.060000000000000005 0.1
0 0.5416666666666667 0.6083333333333334 0.05 0.13
0 0.5933333333333334 0.7116666666666667 0.07333333333333333 0.10333333333333335
0 0.655 0.8383333333333334 0.043333333333333335 0.1366666666666667
0 0.6900000000000001 0.9500000000000001 0.04 0.07333333333333333
0 0.6183333333333334 0.08666666666666667 0.11 0.15333333333333335
0 0.66 0.24500000000000002 0.10666666666666667 0.1366666666666667
0 0.6916666666666668 0.3816666666666667 0.09000000000000001 0.12333333333333334
0 0.6933333333333334 0.5083333333333334 0.08666666666666667 0.09666666666666668
0 0.745 0.6266666666666667 0.07666666666666667 0.10666666666666667
0 0.7916666666666667 0.7300000000000001 0.06333333333333334 0.08666666666666667
0 0.8133333333333334 0.8166666666666668 0.04666666666666667 0.04666666666666667
0 0.8633333333333334 0.8816666666666667 0.04666666666666667 0.05666666666666667
0 0.89 0.9583333333333334 0.060000000000000005 0.07666666666666667
0 0.6133333333333334 0.37333333333333335 0.05333333333333334 0.04
