0 0.31333333333333335 0.9366666666666668 0.08 0.04
0 0.35500000000000004 0.9783333333333334 0.11666666666666667 0.03666666666666667
0 0.2516666666666667 0.7483333333333334 0.030000000000000002 0.023333333333333334
0 0.26666666666666666 0.7116666666666667 0.02 0.023333333333333334
0 0.28 0.665 0.02 0.016666666666666666
0 0.2916666666666667 0.6283333333333334 0.016666666666666666 0.016666666666666666
0 0.30833333333333335 0.5933333333333334 0.023333333333333334 0.013333333333333334
0 0.33 0.5666666666666667 0.02 0.013333333333333334
0 0.34833333333333333 0.5383333333333333 0.023333333333333334 0.016666666666666666
0 0.36000000000000004 0.5116666666666667 0.02 0.01
0 0.37333333333333335 0.48500000000000004 0.02 0.016666666666666666
0 0.405 0.45333333333333337 0.030000000000000002 0.02666666666666667
0 0.5166666666666667 0.2966666666666667 0.013333333333333334 0.02
0 0.5033333333333334 0.315 0.013333333333333334 0.016666666666666666
0 0.49000000000000005 0.335 0.02 0.016666666666666666
0 0.4683333333333334 0.36000000000000004 0.016666666666666666 0.02
0 0.45333333333333337 0.38833333333333336 0.02 0.016666666666666666
0 0.44 0.4116666666666667 0.02666666666666667 0.023333333333333334
0 0.6933333333333334 0.33333333333333337 0.02666666666666667 0.02
0 0.6950000000000001 0.37000000000000005 0.01 0.02666666666666667
0 0.6916666666666668 0.39666666666666667 0.01 0.013333333333333334
0 0.67 0.4216666666666667 0.013333333333333334 0.030000000000000002
0 0.63 0.4966666666666667 0.006666666666666667 0.006666666666666667
0 0.5866666666666667 0.2 0.03333333333333333 0.02666666666666667
0 0.6216666666666667 0.18166666666666667 0.03666666666666667 0.016666666666666666
0 0.645 0.15833333333333335 0.023333333333333334 0.016666666666666666
