0 0.30833333333333335 0.035 0.03666666666666667 0.03666666666666667
0 0.3616666666666667 0.1 0.023333333333333334 0.04666666666666667
0 0.3816666666666667 0.1716666666666667 0.023333333333333334 0.043333333333333335
0 0.41500000000000004 0.22333333333333336 0.030000000000000002 0.02666666666666667
0 0.45833333333333337 0.27666666666666667 0.023333333333333334 0.04
0 0.4916666666666667 0.335 0.030000000000000002 0.03666666666666667
0 0.5433333333333333 0.395 0.04 0.05666666666666667
0 0.5833333333333334 0.4783333333333334 0.04 0.05
0 0.6133333333333334 0.5316666666666667 0.013333333333333334 0.03666666666666667
0 0.6383333333333334 0.5950000000000001 0.030000000000000002 0.03666666666666667
0 0.6716666666666667 0.6316666666666667 0.030000000000000002 0.03666666666666667
0 0.7033333333333334 0.6766666666666667 0.02 0.03333333333333333
0 0.7266666666666667 0.7566666666666667 0.03333333333333333 0.04666666666666667
0 0.7583333333333334 0.8066666666666668 0.030000000000000002 0.04
0 0.7933333333333333 0.8483333333333334 0.02 0.030000000000000002
0 0.8283333333333334 0.9016666666666667 0.030000000000000002 0.05
0 0.8750000000000001 0.9700000000000001 0.030000000000000002 0.03333333333333333
0 0.05 0.028333333333333335 0.02666666666666667 0.030000000000000002
0 0.09166666666666667 0.08666666666666667 0.030000000000000002 0.03333333333333333
0 0.12666666666666668 0.16 0.04 0.06666666666666667
0 0.16166666666666668 0.22833333333333336 0.030000000000000002 0.03666666666666667
0 0.20500000000000002 0.2816666666666667 0.030000000000000002 0.03666666666666667
0 0.23833333333333334 0.32833333333333337 0.023333333333333334 0.030000000000000002
0 0.27166666666666667 0.3816666666666667 0.023333333333333334 0.030000000000000002
0 0.30000000000000004 0.42833333333333334 0.02 0.03666666666666667
0 0.33 0.4766666666666667 0.02 0.02666666666666667
0 0.38333333333333336 0.5533333333333333 0.03333333333333333 0.07333333333333333
0 0.4216666666666667 0.6266666666666667 0.03666666666666667 0.060000000000000005
0 0.465 0.675 0.030000000000000002 0.023333333333333334
0 0.51 0.7383333333333334 0.03333333333333333 0.03666666666666667
0 0.54 0.7816666666666667 0.02666666666666667 0.030000000000000002
0 0.5766666666666667 0.8200000000000001 0.02 0.02
0 0.6133333333333334 0.8750000000000001 0.03333333333333333 0.05
0 0.6583333333333333 0.935 0.030000000000000002 0.03666666666666667
0 0.7133333333333334 0.9683333333333334 0.02666666666666667 0.03666666666666667
