0 0.445 0.33166666666666667 0.023333333333333334 0.023333333333333334
0 0.4766666666666667 0.36333333333333334 0.02 0.02
0 0.5133333333333334 0.39333333333333337 0.013333333333333334 0.013333333333333334
0 0.5416666666666667 0.4216666666666667 0.016666666666666666 0.023333333333333334
0 0.5700000000000001 0.45833333333333337 0.02 0.03666666666666667
0 0.335 0.34500000000000003 0.030000000000000002 0.023333333333333334
0 0.3766666666666667 0.38 0.02 0.02666666666666667
0 0.41000000000000003 0.42333333333333334 0.02 0.02
0 0.4366666666666667 0.45333333333333337 0.02 0.02666666666666667
0 0.48500000000000004 0.4966666666666667 0.023333333333333334 0.02
0 0.52 0.5383333333333333 0.02666666666666667 0.030000000000000002
0 0.5733333333333334 0.5916666666666667 0.03333333333333333 0.030000000000000002
0 0.6183333333333334 0.6283333333333334 0.030000000000000002 0.03666666666666667
0 0.665 0.6733333333333333 0.03666666666666667 0.03333333333333333
0 0.7233333333333334 0.7300000000000001 0.04 0.04
0 0.7716666666666667 0.7100000000000001 0.043333333333333335 0.04666666666666667
0 0.78 0.7866666666666667 0.05333333333333334 0.05333333333333334
0 0.8483333333333334 0.76 0.06333333333333334 0.07333333333333333
0 0.8350000000000001 0.8400000000000001 0.05 0.04666666666666667
0 0.905 0.8283333333333334 0.043333333333333335 0.043333333333333335
0 0.895 0.88 0.05 0.03333333333333333
0 0.9616666666666668 0.8616666666666667 0.030000000000000002 0.043333333333333335
