0 0.49833333333333335 0.06166666666666667 0.05666666666666667 0.12333333333333334
0 0.53 0.17833333333333334 0.04 0.08333333333333334
0 0.5683333333333334 0.2816666666666667 0.03666666666666667 0.10333333333333335
0 0.6050000000000001 0.3816666666666667 0.030000000000000002 0.07666666666666667
0 0.6466666666666667 0.48500000000000004 0.04 0.11
0 0.6866666666666668 0.5900000000000001 0.05333333333333334 0.1
0 0.7566666666666667 0.7233333333333334 0.08 0.15333333333333335
0 0.8183333333333334 0.9 0.07 0.16
0 0.7633333333333334 0.08333333333333334 0.1 0.16666666666666669
0 0.8083333333333333 0.23833333333333334 0.09000000000000001 0.13
0 0.8383333333333334 0.39333333333333337 0.05 0.12666666666666668
0 0.8483333333333334 0.52 0.11666666666666667 0.14666666666666667
0 0.9033333333333334 0.6816666666666668 0.09333333333333334 0.15000000000000002
0 0.9650000000000001 0.8166666666666668 0.05666666666666667 0.1
0 0.7566666666666667 0.36833333333333335 0.06666666666666667 0.043333333333333335
