0 0.46 0.4066666666666667 0.013333333333333334 0.03333333333333333
0 0.4316666666666667 0.42000000000000004 0.016666666666666666 0.02
0 0.40166666666666667 0.44833333333333336 0.016666666666666666 0.023333333333333334
0 0.37833333333333335 0.4716666666666667 0.01 0.016666666666666666
0 0.36000000000000004 0.49333333333333335 0.013333333333333334 0.02
0 0.33166666666666667 0.5166666666666667 0.023333333333333334 0.02666666666666667
0 0.3066666666666667 0.545 0.006666666666666667 0.016666666666666666
0 0.27666666666666667 0.5666666666666667 0.02 0.02
0 0.24833333333333335 0.6000000000000001 0.016666666666666666 0.02
0 0.22166666666666668 0.625 0.023333333333333334 0.023333333333333334
0 0.19666666666666668 0.6516666666666667 0.013333333333333334 0.023333333333333334
0 0.12666666666666668 0.75 0.013333333333333334 0.02
0 0.10333333333333335 0.775 0.006666666666666667 0.023333333333333334
0 0.09333333333333334 0.8233333333333334 0.03333333333333333 0.03333333333333333
0 0.16166666666666668 0.7883333333333333 0.023333333333333334 0.01
0 0.4066666666666667 0.5466666666666667 0.02666666666666667 0.02
