0 0.28 0.6633333333333333 0.04666666666666667 0.07333333333333333
0 0.3166666666666667 0.6033333333333334 0.03333333333333333 0.060000000000000005
0 0.34833333333333333 0.7116666666666667 0.03666666666666667 0.27
0 0.41500000000000004 0.6966666666666667 0.08333333333333334 0.14666666666666667
0 0.49333333333333335 0.5666666666666667 0.09333333333333334 0.060000000000000005
0 0.5216666666666667 0.6683333333333333 0.09000000000000001 0.11
0 0.7433333333333334 0.5766666666666667 0.060000000000000005 0.12666666666666668
0 0.6133333333333334 0.67 0.08 0.08
0 0.6866666666666668 0.6583333333333333 0.060000000000000005 0.043333333333333335
0 0.8333333333333334 0.5516666666666667 0.11333333333333334 0.05666666666666667
0 0.9450000000000001 0.5733333333333334 0.09000000000000001 0.060000000000000005
