0 0.17333333333333334 0.13833333333333334 0.02 0.023333333333333334
0 0.195 0.16666666666666669 0.016666666666666666 0.006666666666666667
0 0.22666666666666668 0.19166666666666668 0.02 0.016666666666666666
0 0.2566666666666667 0.21833333333333335 0.02 0.016666666666666666
0 0.29000000000000004 0.24500000000000002 0.013333333333333334 0.016666666666666666
0 0.3066666666666667 0.26666666666666666 0.013333333333333334 0.013333333333333334
0 0.33 0.2833333333333333 0.013333333333333334 0.006666666666666667
0 0.3516666666666667 0.3016666666666667 0.016666666666666666 0.016666666666666666
0 0.3766666666666667 0.325 0.013333333333333334 0.01
0 0.3983333333333334 0.3416666666666667 0.01 0.01
0 0.41833333333333333 0.35833333333333334 0.016666666666666666 0.01
0 0.45 0.38 0.013333333333333334 0.013333333333333334
0 0.4733333333333334 0.41833333333333333 0.006666666666666667 0.01
0 0.5 0.44 0.013333333333333334 0.013333333333333334
0 0.525 0.4683333333333334 0.01 0.01
0 0.5483333333333333 0.4866666666666667 0.016666666666666666 0.013333333333333334
0 0.5766666666666667 0.5116666666666667 0.013333333333333334 0.016666666666666666
0 0.11166666666666668 0.125 0.030000000000000002 0.03666666666666667
0 0.1366666666666667 0.17666666666666667 0.02 0.013333333333333334
0 0.16333333333333333 0.20500000000000002 0.02 0.016666666666666666
0 0.19 0.23333333333333334 0.013333333333333334 0.013333333333333334
0 0.22 0.24833333333333335 0.013333333333333334 0.01
0 0.22166666666666668 0.27166666666666667 0.016666666666666666 0.016666666666666666
0 0.24333333333333335 0.29500000000000004 0.013333333333333334 0.016666666666666666
0 0.275 0.32833333333333337 0.030000000000000002 0.023333333333333334
0 0.31333333333333335 0.36333333333333334 0.013333333333333334 0.013333333333333334
0 0.33666666666666667 0.37833333333333335 0.02 0.01
0 0.37333333333333335 0.4116666666666667 0.006666666666666667 0.01
0 0.3983333333333334 0.43833333333333335 0.023333333333333334 0.023333333333333334
0 0.455 0.5133333333333334 0.030000000000000002 0.02
0 0.4866666666666667 0.5416666666666667 0.02 0.016666666666666666
0 0.505 0.5750000000000001 0.01 0.016666666666666666
0 0.5266666666666667 0.6033333333333334 0.02 0.013333333333333334
0 0.5733333333333334 0.6383333333333334 0.02 0.016666666666666666
0 0.6016666666666667 0.6583333333333333 0.016666666666666666 0.016666666666666666
0 0.6416666666666667 0.6900000000000001 0.023333333333333334 0.006666666666666667
0 0.6533333333333333 0.7066666666666667 0.02 0.013333333333333334
