0 0.6866666666666668 0.12833333333333335 0.02666666666666667 0.023333333333333334
0 0.6466666666666667 0.16166666666666668 0.02 0.023333333333333334
0 0.6233333333333334 0.18333333333333335 0.013333333333333334 0.013333333333333334
0 0.61 0.2 0.013333333333333334 0.013333333333333334
0 0.5816666666666667 0.22333333333333336 0.023333333333333334 0.013333333333333334
0 0.56 0.24500000000000002 0.02 0.01
0 0.53 0.25833333333333336 0.02 0.01
0 0.5216666666666667 0.2916666666666667 0.05666666666666667 0.01
0 0.5066666666666667 0.3216666666666667 0.04666666666666667 0.023333333333333334
0 0.465 0.35000000000000003 0.016666666666666666 0.013333333333333334
0 0.45 0.36333333333333334 0.02 0.013333333333333334
0 0.43333333333333335 0.39 0.013333333333333334 0.02666666666666667
0 0.49333333333333335 0.38333333333333336 0.02666666666666667 0.02666666666666667
0 0.445 0.45833333333333337 0.05 0.03666666666666667
0 0.42000000000000004 0.49833333333333335 0.04666666666666667 0.043333333333333335
0 0.385 0.6016666666666667 0.07 0.16333333333333333
0 0.4466666666666667 0.6483333333333334 0.02 0.023333333333333334
0 0.44 0.685 0.03333333333333333 0.030000000000000002
0 0.3816666666666667 0.7133333333333334 0.07666666666666667 0.03333333333333333
0 0.33166666666666667 0.7433333333333334 0.03666666666666667 0.02666666666666667
