0 0.23500000000000001 0.16 0.030000000000000002 0.03333333333333333
0 0.195 0.08333333333333334 0.016666666666666666 0.02
0 0.2733333333333334 0.21666666666666667 0.013333333333333334 0.02
0 0.3866666666666667 0.3666666666666667 0.03333333333333333 0.02666666666666667
0 0.4566666666666667 0.4266666666666667 0.02 0.013333333333333334
0 0.48500000000000004 0.45 0.030000000000000002 0.02
0 0.52 0.45833333333333337 0.02 0.016666666666666666
0 0.545 0.47500000000000003 0.016666666666666666 0.01
0 0.5766666666666667 0.48500000000000004 0.02 0.016666666666666666
0 0.6783333333333333 0.6416666666666667 0.043333333333333335 0.030000000000000002
0 0.7216666666666667 0.6816666666666668 0.03666666666666667 0.03666666666666667
0 0.755 0.7250000000000001 0.03666666666666667 0.030000000000000002
0 0.8033333333333333 0.7566666666666667 0.02666666666666667 0.02
0 0.8616666666666667 0.79 0.023333333333333334 0.02
0 0.9066666666666667 0.8216666666666668 0.02 0.023333333333333334
0 0.8516666666666667 0.8266666666666668 0.03666666666666667 0.02666666666666667
0 0.9066666666666667 0.8666666666666667 0.02666666666666667 0.03333333333333333
0 0.9516666666666668 0.8766666666666667 0.023333333333333334 0.04
0 0.9450000000000001 0.9166666666666667 0.023333333333333334 0.03333333333333333
