0 0.4966666666666667 0.4366666666666667 0.02 0.02
0 0.5216666666666667 0.4766666666666667 0.016666666666666666 0.02
0 0.5516666666666667 0.525 0.023333333333333334 0.016666666666666666
0 0.5966666666666667 0.56 0.02666666666666667 0.013333333333333334
0 0.6366666666666667 0.5966666666666667 0.02 0.02
0 0.6833333333333333 0.65 0.013333333333333334 0.013333333333333334
0 0.7350000000000001 0.6933333333333334 0.043333333333333335 0.02666666666666667
0 0.7916666666666667 0.7366666666666667 0.016666666666666666 0.02
0 0.8350000000000001 0.785 0.016666666666666666 0.016666666666666666
0 0.8666666666666667 0.8316666666666667 0.013333333333333334 0.023333333333333334
0 0.8500000000000001 0.8983333333333334 0.013333333333333334 0.030000000000000002
0 0.095 0.03166666666666667 0.016666666666666666 0.016666666666666666
0 0.12000000000000001 0.055 0.02666666666666667 0.016666666666666666
0 0.2066666666666667 0.13833333333333334 0.03333333333333333 0.030000000000000002
0 0.24333333333333335 0.15833333333333335 0.03333333333333333 0.016666666666666666
0 0.29333333333333333 0.18333333333333335 0.04 0.013333333333333334
0 0.3383333333333334 0.2066666666666667 0.023333333333333334 0.02
0 0.15833333333333335 0.2316666666666667 0.023333333333333334 0.016666666666666666
0 0.2066666666666667 0.26833333333333337 0.02 0.01
0 0.265 0.315 0.043333333333333335 0.030000000000000002
0 0.36333333333333334 0.375 0.04 0.023333333333333334
0 0.41000000000000003 0.40166666666666667 0.03333333333333333 0.016666666666666666
0 0.4733333333333334 0.4316666666666667 0.02 0.016666666666666666
