0 0.8650000000000001 0.125 0.043333333333333335 0.05
0 0.8516666666666667 0.16833333333333333 0.023333333333333334 0.023333333333333334
0 0.8316666666666667 0.18666666666666668 0.023333333333333334 0.02
0 0.8183333333333334 0.20833333333333334 0.023333333333333334 0.023333333333333334
0 0.7983333333333333 0.23 0.023333333333333334 0.02
0 0.775 0.255 0.023333333333333334 0.016666666666666666
0 0.7533333333333334 0.2816666666666667 0.02 0.023333333333333334
0 0.7283333333333334 0.3016666666666667 0.016666666666666666 0.023333333333333334
0 0.6666666666666667 0.35500000000000004 0.03333333333333333 0.016666666666666666
0 0.7116666666666667 0.33166666666666667 0.023333333333333334 0.016666666666666666
0 0.6950000000000001 0.3466666666666667 0.016666666666666666 0.013333333333333334
0 0.6883333333333334 0.3666666666666667 0.016666666666666666 0.013333333333333334
0 0.6716666666666667 0.3816666666666667 0.016666666666666666 0.01
0 0.6583333333333333 0.395 0.016666666666666666 0.016666666666666666
0 0.6416666666666667 0.4116666666666667 0.016666666666666666 0.016666666666666666
0 0.625 0.43000000000000005 0.016666666666666666 0.013333333333333334
0 0.6083333333333334 0.41833333333333333 0.016666666666666666 0.01
0 0.6166666666666667 0.39666666666666667 0.013333333333333334 0.013333333333333334
0 0.6416666666666667 0.38333333333333336 0.016666666666666666 0.02
0 0.6066666666666667 0.445 0.02 0.016666666666666666
0 0.5883333333333334 0.4633333333333334 0.023333333333333334 0.02
0 0.5750000000000001 0.48333333333333334 0.023333333333333334 0.02
0 0.5516666666666667 0.5033333333333334 0.016666666666666666 0.02
0 0.5266666666666667 0.5216666666666667 0.02666666666666667 0.023333333333333334
0 0.5066666666666667 0.5433333333333333 0.02 0.02
0 0.4916666666666667 0.5666666666666667 0.023333333333333334 0.02
0 0.395 0.6616666666666667 0.016666666666666666 0.016666666666666666
0 0.4216666666666667 0.64 0.016666666666666666 0.013333333333333334
0 0.8333333333333334 0.12833333333333335 0.02 0.016666666666666666
0 0.8116666666666668 0.14500000000000002 0.016666666666666666 0.016666666666666666
0 0.79 0.15833333333333335 0.02 0.016666666666666666
0 0.7666666666666667 0.17333333333333334 0.02 0.013333333333333334
0 0.7533333333333334 0.19166666666666668 0.02 0.01
0 0.7350000000000001 0.2066666666666667 0.023333333333333334 0.013333333333333334
0 0.7150000000000001 0.225 0.016666666666666666 0.016666666666666666
0 0.6950000000000001 0.2366666666666667 0.023333333333333334 0.02
0 0.6766666666666667 0.25 0.013333333333333334 0.02
0 0.6583333333333333 0.2733333333333334 0.016666666666666666 0.013333333333333334
0 0.6466666666666667 0.2966666666666667 0.02 0.013333333333333334
0 0.625 0.3116666666666667 0.016666666666666666 0.016666666666666666
0 0.6083333333333334 0.32833333333333337 0.016666666666666666 0.016666666666666666
0 0.5866666666666667 0.3433333333333334 0.02 0.013333333333333334
0 0.5700000000000001 0.36333333333333334 0.02 0.013333333333333334
0 0.5566666666666668 0.385 0.03333333333333333 0.016666666666666666
0 0.5266666666666667 0.4033333333333334 0.02 0.02666666666666667
0 0.5016666666666667 0.42333333333333334 0.016666666666666666 0.013333333333333334
0 0.49333333333333335 0.44333333333333336 0.013333333333333334 0.013333333333333334
0 0.47500000000000003 0.4516666666666667 0.01 0.01
0 0.46 0.4633333333333334 0.013333333333333334 0.013333333333333334
0 0.44833333333333336 0.4766666666666667 0.01 0.013333333333333334
0 0.4366666666666667 0.4866666666666667 0.006666666666666667 0.013333333333333334
0 0.2916666666666667 0.6416666666666667 0.016666666666666666 0.023333333333333334
0 0.335 0.5950000000000001 0.030000000000000002 0.023333333333333334
0 0.40166666666666667 0.525 0.023333333333333334 0.016666666666666666
0 0.4266666666666667 0.5066666666666667 0.02 0.013333333333333334
