0 0.32333333333333336 0.21000000000000002 0.03333333333333333 0.03333333333333333
0 0.3616666666666667 0.26166666666666666 0.03666666666666667 0.05
0 0.4 0.3166666666666667 0.04 0.02666666666666667
0 0.4416666666666667 0.34 0.023333333333333334 0.02666666666666667
0 0.46166666666666667 0.39 0.06333333333333334 0.05333333333333334
0 0.5133333333333334 0.4366666666666667 0.03333333333333333 0.04
0 0.5516666666666667 0.4766666666666667 0.030000000000000002 0.02666666666666667
0 0.5933333333333334 0.5266666666666667 0.03333333333333333 0.04666666666666667
0 0.65 0.5750000000000001 0.02666666666666667 0.030000000000000002
0 0.6883333333333334 0.615 0.030000000000000002 0.030000000000000002
0 0.7300000000000001 0.65 0.02 0.02666666666666667
0 0.765 0.6833333333333333 0.023333333333333334 0.02666666666666667
0 0.8033333333333333 0.7183333333333334 0.02 0.030000000000000002
0 0.8383333333333334 0.755 0.03666666666666667 0.05
0 0.31 0.4416666666666667 0.02666666666666667 0.023333333333333334
0 0.34833333333333333 0.4733333333333334 0.030000000000000002 0.02666666666666667
