0 0.25333333333333335 0.1 0.03333333333333333 0.18666666666666668
0 0.27 0.24666666666666667 0.013333333333333334 0.04666666666666667
0 0.30000000000000004 0.3566666666666667 0.02 0.05333333333333334
0 0.14500000000000002 0.24000000000000002 0.023333333333333334 0.06666666666666667
0 0.16333333333333333 0.3166666666666667 0.013333333333333334 0.02
0 0.195 0.36500000000000005 0.030000000000000002 0.05
0 0.21166666666666667 0.4266666666666667 0.01 0.02666666666666667
0 0.23 0.4866666666666667 0.013333333333333334 0.03333333333333333
0 0.3016666666666667 0.47500000000000003 0.06333333333333334 0.14333333333333334
0 0.335 0.5750000000000001 0.030000000000000002 0.03666666666666667
0 0.34833333333333333 0.6383333333333334 0.016666666666666666 0.023333333333333334
0 0.3816666666666667 0.6683333333333333 0.023333333333333334 0.023333333333333334
0 0.4116666666666667 0.7000000000000001 0.023333333333333334 0.02
0 0.445 0.7266666666666667 0.016666666666666666 0.013333333333333334
0 0.47500000000000003 0.7533333333333334 0.030000000000000002 0.02
0 0.5083333333333334 0.78 0.023333333333333334 0.02
0 0.545 0.7983333333333333 0.023333333333333334 0.023333333333333334
0 0.5816666666666667 0.8233333333333334 0.023333333333333334 0.013333333333333334
0 0.6283333333333334 0.8400000000000001 0.030000000000000002 0.013333333333333334
