0 0.31833333333333336 0.42500000000000004 0.043333333333333335 0.03666666666666667
0 0.36833333333333335 0.465 0.030000000000000002 0.030000000000000002
0 0.4083333333333334 0.5033333333333334 0.023333333333333334 0.02
0 0.45 0.5483333333333333 0.02666666666666667 0.023333333333333334
0 0.48500000000000004 0.5750000000000001 0.023333333333333334 0.023333333333333334
0 0.5283333333333333 0.6166666666666667 0.023333333333333334 0.02666666666666667
0 0.5650000000000001 0.6566666666666667 0.023333333333333334 0.03333333333333333
0 0.5950000000000001 0.6916666666666668 0.023333333333333334 0.023333333333333334
0 0.4416666666666667 0.47500000000000003 0.05 0.03666666666666667
0 0.49500000000000005 0.5266666666666667 0.030000000000000002 0.04666666666666667
0 0.545 0.5933333333333334 0.03666666666666667 0.03333333333333333
0 0.5850000000000001 0.6383333333333334 0.030000000000000002 0.03666666666666667
0 0.6216666666666667 0.6766666666666667 0.023333333333333334 0.03333333333333333
