0 0.2916666666666667 0.5866666666666667 0.030000000000000002 0.04
0 0.4566666666666667 0.7300000000000001 0.02666666666666667 0.013333333333333334
0 0.4966666666666667 0.7516666666666667 0.03333333333333333 0.023333333333333334
0 0.54 0.7766666666666667 0.03333333333333333 0.02
0 0.5816666666666667 0.7866666666666667 0.023333333333333334 0.02666666666666667
0 0.6133333333333334 0.8133333333333334 0.02666666666666667 0.02666666666666667
0 0.6333333333333334 0.805 0.02 0.016666666666666666
0 0.6616666666666667 0.8316666666666667 0.023333333333333334 0.023333333333333334
0 0.6950000000000001 0.8600000000000001 0.016666666666666666 0.013333333333333334
0 0.67 0.7783333333333334 0.013333333333333334 0.016666666666666666
0 0.6883333333333334 0.81 0.016666666666666666 0.02
0 0.35333333333333333 0.29000000000000004 0.013333333333333334 0.02
0 0.6416666666666667 0.6333333333333334 0.01 0.013333333333333334
0 0.6633333333333333 0.6566666666666667 0.02666666666666667 0.02
0 0.7366666666666667 0.7116666666666667 0.013333333333333334 0.01
0 0.7816666666666667 0.7433333333333334 0.016666666666666666 0.013333333333333334
