0 0.125 0.2966666666666667 0.030000000000000002 0.03333333333333333
0 0.16166666666666668 0.34 0.030000000000000002 0.03333333333333333
0 0.195 0.36833333333333335 0.030000000000000002 0.03666666666666667
0 0.225 0.4083333333333334 0.030000000000000002 0.03666666666666667
0 0.2566666666666667 0.445 0.02666666666666667 0.030000000000000002
0 0.29000000000000004 0.47000000000000003 0.02 0.02
0 0.3116666666666667 0.48500000000000004 0.030000000000000002 0.043333333333333335
0 0.38 0.48833333333333334 0.02666666666666667 0.030000000000000002
0 0.3433333333333334 0.52 0.02666666666666667 0.02666666666666667
0 0.385 0.5433333333333333 0.03666666666666667 0.03333333333333333
0 0.4516666666666667 0.5433333333333333 0.03666666666666667 0.07333333333333333
0 0.49000000000000005 0.5666666666666667 0.04 0.06666666666666667
0 0.5650000000000001 0.6033333333333334 0.10333333333333335 0.06666666666666667
0 0.6116666666666667 0.5366666666666667 0.023333333333333334 0.03333333333333333
0 0.6666666666666667 0.5466666666666667 0.06666666666666667 0.03333333333333333
0 0.7133333333333334 0.5866666666666667 0.03333333333333333 0.05333333333333334
0 0.6616666666666667 0.6233333333333334 0.07666666666666667 0.060000000000000005
0 0.7250000000000001 0.6433333333333334 0.030000000000000002 0.04666666666666667
0 0.76 0.6633333333333333 0.02 0.04666666666666667
0 0.7816666666666667 0.7183333333333334 0.030000000000000002 0.030000000000000002
0 0.8150000000000001 0.7483333333333334 0.030000000000000002 0.030000000000000002
