0 0.5666666666666667 0.18333333333333335 0.08 0.1
0 0.5233333333333333 0.275 0.02666666666666667 0.043333333333333335
0 0.4733333333333334 0.35000000000000003 0.013333333333333334 0.02666666666666667
0 0.43333333333333335 0.4216666666666667 0.060000000000000005 0.07666666666666667
0 0.38333333333333336 0.5066666666666667 0.06666666666666667 0.07333333333333333
0 0.33 0.5683333333333334 0.05333333333333334 0.05
0 0.2866666666666667 0.625 0.03333333333333333 0.030000000000000002
0 0.3166666666666667 0.6966666666666667 0.14666666666666667 0.1
0 0.23333333333333334 0.7883333333333333 0.05333333333333334 0.05666666666666667
0 0.31833333333333336 0.7816666666666667 0.043333333333333335 0.03666666666666667
0 0.21000000000000002 0.8500000000000001 0.04666666666666667 0.03333333333333333
0 0.5033333333333334 0.45333333333333337 0.02 0.02666666666666667
0 0.5766666666666667 0.4916666666666667 0.02666666666666667 0.043333333333333335
0 0.7150000000000001 0.21666666666666667 0.030000000000000002 0.04
