0 0.6966666666666667 0.05333333333333334 0.03333333333333333 0.07333333333333333
0 0.675 0.10666666666666667 0.030000000000000002 0.05333333333333334
0 0.6383333333333334 0.15000000000000002 0.016666666666666666 0.02
0 0.7216666666666667 0.13166666666666668 0.023333333333333334 0.01
0 0.7666666666666667 0.12833333333333335 0.013333333333333334 0.023333333333333334
0 0.7300000000000001 0.1716666666666667 0.02 0.016666666666666666
0 0.6983333333333334 0.21666666666666667 0.03666666666666667 0.04666666666666667
0 0.6583333333333333 0.2516666666666667 0.05 0.043333333333333335
0 0.6233333333333334 0.2916666666666667 0.04666666666666667 0.05
0 0.5833333333333334 0.34 0.04 0.03333333333333333
0 0.5483333333333333 0.36500000000000005 0.03666666666666667 0.030000000000000002
0 0.5233333333333333 0.4 0.03333333333333333 0.04
0 0.5033333333333334 0.44 0.04 0.04666666666666667
0 0.4766666666666667 0.48000000000000004 0.02666666666666667 0.02666666666666667
0 0.455 0.52 0.03666666666666667 0.04
0 0.4266666666666667 0.5616666666666666 0.03333333333333333 0.043333333333333335
0 0.39666666666666667 0.6016666666666667 0.03333333333333333 0.03666666666666667
0 0.3433333333333334 0.6633333333333333 0.04 0.04
0 0.31333333333333335 0.7133333333333334 0.02666666666666667 0.04666666666666667
0 0.2016666666666667 0.8 0.023333333333333334 0.03333333333333333
0 0.30000000000000004 0.755 0.02 0.023333333333333334
0 0.6016666666666667 0.18166666666666667 0.016666666666666666 0.023333333333333334
0 0.6016666666666667 0.20833333333333334 0.016666666666666666 0.016666666666666666
0 0.5816666666666667 0.23 0.016666666666666666 0.02666666666666667
0 0.56 0.24500000000000002 0.02 0.016666666666666666
0 0.545 0.26833333333333337 0.016666666666666666 0.023333333333333334
0 0.525 0.29000000000000004 0.016666666666666666 0.02
0 0.5033333333333334 0.32 0.02666666666666667 0.02666666666666667
0 0.4783333333333334 0.34833333333333333 0.016666666666666666 0.016666666666666666
0 0.4716666666666667 0.37833333333333335 0.016666666666666666 0.016666666666666666
