0 0.615 0.4216666666666667 0.03666666666666667 0.043333333333333335
0 0.6050000000000001 0.4666666666666667 0.030000000000000002 0.03333333333333333
0 0.5766666666666667 0.51 0.03333333333333333 0.04666666666666667
0 0.5316666666666667 0.5900000000000001 0.016666666666666666 0.013333333333333334
0 0.13333333333333333 0.645 0.05333333333333334 0.05
0 0.1 0.7183333333333334 0.03333333333333333 0.07666666666666667
0 0.10166666666666667 0.8416666666666667 0.06333333333333334 0.16333333333333333
0 0.16833333333333333 0.8866666666666667 0.05666666666666667 0.03333333333333333
0 0.18833333333333335 0.91 0.043333333333333335 0.013333333333333334
0 0.06333333333333334 0.9583333333333334 0.04 0.05666666666666667
