0 0.18166666666666667 0.30000000000000004 0.030000000000000002 0.04
0 0.21166666666666667 0.33 0.030000000000000002 0.02
0 0.24833333333333335 0.3616666666666667 0.023333333333333334 0.030000000000000002
0 0.27666666666666667 0.4066666666666667 0.02666666666666667 0.03333333333333333
0 0.3116666666666667 0.45333333333333337 0.030000000000000002 0.04
0 0.34 0.5 0.02 0.04
0 0.36833333333333335 0.5566666666666668 0.023333333333333334 0.04
0 0.4033333333333334 0.615 0.02 0.023333333333333334
0 0.445 0.665 0.023333333333333334 0.030000000000000002
0 0.49833333333333335 0.7216666666666667 0.030000000000000002 0.03666666666666667
0 0.54 0.7866666666666667 0.03333333333333333 0.060000000000000005
0 0.5750000000000001 0.8500000000000001 0.023333333333333334 0.02666666666666667
0 0.6016666666666667 0.895 0.023333333333333334 0.03666666666666667
0 0.64 0.9566666666666668 0.03333333333333333 0.04666666666666667
