0 0.29500000000000004 0.13833333333333334 0.043333333333333335 0.05
0 0.35333333333333333 0.2316666666666667 0.02666666666666667 0.05
0 0.39666666666666667 0.3116666666666667 0.02666666666666667 0.05
0 0.43000000000000005 0.38 0.02 0.04666666666666667
0 0.4683333333333334 0.4366666666666667 0.023333333333333334 0.02666666666666667
0 0.51 0.48833333333333334 0.03333333333333333 0.03666666666666667
0 0.6166666666666667 0.6283333333333334 0.03333333333333333 0.043333333333333335
0 0.665 0.7033333333333334 0.023333333333333334 0.03333333333333333
0 0.7166666666666667 0.7683333333333334 0.03333333333333333 0.03666666666666667
0 0.755 0.8150000000000001 0.023333333333333334 0.03666666666666667
0 0.8300000000000001 0.89 0.05333333333333334 0.04666666666666667
0 0.8833333333333334 0.9466666666666668 0.03333333333333333 0.04666666666666667
0 0.9216666666666667 0.8116666666666668 0.023333333333333334 0.030000000000000002
0 0.9433333333333334 0.8716666666666667 0.02 0.03666666666666667
