0 0.06166666666666667 0.045000000000000005 0.05 0.05
0 0.1 0.10166666666666667 0.02 0.030000000000000002
0 0.13 0.13333333333333333 0.02666666666666667 0.02666666666666667
0 0.15333333333333335 0.17500000000000002 0.02 0.030000000000000002
0 0.19166666666666668 0.22666666666666668 0.023333333333333334 0.02666666666666667
0 0.23 0.29000000000000004 0.03333333333333333 0.04
0 0.26666666666666666 0.34833333333333333 0.02 0.030000000000000002
0 0.305 0.4116666666666667 0.03666666666666667 0.05
0 0.33666666666666667 0.45333333333333337 0.013333333333333334 0.02
0 0.38833333333333336 0.515 0.030000000000000002 0.030000000000000002
0 0.465 0.5700000000000001 0.03666666666666667 0.05333333333333334
0 0.5316666666666667 0.635 0.043333333333333335 0.016666666666666666
0 0.5683333333333334 0.6583333333333333 0.01 0.016666666666666666
0 0.5883333333333334 0.6950000000000001 0.016666666666666666 0.023333333333333334
0 0.6166666666666667 0.7300000000000001 0.02 0.02
0 0.6516666666666667 0.7583333333333334 0.01 0.01
0 0.6916666666666668 0.79 0.016666666666666666 0.02666666666666667
0 0.7133333333333334 0.8200000000000001 0.013333333333333334 0.013333333333333334
0 0.7366666666666667 0.8383333333333334 0.02 0.01
0 0.7616666666666667 0.8500000000000001 0.01 0.006666666666666667
0 0.7733333333333334 0.8600000000000001 0.006666666666666667 0.013333333333333334
0 0.805 0.89 0.023333333333333334 0.02666666666666667
0 0.8483333333333334 0.9366666666666668 0.016666666666666666 0.02
0 0.8766666666666667 0.9650000000000001 0.02 0.023333333333333334
0 0.915 0.9933333333333334 0.016666666666666666 0.006666666666666667
