0 0.34833333333333333 0.2916666666666667 0.06333333333333334 0.05666666666666667
0 0.465 0.34 0.03666666666666667 0.03333333333333333
0 0.5133333333333334 0.39 0.02 0.03333333333333333
0 0.49833333333333335 0.4683333333333334 0.0033333333333333335 0.023333333333333334
0 0.42833333333333334 0.5033333333333334 0.01 0.05333333333333334
0 0.47000000000000003 0.43000000000000005 0.02666666666666667 0.02
0 0.5633333333333334 0.3616666666666667 0.02 0.016666666666666666
0 0.5266666666666667 0.2516666666666667 0.013333333333333334 0.023333333333333334
0 0.4916666666666667 0.2733333333333334 0.0033333333333333335 0.006666666666666667
0 0.4866666666666667 0.24500000000000002 0.04666666666666667 0.030000000000000002
0 0.5366666666666667 0.18166666666666667 0.02 0.01
0 0.5666666666666667 0.16666666666666669 0.03333333333333333 0.05333333333333334
0 0.7966666666666667 0.07166666666666667 0.02666666666666667 0.030000000000000002
0 0.78 0.11666666666666667 0.013333333333333334 0.02
0 0.7433333333333334 0.15000000000000002 0.006666666666666667 0.02666666666666667
0 0.7116666666666667 0.19333333333333336 0.01 0.02666666666666667
0 0.6933333333333334 0.2366666666666667 0.02 0.02666666666666667
0 0.6583333333333333 0.28833333333333333 0.023333333333333334 0.030000000000000002
0 0.5733333333333334 0.29500000000000004 0.060000000000000005 0.016666666666666666
0 0.5983333333333334 0.3616666666666667 0.016666666666666666 0.023333333333333334
0 0.5616666666666666 0.405 0.01 0.023333333333333334
0 0.5366666666666667 0.4633333333333334 0.05333333333333334 0.05333333333333334
0 0.5366666666666667 0.5166666666666667 0.02 0.03333333333333333
0 0.48000000000000004 0.5466666666666667 0.03333333333333333 0.04
0 0.5016666666666667 0.615 0.043333333333333335 0.06333333333333334
0 0.395 0.5883333333333334 0.043333333333333335 0.05666666666666667
0 0.45 0.5966666666666667 0.02666666666666667 0.02666666666666667
0 0.5533333333333333 0.625 0.03333333333333333 0.030000000000000002
0 0.5983333333333334 0.6283333333333334 0.016666666666666666 0.016666666666666666
0 0.4466666666666667 0.6616666666666667 0.02666666666666667 0.030000000000000002
0 0.5116666666666667 0.7150000000000001 0.07 0.05666666666666667
0 0.555 0.6666666666666667 0.03666666666666667 0.03333333333333333
0 0.5900000000000001 0.7100000000000001 0.02666666666666667 0.04
0 0.5800000000000001 0.765 0.02 0.030000000000000002
0 0.62 0.8266666666666668 0.05333333333333334 0.07333333333333333
0 0.6366666666666667 0.7866666666666667 0.02666666666666667 0.04666666666666667
0 0.68 0.8650000000000001 0.03333333333333333 0.043333333333333335
