0 0.6283333333333334 0.33166666666666667 0.03666666666666667 0.043333333333333335
0 0.6616666666666667 0.2966666666666667 0.03666666666666667 0.04666666666666667
0 0.6933333333333334 0.26333333333333336 0.04 0.05333333333333334
0 0.7333333333333334 0.23 0.04 0.05333333333333334
0 0.7766666666666667 0.19 0.04666666666666667 0.05333333333333334
0 0.8016666666666667 0.135 0.043333333333333335 0.05666666666666667
0 0.8500000000000001 0.09000000000000001 0.04666666666666667 0.05333333333333334
0 0.6166666666666667 0.3766666666666667 0.02 0.02666666666666667
0 0.5983333333333334 0.40166666666666667 0.016666666666666666 0.023333333333333334
0 0.5883333333333334 0.4266666666666667 0.016666666666666666 0.02
0 0.51 0.4 0.02 0.02666666666666667
0 0.5283333333333333 0.3816666666666667 0.016666666666666666 0.016666666666666666
0 0.49000000000000005 0.42000000000000004 0.02 0.02
0 0.4716666666666667 0.4416666666666667 0.023333333333333334 0.016666666666666666
0 0.4633333333333334 0.46166666666666667 0.02 0.016666666666666666
0 0.45333333333333337 0.48333333333333334 0.02 0.02
0 0.44333333333333336 0.5016666666666667 0.02666666666666667 0.016666666666666666
0 0.43333333333333335 0.5233333333333333 0.02666666666666667 0.013333333333333334
0 0.4216666666666667 0.5433333333333333 0.016666666666666666 0.02
0 0.37000000000000005 0.5933333333333334 0.02 0.02
0 0.35333333333333333 0.6133333333333334 0.02666666666666667 0.02
0 0.32833333333333337 0.6283333333333334 0.023333333333333334 0.016666666666666666
0 0.30333333333333334 0.6516666666666667 0.02 0.023333333333333334
0 0.28 0.6616666666666667 0.02666666666666667 0.016666666666666666
0 0.255 0.68 0.023333333333333334 0.013333333333333334
