0 0.5033333333333334 0.5183333333333333 0.14666666666666667 0.043333333333333335
0 0.5383333333333333 0.7350000000000001 0.11666666666666667 0.05
0 0.03666666666666667 0.04666666666666667 0.06666666666666667 0.07333333333333333
0 0.08833333333333333 0.11333333333333334 0.06333333333333334 0.04
0 0.13166666666666668 0.17500000000000002 0.07666666666666667 0.03666666666666667
0 0.14 0.22833333333333336 0.09333333333333334 0.016666666666666666
0 0.09166666666666667 0.2733333333333334 0.07666666666666667 0.02
0 0.12333333333333334 0.3566666666666667 0.04666666666666667 0.03333333333333333
0 0.14833333333333334 0.4 0.05666666666666667 0.04666666666666667
0 0.19166666666666668 0.45333333333333337 0.07666666666666667 0.04
0 0.24000000000000002 0.515 0.04666666666666667 0.06333333333333334
0 0.2783333333333334 0.5683333333333334 0.03666666666666667 0.023333333333333334
0 0.3116666666666667 0.6133333333333334 0.043333333333333335 0.04
0 0.335 0.6733333333333333 0.05666666666666667 0.04666666666666667
0 0.375 0.7050000000000001 0.05 0.030000000000000002
0 0.3466666666666667 0.7483333333333334 0.06666666666666667 0.05
0 0.38 0.8083333333333333 0.06666666666666667 0.05
0 0.4116666666666667 0.8633333333333334 0.05 0.03333333333333333
0 0.45 0.91 0.02666666666666667 0.05333333333333334
0 0.5566666666666668 0.9866666666666667 0.09333333333333334 0.02
