0 0.885 0.035 0.030000000000000002 0.043333333333333335
0 0.8483333333333334 0.06333333333333334 0.023333333333333334 0.02666666666666667
0 0.8033333333333333 0.09333333333333334 0.02666666666666667 0.02666666666666667
0 0.7716666666666667 0.13 0.030000000000000002 0.03333333333333333
0 0.7366666666666667 0.16833333333333333 0.02 0.030000000000000002
0 0.685 0.20833333333333334 0.03666666666666667 0.030000000000000002
0 0.6233333333333334 0.26833333333333337 0.03333333333333333 0.030000000000000002
0 0.5683333333333334 0.315 0.023333333333333334 0.030000000000000002
0 0.5283333333333333 0.35333333333333333 0.023333333333333334 0.02666666666666667
0 0.5166666666666667 0.39 0.02 0.03333333333333333
0 0.4666666666666667 0.4133333333333334 0.02 0.02666666666666667
0 0.42833333333333334 0.4466666666666667 0.016666666666666666 0.02666666666666667
0 0.3916666666666667 0.4866666666666667 0.016666666666666666 0.02666666666666667
0 0.3566666666666667 0.5216666666666667 0.02 0.016666666666666666
0 0.32666666666666666 0.5583333333333333 0.013333333333333334 0.023333333333333334
0 0.30333333333333334 0.5966666666666667 0.013333333333333334 0.03333333333333333
0 0.2783333333333334 0.6233333333333334 0.016666666666666666 0.02
0 0.23833333333333334 0.6483333333333334 0.023333333333333334 0.023333333333333334
0 0.17666666666666667 0.7383333333333334 0.03333333333333333 0.05
0 0.2066666666666667 0.6916666666666668 0.02 0.030000000000000002
0 0.1366666666666667 0.785 0.04 0.043333333333333335
0 0.07333333333333333 0.8433333333333334 0.03333333333333333 0.04
0 0.035 0.895 0.023333333333333334 0.043333333333333335
0 0.015000000000000001 0.9283333333333333 0.030000000000000002 0.030000000000000002
0 0.36500000000000005 0.08166666666666667 0.043333333333333335 0.09000000000000001
0 0.35000000000000003 0.16 0.03333333333333333 0.05333333333333334
0 0.32666666666666666 0.22833333333333336 0.02666666666666667 0.05
0 0.29000000000000004 0.305 0.06666666666666667 0.06333333333333334
0 0.28833333333333333 0.38 0.05 0.060000000000000005
0 0.26833333333333337 0.445 0.030000000000000002 0.05666666666666667
0 0.24000000000000002 0.515 0.04666666666666667 0.05666666666666667
0 0.2066666666666667 0.5816666666666667 0.02666666666666667 0.05
0 0.17500000000000002 0.645 0.030000000000000002 0.05
0 0.14166666666666666 0.685 0.03666666666666667 0.043333333333333335
