0 0.7200000000000001 0.1 0.03333333333333333 0.04
0 0.6816666666666668 0.14 0.043333333333333335 0.04
0 0.6283333333333334 0.1716666666666667 0.023333333333333334 0.023333333333333334
0 0.9466666666666668 0.15333333333333335 0.02666666666666667 0.03333333333333333
0 0.8966666666666667 0.18833333333333335 0.03333333333333333 0.03666666666666667
0 0.8433333333333334 0.2316666666666667 0.03333333333333333 0.03666666666666667
0 0.8150000000000001 0.2866666666666667 0.05666666666666667 0.03333333333333333
0 0.7366666666666667 0.3516666666666667 0.060000000000000005 0.03666666666666667
0 0.6950000000000001 0.385 0.03666666666666667 0.030000000000000002
0 0.6533333333333333 0.4166666666666667 0.03333333333333333 0.02666666666666667
0 0.6116666666666667 0.4416666666666667 0.023333333333333334 0.023333333333333334
0 0.5733333333333334 0.4716666666666667 0.02666666666666667 0.023333333333333334
0 0.5316666666666667 0.49500000000000005 0.05 0.023333333333333334
0 0.3666666666666667 0.6066666666666667 0.08 0.013333333333333334
0 0.43500000000000005 0.5783333333333334 0.016666666666666666 0.01
0 0.22666666666666668 0.7100000000000001 0.04 0.04666666666666667
0 0.15333333333333335 0.7583333333333334 0.04 0.030000000000000002
0 0.11166666666666668 0.8033333333333333 0.030000000000000002 0.04
0 0.06166666666666667 0.8316666666666667 0.023333333333333334 0.03666666666666667
