0 0.19333333333333336 0.135 0.04666666666666667 0.05
0 0.24666666666666667 0.19833333333333333 0.04666666666666667 0.05666666666666667
0 0.3016666666666667 0.26 0.030000000000000002 0.02666666666666667
0 0.46166666666666667 0.42333333333333334 0.11666666666666667 0.04
0 0.5216666666666667 0.5916666666666667 0.07 0.06333333333333334
0 0.5800000000000001 0.6566666666666667 0.06666666666666667 0.060000000000000005
0 0.5633333333333334 0.745 0.06666666666666667 0.06333333333333334
0 0.525 0.8250000000000001 0.05 0.05
0 0.3766666666666667 0.8966666666666667 0.05333333333333334 0.03333333333333333
0 0.275 0.93 0.05666666666666667 0.04666666666666667
0 0.18166666666666667 0.9650000000000001 0.043333333333333335 0.043333333333333335
