0 0.7633333333333334 0.115 0.02666666666666667 0.05666666666666667
0 0.7233333333333334 0.18166666666666667 0.013333333333333334 0.030000000000000002
0 0.6683333333333333 0.24666666666666667 0.01 0.02666666666666667
0 0.6366666666666667 0.30000000000000004 0.006666666666666667 0.02666666666666667
0 0.5700000000000001 0.36000000000000004 0.02666666666666667 0.03333333333333333
0 0.5183333333333333 0.4316666666666667 0.016666666666666666 0.023333333333333334
0 0.4716666666666667 0.465 0.016666666666666666 0.023333333333333334
0 0.4316666666666667 0.5016666666666667 0.023333333333333334 0.030000000000000002
0 0.405 0.5333333333333333 0.016666666666666666 0.02
0 0.36333333333333334 0.5583333333333333 0.013333333333333334 0.023333333333333334
0 0.32666666666666666 0.5833333333333334 0.013333333333333334 0.02
0 0.2916666666666667 0.6133333333333334 0.016666666666666666 0.02666666666666667
0 0.2516666666666667 0.6433333333333334 0.016666666666666666 0.02
0 0.20333333333333334 0.6633333333333333 0.013333333333333334 0.02
0 0.15833333333333335 0.6933333333333334 0.016666666666666666 0.02
0 0.09333333333333334 0.7233333333333334 0.02 0.03333333333333333
0 0.05333333333333334 0.755 0.02 0.016666666666666666
