0 0.48000000000000004 0.36000000000000004 0.05333333333333334 0.03333333333333333
0 0.5233333333333333 0.3383333333333334 0.02666666666666667 0.03666666666666667
0 0.55 0.3166666666666667 0.02666666666666667 0.02666666666666667
0 0.5783333333333334 0.30000000000000004 0.023333333333333334 0.02666666666666667
0 0.44 0.3716666666666667 0.03333333333333333 0.03666666666666667
0 0.4066666666666667 0.38 0.03333333333333333 0.02666666666666667
0 0.385 0.4033333333333334 0.043333333333333335 0.02666666666666667
0 0.3516666666666667 0.4166666666666667 0.023333333333333334 0.02666666666666667
0 0.33 0.43500000000000005 0.02666666666666667 0.030000000000000002
0 0.3066666666666667 0.45 0.02666666666666667 0.02666666666666667
0 0.2833333333333333 0.4666666666666667 0.02666666666666667 0.02666666666666667
0 0.255 0.48833333333333334 0.03666666666666667 0.030000000000000002
0 0.66 0.24500000000000002 0.02 0.023333333333333334
0 0.8266666666666668 0.135 0.02 0.030000000000000002
0 0.8500000000000001 0.115 0.02 0.030000000000000002
0 0.9033333333333334 0.08833333333333333 0.02666666666666667 0.03666666666666667
0 0.16333333333333333 0.5683333333333334 0.02666666666666667 0.030000000000000002
0 0.14166666666666666 0.5783333333333334 0.016666666666666666 0.016666666666666666
0 0.12666666666666668 0.5950000000000001 0.013333333333333334 0.016666666666666666
