0 0.3616666666666667 0.3016666666666667 0.03666666666666667 0.016666666666666666
0 0.3983333333333334 0.32833333333333337 0.023333333333333334 0.016666666666666666
0 0.42500000000000004 0.3466666666666667 0.016666666666666666 0.006666666666666667
0 0.4516666666666667 0.37333333333333335 0.023333333333333334 0.02666666666666667
0 0.48000000000000004 0.4133333333333334 0.02666666666666667 0.03333333333333333
0 0.5033333333333334 0.45 0.02 0.02
0 0.5416666666666667 0.4866666666666667 0.023333333333333334 0.02666666666666667
0 0.5766666666666667 0.5216666666666667 0.04 0.030000000000000002
0 0.6166666666666667 0.555 0.02666666666666667 0.023333333333333334
0 0.6466666666666667 0.5883333333333334 0.02 0.023333333333333334
0 0.6766666666666667 0.625 0.02666666666666667 0.030000000000000002
0 0.7150000000000001 0.6633333333333333 0.043333333333333335 0.04
0 0.7516666666666667 0.6983333333333334 0.030000000000000002 0.023333333333333334
0 0.785 0.7316666666666667 0.023333333333333334 0.023333333333333334
0 0.8116666666666668 0.7683333333333334 0.016666666666666666 0.023333333333333334
0 0.8466666666666667 0.81 0.02666666666666667 0.02666666666666667
0 0.8750000000000001 0.8450000000000001 0.016666666666666666 0.030000000000000002
0 0.8916666666666667 0.8816666666666667 0.016666666666666666 0.030000000000000002
0 0.505 0.5583333333333333 0.030000000000000002 0.016666666666666666
0 0.5383333333333333 0.5850000000000001 0.016666666666666666 0.016666666666666666
0 0.5750000000000001 0.625 0.023333333333333334 0.023333333333333334
0 0.6066666666666667 0.6566666666666667 0.02666666666666667 0.02
0 0.64 0.6883333333333334 0.02666666666666667 0.023333333333333334
0 0.675 0.7183333333333334 0.023333333333333334 0.016666666666666666
0 0.7083333333333334 0.75 0.016666666666666666 0.02
0 0.7316666666666667 0.7816666666666667 0.016666666666666666 0.016666666666666666
0 0.77 0.81 0.013333333333333334 0.006666666666666667
0 0.8066666666666668 0.8283333333333334 0.02 0.016666666666666666
0 0.8416666666666667 0.8600000000000001 0.030000000000000002 0.02666666666666667
0 0.635 0.6616666666666667 0.023333333333333334 0.01
0 0.5716666666666667 0.6016666666666667 0.016666666666666666 0.01
0 0.4633333333333334 0.5183333333333333 0.02666666666666667 0.016666666666666666
