0 0.6916666666666668 0.13166666666666668 0.030000000000000002 0.030000000000000002
0 0.6283333333333334 0.17666666666666667 0.016666666666666666 0.02
0 0.6083333333333334 0.19833333333333333 0.016666666666666666 0.016666666666666666
0 0.5850000000000001 0.21833333333333335 0.030000000000000002 0.023333333333333334
0 0.56 0.23833333333333334 0.013333333333333334 0.016666666666666666
0 0.5383333333333333 0.25333333333333335 0.016666666666666666 0.013333333333333334
0 0.515 0.305 0.043333333333333335 0.023333333333333334
0 0.48333333333333334 0.32833333333333337 0.013333333333333334 0.016666666666666666
0 0.49833333333333335 0.38 0.03666666666666667 0.02
0 0.4516666666666667 0.36333333333333334 0.01 0.013333333333333334
0 0.43000000000000005 0.39333333333333337 0.013333333333333334 0.02
0 0.4416666666666667 0.465 0.05 0.05
0 0.3983333333333334 0.5816666666666667 0.07 0.18333333333333335
0 0.38 0.7083333333333334 0.08 0.043333333333333335
0 0.44833333333333336 0.66 0.016666666666666666 0.03333333333333333
0 0.33666666666666667 0.7433333333333334 0.03333333333333333 0.02666666666666667
