0 0.19 0.08 0.02 0.02
0 0.2366666666666667 0.15333333333333335 0.02 0.02
0 0.37833333333333335 0.36833333333333335 0.03666666666666667 0.03666666666666667
0 0.4566666666666667 0.42333333333333334 0.02 0.013333333333333334
0 0.48833333333333334 0.445 0.023333333333333334 0.016666666666666666
0 0.5283333333333333 0.4683333333333334 0.03666666666666667 0.023333333333333334
0 0.5633333333333334 0.49000000000000005 0.02666666666666667 0.02
0 0.6016666666666667 0.515 0.023333333333333334 0.023333333333333334
0 0.6616666666666667 0.6266666666666667 0.030000000000000002 0.02
0 0.6966666666666667 0.66 0.03333333333333333 0.03333333333333333
0 0.7300000000000001 0.7000000000000001 0.02666666666666667 0.02666666666666667
0 0.7583333333333334 0.7400000000000001 0.043333333333333335 0.03333333333333333
0 0.7783333333333334 0.7133333333333334 0.03666666666666667 0.02666666666666667
0 0.795 0.7766666666666667 0.03666666666666667 0.02666666666666667
0 0.8233333333333334 0.7583333333333334 0.02666666666666667 0.023333333333333334
0 0.8733333333333334 0.7983333333333333 0.04 0.030000000000000002
0 0.8316666666666667 0.8066666666666668 0.030000000000000002 0.02
0 0.88 0.8550000000000001 0.02666666666666667 0.030000000000000002
0 0.9166666666666667 0.8316666666666667 0.013333333333333334 0.023333333333333334
0 0.9433333333333334 0.8816666666666667 0.02666666666666667 0.043333333333333335
