0 0.43000000000000005 0.17333333333333334 0.02666666666666667 0.03333333333333333
0 0.49500000000000005 0.255 0.03666666666666667 0.030000000000000002
0 0.5216666666666667 0.2866666666666667 0.023333333333333334 0.03333333333333333
0 0.5483333333333333 0.325 0.016666666666666666 0.030000000000000002
0 0.5783333333333334 0.3616666666666667 0.023333333333333334 0.030000000000000002
0 0.61 0.4083333333333334 0.02 0.03666666666666667
0 0.6166666666666667 0.45833333333333337 0.02 0.03666666666666667
0 0.6333333333333334 0.51 0.013333333333333334 0.03333333333333333
0 0.8500000000000001 0.8266666666666668 0.02 0.02
0 0.8983333333333334 0.9083333333333334 0.016666666666666666 0.023333333333333334
