0 0.8600000000000001 0.045000000000000005 0.02 0.03666666666666667
0 0.8550000000000001 0.09833333333333334 0.016666666666666666 0.030000000000000002
0 0.8200000000000001 0.155 0.02 0.030000000000000002
0 0.7833333333333334 0.2016666666666667 0.03333333333333333 0.03666666666666667
0 0.76 0.26 0.02 0.03333333333333333
0 0.7283333333333334 0.315 0.01 0.016666666666666666
0 0.6983333333333334 0.3616666666666667 0.01 0.016666666666666666
0 0.675 0.385 0.01 0.016666666666666666
0 0.6366666666666667 0.4133333333333334 0.013333333333333334 0.02
0 0.5966666666666667 0.44 0.013333333333333334 0.02
0 0.5683333333333334 0.47000000000000003 0.01 0.02
0 0.54 0.49833333333333335 0.013333333333333334 0.023333333333333334
0 0.3016666666666667 0.7016666666666667 0.030000000000000002 0.023333333333333334
0 0.36000000000000004 0.685 0.04 0.016666666666666666
0 0.3983333333333334 0.6566666666666667 0.030000000000000002 0.013333333333333334
0 0.4516666666666667 0.6066666666666667 0.023333333333333334 0.013333333333333334
0 0.4966666666666667 0.5683333333333334 0.03333333333333333 0.01
0 0.53 0.5216666666666667 0.013333333333333334 0.0033333333333333335
