0 0.5083333333333334 0.45833333333333337 0.023333333333333334 0.023333333333333334
0 0.535 0.4866666666666667 0.023333333333333334 0.02666666666666667
0 0.5716666666666667 0.5316666666666667 0.043333333333333335 0.03666666666666667
0 0.6183333333333334 0.5700000000000001 0.030000000000000002 0.04
0 0.6516666666666667 0.6183333333333334 0.030000000000000002 0.030000000000000002
0 0.7200000000000001 0.6666666666666667 0.04666666666666667 0.05333333333333334
0 0.7683333333333334 0.7400000000000001 0.023333333333333334 0.02666666666666667
0 0.8 0.6950000000000001 0.05333333333333334 0.07666666666666667
0 0.8150000000000001 0.805 0.023333333333333334 0.03666666666666667
0 0.8616666666666667 0.7783333333333334 0.023333333333333334 0.03666666666666667
0 0.8633333333333334 0.9 0.02 0.05333333333333334
0 0.20333333333333334 0.13 0.02666666666666667 0.013333333333333334
0 0.255 0.15833333333333335 0.043333333333333335 0.023333333333333334
0 0.3066666666666667 0.18333333333333335 0.013333333333333334 0.013333333333333334
0 0.3616666666666667 0.21666666666666667 0.016666666666666666 0.02
0 0.39666666666666667 0.26 0.02666666666666667 0.02666666666666667
0 0.08833333333333333 0.023333333333333334 0.016666666666666666 0.013333333333333334
0 0.135 0.06166666666666667 0.03666666666666667 0.030000000000000002
0 0.33166666666666667 0.21000000000000002 0.016666666666666666 0.013333333333333334
0 0.165 0.2366666666666667 0.030000000000000002 0.02
0 0.20833333333333334 0.27 0.030000000000000002 0.02
0 0.2566666666666667 0.31 0.04 0.02666666666666667
