0 0.3166666666666667 0.2066666666666667 0.02666666666666667 0.04666666666666667
0 0.36500000000000005 0.26666666666666666 0.043333333333333335 0.05333333333333334
0 0.4116666666666667 0.31333333333333335 0.030000000000000002 0.02666666666666667
0 0.44333333333333336 0.34833333333333333 0.02 0.023333333333333334
0 0.4683333333333334 0.3916666666666667 0.05 0.03666666666666667
0 0.5083333333333334 0.42500000000000004 0.023333333333333334 0.030000000000000002
0 0.54 0.4666666666666667 0.04 0.04
0 0.5816666666666667 0.5 0.030000000000000002 0.02666666666666667
0 0.615 0.5316666666666667 0.023333333333333334 0.023333333333333334
0 0.65 0.5816666666666667 0.03333333333333333 0.03666666666666667
0 0.6883333333333334 0.6183333333333334 0.03666666666666667 0.030000000000000002
0 0.7283333333333334 0.6516666666666667 0.030000000000000002 0.023333333333333334
0 0.7683333333333334 0.6866666666666668 0.030000000000000002 0.03333333333333333
0 0.8133333333333334 0.7366666666666667 0.04666666666666667 0.04
0 0.8633333333333334 0.7766666666666667 0.02 0.013333333333333334
0 0.3066666666666667 0.4366666666666667 0.02 0.02
0 0.34500000000000003 0.4733333333333334 0.03666666666666667 0.03333333333333333
