0 0.25 0.018333333333333333 0.02666666666666667 0.03666666666666667
0 0.255 0.08833333333333333 0.030000000000000002 0.06333333333333334
0 0.25 0.14500000000000002 0.02 0.05
0 0.26333333333333336 0.20833333333333334 0.006666666666666667 0.05
0 0.2816666666666667 0.3116666666666667 0.016666666666666666 0.05
0 0.28500000000000003 0.4166666666666667 0.03666666666666667 0.04666666666666667
0 0.29333333333333333 0.47000000000000003 0.03333333333333333 0.04666666666666667
0 0.3166666666666667 0.5416666666666667 0.04666666666666667 0.07
0 0.35333333333333333 0.5933333333333334 0.02666666666666667 0.03333333333333333
0 0.14166666666666666 0.24500000000000002 0.01 0.05
0 0.17333333333333334 0.33666666666666667 0.03333333333333333 0.04666666666666667
0 0.2016666666666667 0.3866666666666667 0.01 0.03333333333333333
0 0.21166666666666667 0.42833333333333334 0.023333333333333334 0.030000000000000002
0 0.23833333333333334 0.4766666666666667 0.030000000000000002 0.04666666666666667
0 0.34500000000000003 0.6416666666666667 0.023333333333333334 0.023333333333333334
0 0.37333333333333335 0.6683333333333333 0.02666666666666667 0.023333333333333334
0 0.4083333333333334 0.7000000000000001 0.023333333333333334 0.02
0 0.4416666666666667 0.7183333333333334 0.016666666666666666 0.023333333333333334
0 0.47500000000000003 0.7483333333333334 0.023333333333333334 0.016666666666666666
0 0.5166666666666667 0.7866666666666667 0.02666666666666667 0.02
0 0.5633333333333334 0.8133333333333334 0.02666666666666667 0.02
0 0.6116666666666667 0.8383333333333334 0.043333333333333335 0.030000000000000002
0 0.6733333333333333 0.8650000000000001 0.02666666666666667 0.01
0 0.7233333333333334 0.8766666666666667 0.013333333333333334 0.006666666666666667
