1 0.612 0.4786585365853659 0.056 0.21951219512195122
1 0.509 0.30335365853658536 0.062 0.1798780487804878
1 0.765 0.5274390243902439 0.05 0.21951219512195122
1 0.937 0.5121951219512195 0.062 0.17682926829268295
1 0.925 0.2576219512195122 0.038 0.09451219512195122
1 0.193 0.44664634146341464 0.05 0.1676829268292683
1 0.121 0.7439024390243902 0.034 0.17682926829268295
1 0.075 0.7957317073170732 0.038 0.21951219512195122
1 0.012 0.961890243902439 0.024 0.0701219512195122
1 0.043000000000000003 0.8307926829268293 0.046 0.17378048780487806
1 0.7000000000000001 0.951219512195122 0.036000000000000004 0.09146341463414634
1 0.099 0.09908536585365854 0.042 0.13109756097560976
1 0.128 0.21798780487804878 0.048 0.15548780487804878
1 0.20600000000000002 0.125 0.04 0.1402439024390244
1 0.535 0.11890243902439025 0.042 0.1402439024390244
1 0.888 0.14329268292682928 0.032 0.16463414634146342
1 0.79 0.2652439024390244 0.048 0.17682926829268295
1 0.45 0.614329268292683 0.044 0.11890243902439025
1 0.41400000000000003 0.801829268292683 0.06 0.13414634146341464
