1 0.307 0.7009063444108762 0.07 0.07854984894259819
1 0.418 0.8141993957703928 0.056 0.08157099697885196
1 0.674 0.8293051359516617 0.036000000000000004 0.25075528700906347
1 0.8240000000000001 0.3595166163141994 0.132 0.2054380664652568
1 0.96 0.49395770392749244 0.07200000000000001 0.045317220543806644
1 0.649 0.20090634441087613 0.03 0.18429003021148035
1 0.721 0.20241691842900303 0.106 0.12084592145015105
1 0.332 0.17220543806646527 0.048 0.1933534743202417
1 0.17500000000000002 0.595166163141994 0.122 0.07854984894259819
1 0.201 0.8685800604229608 0.042 0.256797583081571
