0 0.5616666666666666 0.3916666666666667 0.05666666666666667 0.07
0 0.5083333333333334 0.42833333333333334 0.05666666666666667 0.07666666666666667
0 0.44833333333333336 0.49000000000000005 0.06333333333333334 0.07333333333333333
0 0.43333333333333335 0.5433333333333333 0.02666666666666667 0.02666666666666667
0 0.4066666666666667 0.5750000000000001 0.02666666666666667 0.023333333333333334
0 0.38833333333333336 0.5966666666666667 0.023333333333333334 0.02
0 0.37833333333333335 0.6216666666666667 0.023333333333333334 0.030000000000000002
0 0.35833333333333334 0.6483333333333334 0.016666666666666666 0.023333333333333334
0 0.27166666666666667 0.775 0.023333333333333334 0.030000000000000002
0 0.30333333333333334 0.7400000000000001 0.02 0.02
0 0.3216666666666667 0.7166666666666667 0.016666666666666666 0.02
0 0.39666666666666667 0.4916666666666667 0.03333333333333333 0.023333333333333334
0 0.35833333333333334 0.505 0.030000000000000002 0.016666666666666666
0 0.31 0.5366666666666667 0.02 0.02
0 0.29500000000000004 0.5533333333333333 0.023333333333333334 0.02666666666666667
0 0.27166666666666667 0.5750000000000001 0.023333333333333334 0.023333333333333334
0 0.255 0.6000000000000001 0.023333333333333334 0.02666666666666667
0 0.21500000000000002 0.645 0.016666666666666666 0.023333333333333334
0 0.19833333333333333 0.6666666666666667 0.030000000000000002 0.02666666666666667
0 0.18166666666666667 0.6916666666666668 0.030000000000000002 0.023333333333333334
0 0.17333333333333334 0.7150000000000001 0.02666666666666667 0.023333333333333334
0 0.165 0.7383333333333334 0.030000000000000002 0.023333333333333334
0 0.14333333333333334 0.7583333333333334 0.02666666666666667 0.023333333333333334
0 0.13166666666666668 0.7833333333333334 0.023333333333333334 0.02666666666666667
0 0.065 0.8466666666666667 0.023333333333333334 0.02666666666666667
0 0.05166666666666667 0.8700000000000001 0.030000000000000002 0.02666666666666667
0 0.03833333333333334 0.8933333333333334 0.043333333333333335 0.02666666666666667
