1 0.924 0.512 0.064 0.042666666666666665
1 0.674 0.4693333333333333 0.068 0.026666666666666665
1 0.75 0.496 0.18 0.021333333333333333
1 0.682 0.508 0.056 0.013333333333333332
1 0.6880000000000001 0.5266666666666666 0.02 0.018666666666666665
1 0.782 0.5333333333333333 0.032 0.021333333333333333
1 0.47900000000000004 0.4746666666666666 0.042 0.021333333333333333
1 0.594 0.4706666666666667 0.036000000000000004 0.024
1 0.5640000000000001 0.484 0.028 0.018666666666666665
1 0.597 0.5093333333333333 0.022 0.026666666666666665
1 0.5690000000000001 0.5066666666666666 0.018000000000000002 0.021333333333333333
1 0.599 0.5346666666666666 0.014 0.024
1 0.522 0.48666666666666664 0.044 0.024
1 0.528 0.508 0.048 0.018666666666666665
1 0.548 0.5386666666666666 0.032 0.021333333333333333
1 0.437 0.52 0.03 0.021333333333333333
1 0.418 0.5293333333333333 0.02 0.018666666666666665
1 0.436 0.5466666666666666 0.024 0.021333333333333333
1 0.28800000000000003 0.6066666666666667 0.016 0.018666666666666665
1 0.496 0.376 0.02 0.032
1 0.232 0.58 0.044 0.024
