1 0.6575963718820862 0.1719367588932806 0.217687074829932 0.08300395256916995
1 0.7834467120181406 0.24901185770750986 0.1292517006802721 0.07114624505928853
1 0.6666666666666666 0.2944664031620553 0.20408163265306123 0.09881422924901186
1 0.7936507936507937 0.4130434782608695 0.15873015873015872 0.07509881422924901
1 0.7743764172335601 0.4723320158102767 0.07482993197278912 0.05138339920948616
1 0.9297052154195011 0.3577075098814229 0.07256235827664399 0.05138339920948616
1 0.9013605442176871 0.642292490118577 0.17913832199546487 0.0909090909090909
1 0.935374149659864 0.7015810276679841 0.12471655328798187 0.06719367588932806
1 0.10430839002267574 0.450592885375494 0.20408163265306123 0.07905138339920947
1 0.10204081632653061 0.6284584980237153 0.19501133786848074 0.10276679841897232
1 0.272108843537415 0.6007905138339921 0.1360544217687075 0.08695652173913043
1 0.4036281179138322 0.6007905138339921 0.11791383219954649 0.07114624505928853
1 0.3163265306122449 0.7549407114624506 0.17006802721088435 0.06324110671936758
1 0.6859410430839002 0.7687747035573123 0.1292517006802721 0.043478260869565216
1 0.6927437641723356 0.8300395256916996 0.1292517006802721 0.07114624505928853
1 0.5487528344671202 0.8379446640316205 0.0816326530612245 0.05533596837944664
1 0.6167800453514739 0.9288537549407114 0.6303854875283447 0.07114624505928853
