1 0.11 0.446875 0.032 0.05
1 0.151 0.5437500000000001 0.034 0.043750000000000004
1 0.171 0.6234375000000001 0.026000000000000002 0.065625
1 0.064 0.5890625 0.016 0.07187500000000001
1 0.09 0.7171875000000001 0.02 0.078125
1 0.066 0.33125000000000004 0.02 0.037500000000000006
1 0.741 0.109375 0.05 0.15625
1 0.708 0.30781250000000004 0.04 0.146875
1 0.719 0.5265625 0.026000000000000002 0.065625
1 0.671 0.4578125 0.03 0.09062500000000001
1 0.649 0.553125 0.026000000000000002 0.08125
1 0.424 0.5 0.156 0.99375
1 0.752 0.5125000000000001 0.024 0.05625
1 0.742 0.6171875 0.02 0.065625
1 0.774 0.6890625 0.032 0.040625
