1 0.771875 0.5553846153846154 0.11875 0.21846153846153846
1 0.834375 0.4430769230769231 0.13125 0.16615384615384615
1 0.8833333333333333 0.3446153846153846 0.15416666666666667 0.14769230769230768
1 0.26979166666666665 0.3046153846153846 0.08541666666666667 0.5907692307692307
1 0.44687499999999997 0.5876923076923077 0.035416666666666666 0.09846153846153846
1 0.47812499999999997 0.5707692307692308 0.035416666666666666 0.05846153846153846
1 0.14270833333333333 0.47846153846153844 0.05625 0.49538461538461537
1 0.19791666666666666 0.13230769230769232 0.020833333333333332 0.08615384615384615
1 0.3958333333333333 0.14615384615384616 0.016666666666666666 0.08923076923076922
1 0.42291666666666666 0.20307692307692307 0.016666666666666666 0.11692307692307692
1 0.3927083333333333 0.5476923076923077 0.014583333333333334 0.09230769230769231
1 0.17708333333333334 0.7876923076923077 0.03333333333333333 0.055384615384615386
1 0.03229166666666666 0.6969230769230769 0.03125 0.033846153846153845
1 0.06666666666666667 0.7276923076923076 0.020833333333333332 0.033846153846153845
1 0.08125 0.8523076923076923 0.025 0.03692307692307692
1 0.10833333333333334 0.8892307692307693 0.020833333333333332 0.043076923076923075
1 0.128125 0.8984615384615384 0.014583333333333334 0.043076923076923075
1 0.15520833333333334 0.9061538461538462 0.01875 0.04
