1 0.623 0.6483679525222552 0.046 0.2759643916913947
1 0.6930000000000001 0.6943620178041543 0.046 0.2789317507418398
1 0.638 0.887240356083086 0.024 0.08902077151335312
1 0.467 0.6216617210682492 0.026000000000000002 0.08605341246290801
1 0.452 0.443620178041543 0.02 0.06824925816023739
1 0.433 0.30712166172106825 0.018000000000000002 0.06824925816023739
1 0.875 0.9525222551928784 0.026000000000000002 0.04747774480712166
1 0.979 0.6528189910979229 0.038 0.12462908011869436
1 0.11900000000000001 0.032640949554896145 0.018000000000000002 0.05341246290801187
1 0.049 0.0370919881305638 0.026000000000000002 0.06824925816023739
