1 0.5240585774058577 0.27158774373259054 0.043933054393305436 0.23119777158774374
1 0.4456066945606694 0.22284122562674094 0.046025104602510455 0.08913649025069638
1 0.39748953974895396 0.25348189415041783 0.03765690376569037 0.116991643454039
1 0.4142259414225941 0.36211699164345407 0.03765690376569037 0.10027855153203342
1 0.42887029288702927 0.48467966573816157 0.03347280334728033 0.14484679665738162
1 0.4466527196652719 0.6155988857938719 0.02719665271966527 0.116991643454039
1 0.48012552301255224 0.7367688022284122 0.02719665271966527 0.20891364902506965
1 0.4916317991631799 0.9108635097493036 0.02928870292887029 0.1671309192200557
1 0.14958158995815898 0.8857938718662952 0.02719665271966527 0.05013927576601671
1 0.1631799163179916 0.7924791086350975 0.03347280334728033 0.0807799442896936
1 0.21652719665271963 0.5348189415041783 0.03556485355648535 0.06128133704735376
1 0.26882845188284515 0.658774373259053 0.05648535564853556 0.04178272980501393
1 0.11610878661087864 0.5515320334261838 0.0397489539748954 0.04456824512534819
1 0.06485355648535564 0.48885793871866295 0.04184100418410042 0.04178272980501393
1 0.2824267782426778 0.09192200557103064 0.0794979079497908 0.18384401114206128
