1 0.637 0.3538011695906432 0.046 0.3333333333333333
1 0.629 0.7982456140350876 0.074 0.39766081871345027
1 0.47600000000000003 0.1564327485380117 0.052000000000000005 0.18421052631578946
1 0.44 0.12280701754385964 0.04 0.07017543859649122
1 0.403 0.2222222222222222 0.03 0.08771929824561403
1 0.366 0.5073099415204678 0.024 0.07894736842105263
1 0.335 0.641812865497076 0.03 0.09649122807017543
1 0.41400000000000003 0.6432748538011696 0.048 0.1286549707602339
1 0.359 0.8508771929824561 0.07 0.26900584795321636
1 0.289 0.8114035087719298 0.038 0.195906432748538
1 0.798 0.25146198830409355 0.036000000000000004 0.2046783625730994
