1 0.056363636363636366 0.8480392156862745 0.03272727272727273 0.0392156862745098
1 0.09090909090909091 0.8529411764705882 0.02181818181818182 0.029411764705882353
1 0.10727272727272727 0.9191176470588235 0.01818181818181818 0.024509803921568627
1 0.10181818181818182 0.9411764705882353 0.02181818181818182 0.029411764705882353
1 0.14545454545454545 0.9803921568627451 0.02181818181818182 0.029411764705882353
1 0.5654545454545454 0.5367647058823529 0.025454545454545455 0.044117647058823525
1 0.5927272727272728 0.5759803921568627 0.014545454545454545 0.024509803921568627
1 0.5963636363636363 0.6225490196078431 0.014545454545454545 0.0392156862745098
1 0.6090909090909091 0.7303921568627451 0.01818181818181818 0.0196078431372549
1 0.7454545454545455 0.6862745098039216 0.02909090909090909 0.029411764705882353
