1 0.5697674418604651 0.6534954407294833 0.03594080338266385 0.0425531914893617
1 0.6564482029598309 0.6838905775075987 0.03594080338266385 0.0364741641337386
1 0.846723044397463 0.7355623100303952 0.03171247357293869 0.0364741641337386
1 0.8530655391120507 0.776595744680851 0.027484143763213533 0.03343465045592705
1 0.8192389006342495 0.7674772036474165 0.023255813953488372 0.02735562310030395
1 0.3213530655391121 0.5683890577507599 0.025369978858350954 0.030395136778115502
1 0.3710359408033827 0.5927051671732523 0.04439746300211417 0.0364741641337386
1 0.25158562367864695 0.5486322188449848 0.021141649048625793 0.02127659574468085
1 0.1321353065539112 0.6109422492401215 0.1331923890063425 0.1094224924012158
1 0.2568710359408034 0.6884498480243161 0.052854122621564484 0.03343465045592705
1 0.3044397463002114 0.6960486322188449 0.03382663847780127 0.030395136778115502
1 0.33298097251585623 0.7386018237082067 0.048625792811839326 0.0364741641337386
1 0.37209302325581395 0.7598784194528876 0.025369978858350954 0.030395136778115502
1 0.3995771670190275 0.7735562310030395 0.029598308668076112 0.02735562310030395
1 0.4312896405919662 0.7826747720364742 0.016913319238900635 0.02127659574468085
1 0.49471458773784355 0.8191489361702128 0.029598308668076112 0.03951367781155015
1 0.9090909090909092 0.5592705167173252 0.17336152219873152 0.1276595744680851
1 0.7526427061310783 0.44072948328267475 0.12684989429175475 0.1337386018237082
1 0.623678646934461 0.35106382978723405 0.12684989429175475 0.13069908814589665
1 0.3308668076109937 0.1534954407294833 0.09513742071881608 0.12462006079027356
1 0.427061310782241 0.22188449848024316 0.09725158562367865 0.12158054711246201
