0 0.7666666666666667 0.135 0.03333333333333333 0.030000000000000002
0 0.7466666666666667 0.16333333333333333 0.03333333333333333 0.02
0 0.7316666666666667 0.19 0.030000000000000002 0.03333333333333333
0 0.6950000000000001 0.21166666666666667 0.030000000000000002 0.023333333333333334
0 0.675 0.24166666666666667 0.030000000000000002 0.023333333333333334
0 0.65 0.265 0.02 0.023333333333333334
0 0.6266666666666667 0.2866666666666667 0.02666666666666667 0.03333333333333333
0 0.6033333333333334 0.31833333333333336 0.02666666666666667 0.030000000000000002
0 0.5733333333333334 0.3416666666666667 0.02666666666666667 0.030000000000000002
0 0.545 0.3716666666666667 0.030000000000000002 0.030000000000000002
0 0.5183333333333333 0.395 0.023333333333333334 0.023333333333333334
0 0.49500000000000005 0.41833333333333333 0.023333333333333334 0.030000000000000002
0 0.4816666666666667 0.4416666666666667 0.030000000000000002 0.030000000000000002
0 0.45833333333333337 0.465 0.03666666666666667 0.030000000000000002
0 0.4316666666666667 0.48500000000000004 0.030000000000000002 0.030000000000000002
0 0.41000000000000003 0.505 0.02666666666666667 0.030000000000000002
0 0.385 0.5166666666666667 0.023333333333333334 0.02666666666666667
0 0.3616666666666667 0.5333333333333333 0.023333333333333334 0.02
0 0.33666666666666667 0.5533333333333333 0.02666666666666667 0.013333333333333334
0 0.375 0.5516666666666667 0.023333333333333334 0.023333333333333334
0 0.40166666666666667 0.5383333333333333 0.023333333333333334 0.030000000000000002
0 0.3216666666666667 0.5750000000000001 0.023333333333333334 0.016666666666666666
0 0.305 0.5900000000000001 0.023333333333333334 0.02666666666666667
0 0.28833333333333333 0.6066666666666667 0.030000000000000002 0.04
0 0.27166666666666667 0.6216666666666667 0.023333333333333334 0.03666666666666667
0 0.2516666666666667 0.6383333333333334 0.023333333333333334 0.043333333333333335
0 0.2316666666666667 0.66 0.030000000000000002 0.05333333333333334
0 0.20500000000000002 0.6816666666666668 0.030000000000000002 0.043333333333333335
0 0.44 0.6883333333333334 0.02666666666666667 0.023333333333333334
0 0.46166666666666667 0.6616666666666667 0.023333333333333334 0.023333333333333334
0 0.48500000000000004 0.6483333333333334 0.023333333333333334 0.016666666666666666
