1 0.2675 0.4033333333333334 0.03 0.03333333333333333
1 0.11750000000000001 0.4666666666666667 0.035 0.03333333333333333
1 0.34750000000000003 0.685 0.14 0.043333333333333335
1 0.07125000000000001 0.615 0.0575 0.06333333333333334
1 0.16875 0.5983333333333334 0.0375 0.05
1 0.19375 0.6916666666666668 0.0275 0.023333333333333334
1 0.0475 0.7666666666666667 0.03 0.03333333333333333
1 0.08875 0.7283333333333334 0.0275 0.030000000000000002
1 0.33875 0.7683333333333334 0.0475 0.030000000000000002
1 0.50875 0.52 0.0325 0.04
1 0.50125 0.5900000000000001 0.0225 0.02666666666666667
1 0.51875 0.6216666666666667 0.0225 0.023333333333333334
1 0.5525 0.63 0.025 0.02
1 0.62625 0.5083333333333334 0.0325 0.03666666666666667
1 0.44875 0.3816666666666667 0.0275 0.023333333333333334
1 0.27625 0.49500000000000005 0.0275 0.023333333333333334
1 0.3175 0.47000000000000003 0.02 0.02666666666666667
1 0.3825 0.49000000000000005 0.03 0.02666666666666667
1 0.47250000000000003 0.4266666666666667 0.02 0.02
