1 0.7210743801652892 0.23833333333333334 0.01652892561983471 0.03666666666666667
1 0.8212809917355373 0.155 0.03512396694214876 0.11
1 0.7820247933884298 0.4083333333333334 0.022727272727272728 0.05666666666666667
1 0.7334710743801653 0.49500000000000005 0.01652892561983471 0.030000000000000002
1 0.703512396694215 0.5566666666666668 0.01859504132231405 0.03333333333333333
1 0.5578512396694215 0.3766666666666667 0.008264462809917356 0.02666666666666667
1 0.5433884297520661 0.44 0.02066115702479339 0.03333333333333333
1 0.5020661157024794 0.5416666666666667 0.012396694214876033 0.030000000000000002
1 0.45867768595041325 0.4066666666666667 0.01652892561983471 0.02666666666666667
1 0.47107438016528924 0.6233333333333334 0.012396694214876033 0.04
1 0.5020661157024794 0.6316666666666667 0.012396694214876033 0.023333333333333334
1 0.5361570247933884 0.6316666666666667 0.010330578512396695 0.030000000000000002
1 0.5330578512396694 0.67 0.012396694214876033 0.03333333333333333
1 0.49173553719008267 0.6766666666666667 0.012396694214876033 0.02666666666666667
1 0.48863636363636365 0.7616666666666667 0.01859504132231405 0.023333333333333334
1 0.5123966942148761 0.8183333333333334 0.01652892561983471 0.030000000000000002
1 0.5216942148760331 0.8716666666666667 0.010330578512396695 0.030000000000000002
1 0.47107438016528924 0.8200000000000001 0.01652892561983471 0.04
1 0.4597107438016529 0.19166666666666668 0.01859504132231405 0.043333333333333335
1 0.4390495867768595 0.24666666666666667 0.010330578512396695 0.02666666666666667
1 0.4359504132231405 0.055 0.012396694214876033 0.03666666666666667
1 0.4617768595041322 0.04166666666666667 0.014462809917355372 0.030000000000000002
1 0.47314049586776863 0.058333333333333334 0.012396694214876033 0.030000000000000002
1 0.48243801652892565 0.06833333333333334 0.010330578512396695 0.016666666666666666
1 0.4927685950413223 0.12000000000000001 0.014462809917355372 0.04666666666666667
1 0.487603305785124 0.17 0.012396694214876033 0.02666666666666667
1 0.5041322314049587 0.12333333333333334 0.012396694214876033 0.02666666666666667
1 0.6776859504132231 0.23833333333333334 0.012396694214876033 0.030000000000000002
1 0.6921487603305785 0.115 0.012396694214876033 0.030000000000000002
1 0.703512396694215 0.16 0.010330578512396695 0.02
1 0.731404958677686 0.023333333333333334 0.008264462809917356 0.02
1 0.9700413223140496 0.8600000000000001 0.010330578512396695 0.03333333333333333
1 0.9008264462809917 0.5616666666666666 0.012396694214876033 0.030000000000000002
