1 0.405 0.49466666666666664 0.07 0.034666666666666665
1 0.546 0.5173333333333333 0.024 0.026666666666666665
1 0.511 0.5306666666666666 0.038 0.016
1 0.532 0.6093333333333333 0.032 0.029333333333333333
1 0.40800000000000003 0.49466666666666664 0.064 0.034666666666666665
1 0.319 0.592 0.026000000000000002 0.064
1 0.024 0.5146666666666666 0.012 0.032
1 0.021 0.6946666666666667 0.018000000000000002 0.013333333333333332
1 0.5700000000000001 0.824 0.14400000000000002 0.064
1 0.399 0.9253333333333333 0.046 0.03733333333333333
1 0.896 0.38 0.032 0.12
1 0.89 0.48133333333333334 0.02 0.034666666666666665
1 0.892 0.528 0.024 0.026666666666666665
1 0.892 0.5599999999999999 0.02 0.021333333333333333
1 0.897 0.6053333333333333 0.014 0.026666666666666665
1 0.905 0.6493333333333333 0.014 0.029333333333333333
1 0.89 0.6506666666666666 0.016 0.032
1 0.931 0.6493333333333333 0.014 0.018666666666666665
1 0.934 0.6799999999999999 0.012 0.021333333333333333
1 0.931 0.7293333333333333 0.014 0.029333333333333333
1 0.895 0.6826666666666666 0.014 0.026666666666666665
1 0.904 0.7186666666666667 0.012 0.024
1 0.861 0.688 0.042 0.042666666666666665
1 0.892 0.7213333333333333 0.012 0.018666666666666665
1 0.892 0.748 0.012 0.024
1 0.892 0.7773333333333333 0.012 0.024
1 0.89 0.8013333333333333 0.016 0.024
1 0.893 0.8533333333333333 0.018000000000000002 0.021333333333333333
1 0.88 0.852 0.012 0.018666666666666665
1 0.89 0.8786666666666666 0.012 0.024
1 0.875 0.8826666666666666 0.014 0.021333333333333333
1 0.879 0.9119999999999999 0.018000000000000002 0.026666666666666665
1 0.151 0.036 0.018000000000000002 0.024
1 0.192 0.09866666666666667 0.02 0.03733333333333333
1 0.179 0.16533333333333333 0.018000000000000002 0.021333333333333333
1 0.23600000000000002 0.25066666666666665 0.032 0.048
1 0.297 0.344 0.014 0.016
1 0.314 0.3893333333333333 0.016 0.016
1 0.327 0.412 0.014 0.018666666666666665
1 0.035 0.15866666666666665 0.022 0.034666666666666665
1 0.062 0.19866666666666666 0.016 0.024
1 0.097 0.2653333333333333 0.018000000000000002 0.034666666666666665
1 0.117 0.45599999999999996 0.018000000000000002 0.026666666666666665
1 0.091 0.756 0.046 0.024
1 0.527 0.09466666666666666 0.01 0.04533333333333333
1 0.6950000000000001 0.36666666666666664 0.014 0.018666666666666665
1 0.731 0.2826666666666667 0.014 0.021333333333333333
1 0.781 0.18133333333333332 0.014 0.021333333333333333
1 0.766 0.21733333333333332 0.012 0.013333333333333332
