1 0.123 0.09733333333333333 0.08600000000000001 0.19466666666666665
1 0.202 0.12133333333333333 0.136 0.2373333333333333
1 0.269 0.3413333333333333 0.026000000000000002 0.032
1 0.311 0.42266666666666663 0.022 0.04
1 0.318 0.504 0.12 0.20266666666666666
1 0.098 0.536 0.036000000000000004 0.08533333333333333
1 0.43 0.19866666666666666 0.048 0.38666666666666666
1 0.542 0.24933333333333332 0.028 0.050666666666666665
1 0.518 0.30533333333333335 0.028 0.072
1 0.465 0.42133333333333334 0.034 0.05333333333333333
1 0.531 0.6893333333333334 0.026000000000000002 0.029333333333333333
1 0.59 0.7879999999999999 0.02 0.04533333333333333
1 0.653 0.03333333333333333 0.022 0.024
1 0.081 0.768 0.018000000000000002 0.03733333333333333
1 0.138 0.9333333333333333 0.044 0.10666666666666666
1 0.456 0.652 0.036000000000000004 0.034666666666666665
1 0.467 0.6826666666666666 0.03 0.032
1 0.539 0.7333333333333333 0.022 0.026666666666666665
1 0.589 0.5693333333333334 0.218 0.6799999999999999
1 0.746 0.31066666666666665 0.052000000000000005 0.18933333333333333
1 0.878 0.436 0.036000000000000004 0.33866666666666667
1 0.9450000000000001 0.356 0.034 0.104
