2 0.3383838383838384 0.4254545454545455 0.04040404040404041 0.05818181818181818
2 0.29292929292929293 0.34 0.03535353535353536 0.05454545454545454
2 0.34595959595959597 0.6290909090909091 0.020202020202020204 0.03636363636363636
2 0.39141414141414144 0.6309090909090909 0.025252525252525256 0.04
2 0.47979797979797983 0.6781818181818182 0.025252525252525256 0.04
2 0.4835858585858586 0.7745454545454545 0.022727272727272728 0.04363636363636364
2 0.422979797979798 0.7436363636363637 0.03282828282828283 0.04727272727272727
2 0.34722222222222227 0.7254545454545455 0.03787878787878788 0.04
2 0.3813131313131313 0.8527272727272728 0.030303030303030304 0.05454545454545454
2 0.42929292929292934 0.9563636363636364 0.03535353535353536 0.06545454545454546
2 0.34090909090909094 0.13636363636363635 0.025252525252525256 0.06909090909090909
2 0.3295454545454546 0.5145454545454545 0.02777777777777778 0.04727272727272727
