0 0.43833333333333335 0.7066666666666667 0.07666666666666667 0.060000000000000005
0 0.5133333333333334 0.6833333333333333 0.07333333333333333 0.04666666666666667
0 0.07166666666666667 0.7416666666666667 0.06333333333333334 0.023333333333333334
0 0.14166666666666666 0.7400000000000001 0.06333333333333334 0.02
0 0.37000000000000005 0.8016666666666667 0.08 0.023333333333333334
0 0.6683333333333333 0.6116666666666667 0.030000000000000002 0.023333333333333334
0 0.6950000000000001 0.5866666666666667 0.023333333333333334 0.013333333333333334
0 0.7233333333333334 0.56 0.02 0.02
0 0.77 0.4966666666666667 0.02 0.02
0 0.7883333333333333 0.465 0.023333333333333334 0.023333333333333334
0 0.8066666666666668 0.4266666666666667 0.013333333333333334 0.02
0 0.8233333333333334 0.405 0.013333333333333334 0.016666666666666666
