2 0.07200000000000001 0.49871134020618557 0.14 0.7654639175257731
2 0.167 0.3672680412371134 0.09 0.7345360824742267
2 0.254 0.2757731958762887 0.07200000000000001 0.4020618556701031
2 0.41300000000000003 0.6559278350515464 0.126 0.5489690721649484
2 0.341 0.6018041237113402 0.074 0.4768041237113402
2 0.369 0.22164948453608246 0.042 0.32989690721649484
2 0.548 0.3530927835051546 0.064 0.29896907216494845
2 0.605 0.5025773195876289 0.074 0.3711340206185567
2 0.721 0.5682989690721649 0.17 0.8427835051546392
2 0.851 0.37628865979381443 0.054 0.18556701030927836
2 0.835 0.7873711340206185 0.058 0.3994845360824742
2 0.562 0.7603092783505154 0.056 0.3711340206185567
2 0.556 0.9342783505154639 0.176 0.11082474226804123
2 0.855 0.12886597938144329 0.078 0.25773195876288657
