2 0.7262396694214877 0.7052341597796143 0.08471074380165289 0.2369146005509642
2 0.40289256198347106 0.662534435261708 0.10330578512396695 0.15151515151515152
2 0.27892561983471076 0.5909090909090909 0.09917355371900827 0.2066115702479339
2 0.12396694214876033 0.5523415977961432 0.09090909090909091 0.2066115702479339
2 0.1828512396694215 0.3305785123966942 0.22520661157024793 0.21487603305785125
2 0.4669421487603306 0.1652892561983471 0.08677685950413223 0.20385674931129477
2 0.6725206611570248 0.10881542699724518 0.10537190082644629 0.17355371900826447
2 0.7644628099173554 0.32644628099173556 0.10330578512396695 0.1790633608815427
2 0.4834710743801653 0.4628099173553719 0.14049586776859505 0.09917355371900827
2 0.5702479338842975 0.3691460055096419 0.10330578512396695 0.14325068870523416
2 0.6487603305785125 0.48484848484848486 0.16115702479338845 0.14325068870523416
