2 0.178 0.6387096774193548 0.06 0.10967741935483871
2 0.161 0.5806451612903226 0.034 0.08387096774193549
2 0.28700000000000003 0.6306451612903226 0.082 0.04838709677419355
2 0.458 0.614516129032258 0.044 0.06129032258064516
2 0.496 0.6 0.032 0.09032258064516129
2 0.266 0.5161290322580645 0.06 0.03870967741935484
2 0.338 0.5032258064516129 0.08 0.04516129032258064
2 0.334 0.43870967741935485 0.08 0.04516129032258064
2 0.489 0.41451612903225804 0.042 0.02903225806451613
2 0.528 0.4483870967741935 0.08 0.03225806451612903
2 0.509 0.49032258064516127 0.026000000000000002 0.03870967741935484
2 0.5630000000000001 0.4854838709677419 0.066 0.02903225806451613
2 0.603 0.4935483870967742 0.054 0.025806451612903226
2 0.676 0.4612903225806452 0.084 0.03225806451612903
2 0.628 0.38870967741935486 0.02 0.06129032258064516
2 0.738 0.45483870967741935 0.076 0.04516129032258064
2 0.8320000000000001 0.39838709677419354 0.084 0.035483870967741936
2 0.6 0.5338709677419354 0.056 0.02903225806451613
2 0.7010000000000001 0.5193548387096775 0.09 0.03870967741935484
2 0.752 0.5419354838709678 0.048 0.05806451612903226
2 0.884 0.532258064516129 0.08 0.05161290322580645
2 0.93 0.5064516129032258 0.02 0.05161290322580645
2 0.607 0.5741935483870968 0.058 0.025806451612903226
2 0.668 0.5532258064516129 0.048 0.016129032258064516
