3 0.3489583333333333 0.2125748502994012 0.06458333333333333 0.08982035928143713
3 0.4145833333333333 0.04191616766467066 0.1 0.08383233532934133
3 0.5989583333333334 0.157185628742515 0.08541666666666667 0.11676646706586827
3 0.4583333333333333 0.4161676646706587 0.08333333333333333 0.15568862275449102
3 0.578125 0.37425149700598803 0.10625 0.1377245508982036
3 0.5770833333333333 0.5853293413173654 0.1 0.1287425149700599
3 0.4375 0.7245508982035929 0.0625 0.08383233532934133
3 0.7166666666666667 0.09281437125748504 0.1125 0.15568862275449102
3 0.65625 0.5059880239520959 0.04583333333333333 0.07784431137724551
3 0.6510416666666666 0.28742514970059885 0.022916666666666665 0.023952095808383235
3 0.6270833333333333 0.7754491017964072 0.1 0.11976047904191617
3 0.6229166666666667 0.6691616766467067 0.075 0.09880239520958084
3 0.5989583333333334 0.9011976047904192 0.06041666666666667 0.09580838323353294
3 0.7197916666666666 0.937125748502994 0.04791666666666666 0.07185628742514971
3 0.7635416666666667 0.8353293413173654 0.05625 0.10179640718562875
3 0.859375 0.7589820359281437 0.05625 0.08682634730538923
3 0.271875 0.7260479041916168 0.035416666666666666 0.056886227544910184
