3 0.45010845986984815 0.7153179190751445 0.049891540130151846 0.14161849710982657
3 0.4880694143167028 0.5765895953757225 0.07375271149674621 0.06647398843930635
3 0.5672451193058569 0.588150289017341 0.06290672451193059 0.12427745664739884
3 0.5314533622559653 0.815028901734104 0.07809110629067245 0.10404624277456646
3 0.5422993492407809 0.9320809248554913 0.13449023861171366 0.10115606936416184
3 0.40563991323210413 0.8583815028901733 0.08676789587852494 0.09826589595375722
3 0.4045553145336226 0.7760115606936416 0.0455531453362256 0.06647398843930635
3 0.272234273318872 0.7991329479768786 0.03253796095444685 0.0722543352601156
3 0.324295010845987 0.7456647398843931 0.04121475054229935 0.08670520231213873
3 0.37418655097613884 0.6604046242774566 0.08026030368763558 0.07803468208092486
3 0.31995661605206077 0.565028901734104 0.08459869848156182 0.07803468208092486
3 0.38611713665943603 0.5939306358381503 0.0650759219088937 0.06069364161849711
3 0.5661605206073753 0.3005780346820809 0.039045553145336226 0.12138728323699421
3 0.3579175704989154 0.4667630057803468 0.05206073752711497 0.11849710982658959
3 0.12039045553145336 0.6748554913294798 0.07592190889370933 0.13005780346820808
3 0.19739696312364427 0.764450867052023 0.04338394793926247 0.10693641618497109
3 0.18004338394793926 0.9508670520231214 0.07809110629067245 0.09248554913294797
3 0.24295010845986986 0.9436416184971098 0.06941431670281996 0.10693641618497109
3 0.5281995661605207 0.4913294797687861 0.05422993492407809 0.09248554913294797
3 0.09652928416485901 0.3988439306358381 0.05422993492407809 0.10404624277456646
3 0.09327548806941433 0.4913294797687861 0.060737527114967466 0.07514450867052022
3 0.18980477223427333 0.35549132947976875 0.10629067245119306 0.08092485549132948
3 0.28308026030368766 0.3786127167630058 0.036876355748373106 0.08670520231213873
3 0.036876355748373106 0.8092485549132947 0.07375271149674621 0.15606936416184972
