0 0.4866666666666667 0.32666666666666666 0.03333333333333333 0.02666666666666667
0 0.52 0.315 0.02666666666666667 0.023333333333333334
0 0.45333333333333337 0.335 0.02666666666666667 0.016666666666666666
0 0.32 0.4216666666666667 0.02666666666666667 0.016666666666666666
0 0.3066666666666667 0.4466666666666667 0.02666666666666667 0.02666666666666667
0 0.2833333333333333 0.4666666666666667 0.02 0.02666666666666667
0 0.265 0.48833333333333334 0.023333333333333334 0.030000000000000002
0 0.24666666666666667 0.5116666666666667 0.02666666666666667 0.023333333333333334
0 0.225 0.54 0.03666666666666667 0.02
0 0.21166666666666667 0.5733333333333334 0.05666666666666667 0.02666666666666667
0 0.2016666666666667 0.6000000000000001 0.05 0.013333333333333334
0 0.16833333333333333 0.6266666666666667 0.03666666666666667 0.05333333333333334
0 0.2066666666666667 0.625 0.03333333333333333 0.016666666666666666
0 0.4466666666666667 0.6266666666666667 0.013333333333333334 0.013333333333333334
0 0.42833333333333334 0.645 0.023333333333333334 0.023333333333333334
0 0.405 0.66 0.023333333333333334 0.02
0 0.8600000000000001 0.38333333333333336 0.013333333333333334 0.013333333333333334
