3 0.058666666666666666 0.38367729831144465 0.11733333333333333 0.22326454033771106
3 0.348 0.7711069418386491 0.17866666666666667 0.2551594746716698
3 0.4053333333333333 0.24859287054409004 0.14933333333333332 0.49343339587242024
3 0.3213333333333333 0.2776735459662289 0.07733333333333334 0.1651031894934334
3 0.43866666666666665 0.6285178236397748 0.184 0.27392120075046905
3 0.58 0.3330206378986867 0.24266666666666667 0.11819887429643527
3 0.6533333333333333 0.4455909943714822 0.18133333333333332 0.08067542213883677
3 0.476 0.9699812382739212 0.07733333333333334 0.05628517823639775
3 0.14666666666666667 0.23639774859287055 0.11733333333333333 0.2776735459662289
3 0.944 0.8236397748592871 0.08533333333333333 0.2026266416510319
3 0.16266666666666665 0.5825515947467167 0.144 0.10318949343339587
3 0.284 0.4699812382739212 0.07733333333333334 0.09943714821763602
