3 0.513 0.09105960264900662 0.062 0.18211920529801323
3 0.616 0.34933774834437087 0.052000000000000005 0.24172185430463577
3 0.96 0.06788079470198675 0.044 0.1357615894039735
3 0.291 0.43874172185430466 0.05 0.27483443708609273
3 0.372 0.7317880794701986 0.024 0.059602649006622516
3 0.13 0.9288079470198676 0.036000000000000004 0.11589403973509933
3 0.254 0.18874172185430463 0.028 0.1456953642384106
3 0.653 0.7996688741721855 0.034 0.10264900662251655
3 0.448 0.3211920529801324 0.036000000000000004 0.19205298013245034
3 0.359 0.4552980132450331 0.042 0.25496688741721857
3 0.685 0.28642384105960267 0.038 0.23509933774834438
3 0.672 0.061258278145695365 0.036000000000000004 0.11589403973509933
3 0.85 0.6754966887417219 0.044 0.17218543046357615
3 0.902 0.5711920529801324 0.032 0.06291390728476821
3 0.752 0.32781456953642385 0.04 0.152317880794702
