3 0.098 0.8189368770764119 0.048 0.15614617940199335
3 0.219 0.6544850498338871 0.074 0.3588039867109635
3 0.216 0.4219269102990033 0.036000000000000004 0.15946843853820597
3 0.445 0.8205980066445183 0.066 0.35215946843853824
3 0.357 0.6295681063122923 0.03 0.2159468438538206
3 0.545 0.770764119601329 0.03 0.19269102990033224
3 0.592 0.7292358803986712 0.036000000000000004 0.27574750830564787
3 0.622 0.5980066445182725 0.032 0.132890365448505
3 0.663 0.707641196013289 0.058 0.10631229235880399
3 0.739 0.9318936877076412 0.058 0.12956810631229237
3 0.8200000000000001 0.7275747508305648 0.036000000000000004 0.1461794019933555
3 0.84 0.8837209302325582 0.04 0.132890365448505
3 0.918 0.8388704318936877 0.044 0.31561461794019935
3 0.889 0.4285714285714286 0.034 0.19269102990033224
