3 0.9802197802197802 0.6792168674698795 0.035164835164835165 0.6355421686746988
3 0.634065934065934 0.9397590361445783 0.1912087912087912 0.11445783132530121
3 0.5175824175824176 0.9397590361445783 0.10329670329670329 0.07228915662650603
3 0.6197802197802198 0.8087349397590362 0.18021978021978022 0.12349397590361447
3 0.743956043956044 0.6551204819277109 0.12087912087912088 0.12349397590361447
3 0.04725274725274725 0.1852409638554217 0.0945054945054945 0.1897590361445783
3 0.16703296703296702 0.04668674698795181 0.04835164835164835 0.09337349397590362
3 0.22417582417582418 0.1069277108433735 0.06153846153846154 0.11746987951807229
3 0.3659340659340659 0.08433734939759037 0.054945054945054944 0.16867469879518074
3 0.3076923076923077 0.06777108433734941 0.05274725274725275 0.12349397590361447
3 0.17802197802197803 0.16867469879518074 0.12307692307692308 0.10240963855421688
3 0.256043956043956 0.30120481927710846 0.0989010989010989 0.19879518072289157
3 0.3241758241758242 0.4352409638554217 0.12087912087912088 0.16566265060240964
3 0.0989010989010989 0.39457831325301207 0.1054945054945055 0.10843373493975904
3 0.031868131868131866 0.5240963855421688 0.06373626373626373 0.21084337349397592
3 0.07362637362637363 0.7590361445783133 0.13846153846153847 0.23493975903614459
3 0.15274725274725276 0.8132530120481928 0.05934065934065934 0.18072289156626506
3 0.15824175824175823 0.5451807228915663 0.1054945054945055 0.16867469879518074
3 0.08351648351648351 0.4954819277108434 0.04395604395604395 0.08132530120481928
3 0.6714285714285714 0.5286144578313253 0.05054945054945055 0.11144578313253013
3 0.8285714285714286 0.2786144578313253 0.18461538461538463 0.38253012048192775
3 0.45494505494505494 0.569277108433735 0.1054945054945055 0.0783132530120482
3 0.5824175824175825 0.5933734939759037 0.07912087912087912 0.0963855421686747
