3 0.151 0.632 0.054 0.21333333333333332
3 0.219 0.7826666666666666 0.058 0.07733333333333334
3 0.332 0.772 0.108 0.32266666666666666
3 0.4 0.6639999999999999 0.036000000000000004 0.19733333333333333
3 0.454 0.8453333333333333 0.04 0.18133333333333332
3 0.546 0.5413333333333333 0.044 0.576
3 0.613 0.5133333333333333 0.038 0.312
3 0.6960000000000001 0.48533333333333334 0.052000000000000005 0.13333333333333333
3 0.854 0.42933333333333334 0.06 0.256
3 0.8130000000000001 0.8586666666666667 0.066 0.14933333333333332
3 0.647 0.868 0.08600000000000001 0.13599999999999998
3 0.758 0.7373333333333333 0.10400000000000001 0.09333333333333332
3 0.243 0.488 0.046 0.16
3 0.40800000000000003 0.3773333333333333 0.04 0.06133333333333333
3 0.397 0.46799999999999997 0.038 0.050666666666666665
3 0.498 0.38266666666666665 0.048 0.056
3 0.46900000000000003 0.476 0.034 0.050666666666666665
3 0.481 0.5986666666666667 0.042 0.06666666666666667
