3 0.582 0.7310810810810812 0.06 0.1972972972972973
3 0.157 0.45270270270270274 0.05 0.1972972972972973
3 0.192 0.4027027027027027 0.044 0.15135135135135136
3 0.15 0.8162162162162163 0.036000000000000004 0.12432432432432433
3 0.241 0.7891891891891892 0.05 0.0972972972972973
3 0.249 0.6756756756756757 0.07 0.07027027027027027
3 0.302 0.6905405405405406 0.068 0.16486486486486487
3 0.28 0.5567567567567568 0.056 0.1783783783783784
3 0.533 0.4608108108108108 0.046 0.15405405405405406
3 0.361 0.5081081081081081 0.038 0.10270270270270271
3 0.508 0.27972972972972976 0.064 0.0891891891891892
