3 0.242 0.8194154488517744 0.088 0.3569937369519833
3 0.38 0.8027139874739039 0.188 0.15657620041753653
3 0.585 0.7870563674321502 0.11800000000000001 0.20459290187891438
3 0.665 0.836116910229645 0.08600000000000001 0.2860125260960334
3 0.809 0.558455114822547 0.202 0.21085594989561585
3 0.862 0.6419624217118998 0.252 0.06471816283924843
3 0.341 0.4196242171189979 0.066 0.14196242171189977
3 0.029 0.5010438413361169 0.058 0.20876826722338201
3 0.648 0.43632567849686843 0.04 0.17954070981210854
3 0.547 0.4237995824634655 0.07 0.3549060542797494
