3 0.23900000000000002 0.6576704545454546 0.234 0.5142045454545454
3 0.585 0.6732954545454546 0.098 0.5795454545454546
3 0.661 0.625 0.07 0.625
3 0.441 0.4588068181818182 0.11800000000000001 0.42897727272727276
3 0.445 0.34375 0.11 0.5056818181818182
3 0.498 0.12215909090909091 0.048 0.23863636363636365
3 0.596 0.11931818181818182 0.092 0.23863636363636365
3 0.736 0.15625 0.048 0.30113636363636365
3 0.779 0.20454545454545456 0.054 0.30113636363636365
3 0.846 0.18607954545454547 0.048 0.2471590909090909
3 0.93 0.1747159090909091 0.10400000000000001 0.3380681818181818
3 0.092 0.19460227272727273 0.1 0.3380681818181818
3 0.209 0.11931818181818182 0.062 0.2272727272727273
3 0.28300000000000003 0.12926136363636365 0.054 0.20738636363636365
3 0.35000000000000003 0.2272727272727273 0.048 0.3125
