3 0.26145833333333335 0.4523076923076923 0.12291666666666666 0.8615384615384616
3 0.14270833333333333 0.4584615384615385 0.07291666666666667 0.6030769230769231
3 0.0625 0.74 0.11666666666666667 0.1753846153846154
3 0.11979166666666667 0.8892307692307693 0.11875 0.10461538461538461
3 0.203125 0.17846153846153845 0.035416666666666666 0.19076923076923077
3 0.41041666666666665 0.18615384615384614 0.0625 0.16923076923076924
3 0.4083333333333333 0.03538461538461538 0.0625 0.05846153846153846
3 0.4552083333333333 0.5861538461538461 0.08958333333333333 0.13846153846153847
3 0.38229166666666664 0.5676923076923077 0.04791666666666666 0.15692307692307692
3 0.7729166666666667 0.5938461538461538 0.16666666666666666 0.2276923076923077
3 0.8072916666666666 0.3646153846153846 0.10208333333333333 0.2246153846153846
3 0.9270833333333334 0.2907692307692308 0.14166666666666666 0.563076923076923
