0 0.03666666666666667 0.7916666666666667 0.07333333333333333 0.06333333333333334
0 0.2016666666666667 0.8083333333333333 0.07666666666666667 0.05
0 0.2916666666666667 0.64 0.14333333333333334 0.09333333333333334
0 0.4516666666666667 0.5933333333333334 0.030000000000000002 0.02666666666666667
0 0.5 0.5783333333333334 0.013333333333333334 0.016666666666666666
0 0.5616666666666666 0.5333333333333333 0.016666666666666666 0.013333333333333334
0 0.655 0.38333333333333336 0.10333333333333335 0.08
0 0.8233333333333334 0.25833333333333336 0.08666666666666667 0.09000000000000001
0 0.9416666666666668 0.13833333333333334 0.06333333333333334 0.07666666666666667
0 0.6766666666666667 0.4666666666666667 0.013333333333333334 0.013333333333333334
0 0.6216666666666667 0.49833333333333335 0.01 0.016666666666666666
