3 0.442 0.5066666666666666 0.10400000000000001 0.9813333333333333
3 0.547 0.5 0.134 0.23199999999999998
3 0.47300000000000003 0.7466666666666666 0.338 0.19733333333333333
3 0.72 0.6906666666666667 0.532 0.4373333333333333
3 0.114 0.30133333333333334 0.22 0.6026666666666667
3 0.661 0.21466666666666667 0.094 0.42933333333333334
3 0.721 0.11466666666666667 0.05 0.22933333333333333
3 0.884 0.20533333333333334 0.228 0.12266666666666666
3 0.862 0.26666666666666666 0.23600000000000002 0.3893333333333333
3 0.292 0.292 0.14400000000000002 0.18933333333333333
