0 0.7150000000000001 0.04 0.030000000000000002 0.03333333333333333
0 0.685 0.06666666666666667 0.023333333333333334 0.02666666666666667
0 0.6633333333333333 0.07500000000000001 0.02 0.030000000000000002
0 0.5866666666666667 0.13333333333333333 0.02 0.02
0 0.5516666666666667 0.16333333333333333 0.023333333333333334 0.02
0 0.4116666666666667 0.27166666666666667 0.016666666666666666 0.016666666666666666
0 0.34833333333333333 0.025 0.03666666666666667 0.030000000000000002
0 0.3166666666666667 0.04833333333333334 0.03333333333333333 0.030000000000000002
0 0.28833333333333333 0.07166666666666667 0.030000000000000002 0.030000000000000002
0 0.25833333333333336 0.09333333333333334 0.030000000000000002 0.02666666666666667
0 0.26 0.03333333333333333 0.02666666666666667 0.03333333333333333
