0 0.013333333333333334 0.8250000000000001 0.02666666666666667 0.23
0 0.055 0.775 0.043333333333333335 0.07666666666666667
0 0.10166666666666667 0.7433333333333334 0.030000000000000002 0.03333333333333333
0 0.14 0.7100000000000001 0.04 0.04
0 0.18333333333333335 0.685 0.04666666666666667 0.030000000000000002
0 0.22833333333333336 0.6616666666666667 0.03666666666666667 0.030000000000000002
0 0.27166666666666667 0.6316666666666667 0.043333333333333335 0.03666666666666667
0 0.3416666666666667 0.6116666666666667 0.09000000000000001 0.043333333333333335
0 0.39 0.5733333333333334 0.1 0.03333333333333333
0 0.4366666666666667 0.5433333333333333 0.09333333333333334 0.03333333333333333
0 0.4966666666666667 0.49833333333333335 0.03333333333333333 0.05
0 0.5466666666666667 0.4783333333333334 0.05333333333333334 0.03666666666666667
0 0.5900000000000001 0.4566666666666667 0.03333333333333333 0.04
0 0.6333333333333334 0.43333333333333335 0.03333333333333333 0.03333333333333333
0 0.67 0.4133333333333334 0.03333333333333333 0.02666666666666667
0 0.7050000000000001 0.3916666666666667 0.03666666666666667 0.030000000000000002
0 0.7416666666666667 0.3716666666666667 0.03666666666666667 0.03666666666666667
0 0.775 0.3766666666666667 0.023333333333333334 0.03333333333333333
0 0.8116666666666668 0.35500000000000004 0.03666666666666667 0.030000000000000002
0 0.8516666666666667 0.3216666666666667 0.030000000000000002 0.03666666666666667
0 0.9216666666666667 0.2816666666666667 0.03666666666666667 0.043333333333333335
0 0.9683333333333334 0.26166666666666666 0.05666666666666667 0.043333333333333335
0 0.02666666666666667 0.6933333333333334 0.02 0.02
0 0.04833333333333334 0.6766666666666667 0.023333333333333334 0.02
0 0.07166666666666667 0.6666666666666667 0.023333333333333334 0.02
0 0.09666666666666668 0.6483333333333334 0.02 0.016666666666666666
0 0.11833333333333335 0.6266666666666667 0.023333333333333334 0.013333333333333334
0 0.14333333333333334 0.61 0.02 0.02
0 0.16166666666666668 0.5883333333333334 0.016666666666666666 0.01
0 0.18500000000000003 0.5716666666666667 0.016666666666666666 0.023333333333333334
0 0.265 0.49500000000000005 0.016666666666666666 0.023333333333333334
0 0.24500000000000002 0.5133333333333334 0.016666666666666666 0.013333333333333334
0 0.2866666666666667 0.4733333333333334 0.013333333333333334 0.02
0 0.3066666666666667 0.46 0.02 0.02
0 0.3866666666666667 0.4 0.02666666666666667 0.03333333333333333
0 0.35333333333333333 0.4133333333333334 0.02666666666666667 0.013333333333333334
0 0.058333333333333334 0.9033333333333334 0.043333333333333335 0.04666666666666667
0 0.10166666666666667 0.89 0.03666666666666667 0.04
0 0.15166666666666667 0.8633333333333334 0.043333333333333335 0.04666666666666667
0 0.275 0.8033333333333333 0.043333333333333335 0.04666666666666667
0 0.32333333333333336 0.7816666666666667 0.04 0.043333333333333335
0 0.37000000000000005 0.75 0.04666666666666667 0.04
0 0.41000000000000003 0.7183333333333334 0.04 0.030000000000000002
0 0.44833333333333336 0.6816666666666668 0.023333333333333334 0.023333333333333334
0 0.5666666666666667 0.6133333333333334 0.08666666666666667 0.02666666666666667
0 0.8883333333333334 0.4716666666666667 0.023333333333333334 0.030000000000000002
0 0.7333333333333334 0.5066666666666667 0.02666666666666667 0.02666666666666667
