0 0.3466666666666667 0.5433333333333333 0.12000000000000001 0.06666666666666667
0 0.8033333333333333 0.35833333333333334 0.11333333333333334 0.030000000000000002
0 0.9233333333333333 0.33166666666666667 0.12000000000000001 0.043333333333333335
0 0.905 0.6016666666666667 0.18333333333333335 0.09666666666666668
0 0.7016666666666667 0.6683333333333333 0.20333333333333334 0.06333333333333334
0 0.4666666666666667 0.7133333333333334 0.26666666666666666 0.060000000000000005
0 0.29500000000000004 0.7633333333333334 0.14333333333333334 0.07333333333333333
0 0.18000000000000002 0.8183333333333334 0.12666666666666668 0.06333333333333334
0 0.06166666666666667 0.8883333333333334 0.12333333333333334 0.06333333333333334
0 0.15833333333333335 0.6566666666666667 0.07 0.060000000000000005
0 0.24500000000000002 0.61 0.09000000000000001 0.060000000000000005
0 0.085 0.6683333333333333 0.05666666666666667 0.03666666666666667
0 0.03166666666666667 0.7083333333333334 0.05 0.07666666666666667
0 0.45 0.5133333333333334 0.06666666666666667 0.04666666666666667
0 0.5083333333333334 0.47500000000000003 0.05 0.043333333333333335
0 0.6066666666666667 0.43333333333333335 0.060000000000000005 0.05333333333333334
0 0.6183333333333334 0.5950000000000001 0.05666666666666667 0.06333333333333334
0 0.4966666666666667 0.655 0.07333333333333333 0.03666666666666667
