0 0.023333333333333334 0.3466666666666667 0.04666666666666667 0.15333333333333335
0 0.06666666666666667 0.30833333333333335 0.03333333333333333 0.07
0 0.45833333333333337 0.3516666666666667 0.023333333333333334 0.023333333333333334
0 0.49333333333333335 0.37333333333333335 0.02 0.02
0 0.5266666666666667 0.3983333333333334 0.02666666666666667 0.016666666666666666
0 0.5650000000000001 0.4166666666666667 0.016666666666666666 0.02
0 0.5916666666666667 0.4416666666666667 0.016666666666666666 0.023333333333333334
0 0.6433333333333334 0.48000000000000004 0.02 0.02
0 0.6816666666666668 0.505 0.030000000000000002 0.030000000000000002
0 0.8 0.6116666666666667 0.03333333333333333 0.023333333333333334
0 0.3766666666666667 0.3066666666666667 0.02666666666666667 0.02666666666666667
0 0.335 0.28833333333333333 0.030000000000000002 0.023333333333333334
0 0.6333333333333334 0.6933333333333334 0.05333333333333334 0.02666666666666667
