0 0.9500000000000001 0.05666666666666667 0.08666666666666667 0.060000000000000005
0 0.9600000000000001 0.3066666666666667 0.07333333333333333 0.04666666666666667
0 0.8500000000000001 0.36500000000000005 0.1 0.05
0 0.7583333333333334 0.4166666666666667 0.08333333333333334 0.04
0 0.6783333333333333 0.48000000000000004 0.11 0.05333333333333334
0 0.5900000000000001 0.54 0.11333333333333334 0.04
0 0.5 0.5883333333333334 0.1 0.03666666666666667
0 0.38833333333333336 0.6316666666666667 0.12333333333333334 0.043333333333333335
0 0.31833333333333336 0.6900000000000001 0.07 0.03333333333333333
0 0.24833333333333335 0.7300000000000001 0.07666666666666667 0.04666666666666667
0 0.17333333333333334 0.765 0.08666666666666667 0.043333333333333335
0 0.11166666666666668 0.7966666666666667 0.05666666666666667 0.03333333333333333
0 0.04833333333333334 0.8416666666666667 0.07 0.043333333333333335
0 0.8783333333333334 0.10833333333333334 0.08333333333333334 0.043333333333333335
0 0.7983333333333333 0.13833333333333334 0.06333333333333334 0.03666666666666667
0 0.745 0.17500000000000002 0.06333333333333334 0.043333333333333335
0 0.6966666666666667 0.2016666666666667 0.04 0.03666666666666667
0 0.6366666666666667 0.24833333333333335 0.1 0.043333333333333335
0 0.5916666666666667 0.29000000000000004 0.07 0.04
0 0.5266666666666667 0.325 0.06666666666666667 0.03666666666666667
0 0.45 0.37333333333333335 0.09333333333333334 0.04666666666666667
0 0.42000000000000004 0.4166666666666667 0.10666666666666667 0.03333333333333333
0 0.36000000000000004 0.45 0.07333333333333333 0.03333333333333333
0 0.29833333333333334 0.4733333333333334 0.06333333333333334 0.04666666666666667
0 0.24833333333333335 0.5066666666666667 0.05666666666666667 0.04
0 0.21000000000000002 0.5383333333333333 0.04666666666666667 0.03666666666666667
0 0.16166666666666668 0.5666666666666667 0.05 0.04
