0 0.38 0.6033333333333334 0.08666666666666667 0.013333333333333334
0 0.45 0.5733333333333334 0.03333333333333333 0.013333333333333334
0 0.4066666666666667 0.5900000000000001 0.11333333333333334 0.02
0 0.6083333333333334 0.6316666666666667 0.05 0.023333333333333334
0 0.7100000000000001 0.54 0.04666666666666667 0.02666666666666667
0 0.6583333333333333 0.6583333333333333 0.016666666666666666 0.016666666666666666
0 0.6383333333333334 0.655 0.01 0.01
0 0.66 0.7150000000000001 0.02666666666666667 0.016666666666666666
0 0.6616666666666667 0.6933333333333334 0.03666666666666667 0.02
0 0.6966666666666667 0.755 0.04 0.023333333333333334
