0 0.5566666666666668 0.5433333333333333 0.04 0.02666666666666667
0 0.5900000000000001 0.515 0.02 0.023333333333333334
0 0.6133333333333334 0.4916666666666667 0.02 0.023333333333333334
0 0.64 0.46 0.02 0.013333333333333334
0 0.6466666666666667 0.33666666666666667 0.02666666666666667 0.02
0 0.6716666666666667 0.30333333333333334 0.016666666666666666 0.013333333333333334
0 0.6966666666666667 0.28 0.02 0.013333333333333334
0 0.7250000000000001 0.25333333333333335 0.016666666666666666 0.02
0 0.75 0.21833333333333335 0.02 0.016666666666666666
0 0.77 0.195 0.02 0.016666666666666666
0 0.7866666666666667 0.16833333333333333 0.013333333333333334 0.023333333333333334
0 0.6083333333333334 0.36500000000000005 0.016666666666666666 0.016666666666666666
0 0.5850000000000001 0.39333333333333337 0.016666666666666666 0.02
0 0.56 0.41833333333333333 0.02 0.016666666666666666
0 0.535 0.44333333333333336 0.016666666666666666 0.02
0 0.505 0.4666666666666667 0.01 0.02
0 0.4783333333333334 0.49333333333333335 0.016666666666666666 0.02
0 0.46166666666666667 0.5183333333333333 0.016666666666666666 0.023333333333333334
0 0.4466666666666667 0.5416666666666667 0.02 0.030000000000000002
0 0.41500000000000004 0.5566666666666668 0.023333333333333334 0.02
0 0.39666666666666667 0.5816666666666667 0.03333333333333333 0.023333333333333334
0 0.36833333333333335 0.6083333333333334 0.023333333333333334 0.023333333333333334
0 0.3383333333333334 0.635 0.023333333333333334 0.03666666666666667
0 0.3116666666666667 0.6716666666666667 0.023333333333333334 0.030000000000000002
0 0.28 0.7066666666666667 0.03333333333333333 0.03333333333333333
0 0.26333333333333336 0.7433333333333334 0.04666666666666667 0.04666666666666667
0 0.315 0.7383333333333334 0.023333333333333334 0.023333333333333334
