0 0.08 0.8350000000000001 0.16 0.043333333333333335
0 0.19 0.7933333333333333 0.08666666666666667 0.07333333333333333
0 0.28 0.7466666666666667 0.08 0.07333333333333333
0 0.36333333333333334 0.7000000000000001 0.07333333333333333 0.07333333333333333
0 0.44 0.6733333333333333 0.06666666666666667 0.05333333333333334
0 0.5166666666666667 0.6383333333333334 0.08 0.05
0 0.6166666666666667 0.5866666666666667 0.07333333333333333 0.05333333333333334
0 0.7050000000000001 0.5683333333333334 0.08333333333333334 0.043333333333333335
0 0.8733333333333334 0.5066666666666667 0.21333333333333335 0.05333333333333334
0 0.19 0.9600000000000001 0.13333333333333333 0.060000000000000005
0 0.305 0.905 0.12333333333333334 0.06333333333333334
0 0.4466666666666667 0.8716666666666667 0.12666666666666668 0.07
0 0.615 0.75 0.043333333333333335 0.060000000000000005
0 0.6316666666666667 0.8483333333333334 0.11 0.05666666666666667
0 0.7416666666666667 0.8150000000000001 0.06333333333333334 0.05666666666666667
0 0.8933333333333334 0.7833333333333334 0.16666666666666669 0.07333333333333333
