0 0.5950000000000001 0.45 0.030000000000000002 0.02666666666666667
0 0.43500000000000005 0.405 0.030000000000000002 0.016666666666666666
0 0.46 0.43333333333333335 0.02 0.013333333333333334
0 0.4716666666666667 0.4516666666666667 0.016666666666666666 0.01
0 0.48833333333333334 0.4716666666666667 0.016666666666666666 0.016666666666666666
0 0.5116666666666667 0.49500000000000005 0.016666666666666666 0.01
0 0.5283333333333333 0.5133333333333334 0.016666666666666666 0.013333333333333334
0 0.5483333333333333 0.5366666666666667 0.016666666666666666 0.013333333333333334
0 0.4683333333333334 0.32 0.016666666666666666 0.013333333333333334
0 0.49000000000000005 0.3433333333333334 0.013333333333333334 0.013333333333333334
0 0.51 0.3666666666666667 0.02 0.013333333333333334
0 0.5333333333333333 0.38833333333333336 0.013333333333333334 0.016666666666666666
0 0.5516666666666667 0.4116666666666667 0.016666666666666666 0.016666666666666666
0 0.5733333333333334 0.4316666666666667 0.013333333333333334 0.016666666666666666
0 0.44 0.29333333333333333 0.02 0.02
0 0.4166666666666667 0.26666666666666666 0.006666666666666667 0.006666666666666667
0 0.39666666666666667 0.2516666666666667 0.013333333333333334 0.016666666666666666
0 0.375 0.2316666666666667 0.016666666666666666 0.016666666666666666
0 0.35833333333333334 0.20333333333333334 0.01 0.006666666666666667
0 0.33666666666666667 0.195 0.013333333333333334 0.016666666666666666
0 0.32 0.18000000000000002 0.02 0.013333333333333334
