0 0.56 0.2916666666666667 0.05333333333333334 0.17
0 0.6183333333333334 0.31833333333333336 0.07 0.06333333333333334
0 0.7316666666666667 0.3766666666666667 0.030000000000000002 0.05333333333333334
0 0.7033333333333334 0.42500000000000004 0.02 0.043333333333333335
0 0.44 0.23333333333333334 0.04 0.04
0 0.5183333333333333 0.28500000000000003 0.05 0.17
0 0.23500000000000001 0.24333333333333335 0.07666666666666667 0.08
0 0.12000000000000001 0.24666666666666667 0.08 0.05333333333333334
0 0.14833333333333334 0.39 0.03666666666666667 0.07333333333333333
0 0.1716666666666667 0.5283333333333333 0.05666666666666667 0.05
