3 0.39310897435897435 0.11490384615384615 0.017628205128205128 0.05993589743589744
3 0.36923076923076925 0.1189102564102564 0.01282051282051282 0.03782051282051282
3 0.37756410256410255 0.1701923076923077 0.01858974358974359 0.05512820512820513
3 0.35833333333333334 0.05368589743589743 0.016666666666666666 0.030448717948717948
3 0.3578525641025641 0.009775641025641026 0.014423076923076924 0.01955128205128205
3 0.433974358974359 0.23157051282051283 0.022435897435897436 0.07532051282051282
3 0.34471153846153846 0.007532051282051282 0.008653846153846154 0.015064102564102564
3 0.5149038461538461 0.5969551282051282 0.02403846153846154 0.03685897435897436
3 0.5485576923076924 0.7850961538461538 0.014423076923076924 0.02403846153846154
3 0.47419871794871793 0.42932692307692305 0.017628205128205128 0.0625
3 0.48862179487179486 0.49599358974358976 0.017628205128205128 0.03685897435897436
3 0.5693910256410256 0.9471153846153846 0.017628205128205128 0.035256410256410256
