3 0.37884615384615383 0.1641025641025641 0.022435897435897436 0.04487179487179487
3 0.36185897435897435 0.03189102564102564 0.016025641025641024 0.05608974358974359
3 0.40368589743589745 0.44310897435897434 0.011217948717948718 0.030448717948717948
3 0.4171474358974359 0.4482371794871795 0.014423076923076924 0.0375
3 0.4168269230769231 0.49583333333333335 0.016987179487179486 0.022435897435897436
3 0.44727564102564105 0.5447115384615384 0.023397435897435898 0.05929487179487179
3 0.4248397435897436 0.5466346153846153 0.01826923076923077 0.027243589743589744
3 0.43205128205128207 0.5876602564102564 0.021794871794871794 0.047115384615384615
3 0.47692307692307695 0.6565705128205128 0.026282051282051282 0.07788461538461539
3 0.5033653846153846 0.842948717948718 0.020192307692307693 0.07371794871794872
3 0.5149038461538461 0.9036858974358974 0.014423076923076924 0.03365384615384615
3 0.5338141025641026 0.9873397435897436 0.020192307692307693 0.02467948717948718
