3 0.38317307692307695 0.015224358974358974 0.015064102564102564 0.027243589743589744
3 0.3719551282051282 0.06362179487179487 0.011858974358974358 0.03108974358974359
3 0.3836538461538462 0.3684294871794872 0.016025641025641024 0.05929487179487179
3 0.39631410256410254 0.4998397435897436 0.02403846153846154 0.04006410256410257
3 0.41923076923076924 0.7751602564102564 0.013461538461538462 0.040705128205128206
3 0.4048076923076923 0.7692307692307693 0.01217948717948718 0.03205128205128205
3 0.4155448717948718 0.8288461538461539 0.017628205128205128 0.026282051282051282
3 0.44166666666666665 0.8689102564102564 0.016666666666666666 0.051923076923076926
3 0.4189102564102564 0.8990384615384616 0.016025641025641024 0.08333333333333333
3 0.46971153846153846 0.9677884615384615 0.021474358974358974 0.0625
