3 0.5211515863689776 0.26703877790834313 0.028202115158636895 0.04406580493537015
3 0.5707990599294946 0.6084018801410106 0.018213866039952994 0.020564042303172738
3 0.5381903642773208 0.849882491186839 0.02115158636897767 0.07579318448883667
3 0.5337837837837838 0.18654524089306698 0.019388954171562868 0.020564042303172738
3 0.5672737955346651 0.11045828437132785 0.018213866039952994 0.022326674500587545
3 0.49412455934195065 0.022326674500587545 0.02115158636897767 0.0199764982373678
3 0.4897179788484136 0.04289071680376028 0.019388954171562868 0.01880141010575793
3 0.4800235017626322 0.12015276145710928 0.01645123384253819 0.024089306698002348
3 0.4914806110458284 0.1445358401880141 0.015863689776733254 0.02937720329024677
3 0.49735605170387776 0.1706815511163337 0.024089306698002348 0.028789659224441832
3 0.467978848413631 0.12220916568742655 0.015863689776733254 0.014101057579318448
3 0.4826674500587544 0.19917743830787307 0.018213866039952994 0.014101057579318448
3 0.47502937720329025 0.010282021151586369 0.015863689776733254 0.015863689776733254
