3 0.5153459821428571 0.6160714285714285 0.01953125 0.02901785714285714
3 0.482421875 0.84765625 0.018415178571428572 0.08035714285714285
3 0.46121651785714285 0.29045758928571425 0.02622767857142857 0.04854910714285714
3 0.47544642857142855 0.21177455357142855 0.015625 0.021763392857142856
3 0.42857142857142855 0.15373883928571427 0.020089285714285712 0.021763392857142856
3 0.43889508928571425 0.1958705357142857 0.01729910714285714 0.025669642857142856
3 0.40959821428571425 0.15318080357142858 0.013392857142857142 0.021763392857142856
3 0.4419642857142857 0.05608258928571428 0.02120535714285714 0.01953125
3 0.431640625 0.07561383928571429 0.018415178571428572 0.015066964285714284
3 0.41936383928571425 0.018694196428571428 0.02622767857142857 0.028459821428571428
