0 0.8633333333333334 0.13 0.04666666666666667 0.060000000000000005
0 0.685 0.36333333333333334 0.016666666666666666 0.02
0 0.6733333333333333 0.385 0.013333333333333334 0.016666666666666666
0 0.6483333333333334 0.39 0.0033333333333333335 0.006666666666666667
0 0.6483333333333334 0.4133333333333334 0.016666666666666666 0.013333333333333334
0 0.6283333333333334 0.4366666666666667 0.016666666666666666 0.02666666666666667
0 0.6083333333333334 0.4466666666666667 0.016666666666666666 0.013333333333333334
0 0.5900000000000001 0.46166666666666667 0.013333333333333334 0.016666666666666666
0 0.5750000000000001 0.4783333333333334 0.016666666666666666 0.016666666666666666
0 0.555 0.49833333333333335 0.016666666666666666 0.016666666666666666
0 0.5533333333333333 0.38333333333333336 0.013333333333333334 0.02
0 0.5316666666666667 0.3983333333333334 0.01 0.016666666666666666
0 0.5166666666666667 0.41833333333333333 0.006666666666666667 0.023333333333333334
0 0.5016666666666667 0.42333333333333334 0.016666666666666666 0.013333333333333334
0 0.48833333333333334 0.4416666666666667 0.016666666666666666 0.023333333333333334
0 0.4733333333333334 0.4566666666666667 0.013333333333333334 0.013333333333333334
0 0.45 0.4716666666666667 0.02 0.016666666666666666
0 0.4316666666666667 0.48500000000000004 0.01 0.01
0 0.665 0.27166666666666667 0.016666666666666666 0.01
0 0.6733333333333333 0.26 0.013333333333333334 0.02666666666666667
0 0.6866666666666668 0.24666666666666667 0.02 0.02
0 0.7066666666666667 0.23333333333333334 0.013333333333333334 0.013333333333333334
0 0.7283333333333334 0.21333333333333335 0.01 0.006666666666666667
0 0.8250000000000001 0.12833333333333335 0.016666666666666666 0.016666666666666666
0 0.7466666666666667 0.275 0.006666666666666667 0.01
0 0.7383333333333334 0.29500000000000004 0.01 0.016666666666666666
0 0.7250000000000001 0.3166666666666667 0.01 0.02
0 0.7066666666666667 0.33333333333333337 0.013333333333333334 0.013333333333333334
