3 0.6553370786516854 0.33988764044943826 0.02303370786516854 0.021348314606741574
3 0.7162921348314607 0.3356741573033708 0.016853932584269666 0.017415730337078654
3 0.577247191011236 0.35898876404494384 0.01853932584269663 0.010112359550561799
3 0.6036516853932585 0.40955056179775284 0.01853932584269663 0.019101123595505618
3 0.5396067415730338 0.452247191011236 0.017415730337078654 0.015730337078651686
3 0.5567415730337079 0.4073033707865169 0.021348314606741574 0.014606741573033709
3 0.43314606741573036 0.476685393258427 0.02359550561797753 0.026404494382022473
3 0.4042134831460675 0.5325842696629214 0.020786516853932586 0.02359550561797753
3 0.33876404494382023 0.5474719101123596 0.021348314606741574 0.01853932584269663
3 0.23370786516853934 0.578370786516854 0.017977528089887642 0.015168539325842698
3 0.2620786516853933 0.6196629213483147 0.015168539325842698 0.015730337078651686
3 0.1612359550561798 0.6210674157303371 0.019101123595505618 0.015168539325842698
