3 0.7239854318418315 0.277315296566077 0.01612903225806452 0.015608740894901146
3 0.5790842872008325 0.3938605619146723 0.012486992715920917 0.017689906347554633
3 0.49635796045785646 0.44849115504682624 0.014568158168574402 0.01352757544224766
3 0.4682622268470344 0.4968782518210198 0.014568158168574402 0.01352757544224766
3 0.44354838709677424 0.45421436004162336 0.010926118626430802 0.011446409989594173
3 0.4427679500520292 0.4664412070759626 0.009365244536940688 0.013007284079084289
3 0.42924037460978154 0.47762747138397504 0.012486992715920917 0.012486992715920917
3 0.4170135275754423 0.4849115504682623 0.00988553590010406 0.011446409989594173
3 0.38657648283038504 0.5114464099895942 0.017689906347554633 0.014568158168574402
3 0.427159209157128 0.5577523413111343 0.01664932362122789 0.015608740894901146
3 0.3795525494276795 0.5543704474505724 0.01612903225806452 0.013007284079084289
3 0.27159209157127995 0.6326742976066598 0.015608740894901146 0.018730489073881376
3 0.21409989594172738 0.6352757544224766 0.019250780437044746 0.012486992715920917
3 0.17767950052029138 0.6813215400624351 0.014047866805411032 0.011966701352757545
3 0.11628511966701353 0.7596253902185225 0.01612903225806452 0.012486992715920917
3 0.049427679500520294 0.7983870967741936 0.009365244536940688 0.010926118626430802
3 0.0894901144640999 0.7154006243496359 0.008324661810613945 0.009365244536940688
