0 0.5966666666666667 0.455 0.05333333333333334 0.030000000000000002
0 0.5383333333333333 0.51 0.06333333333333334 0.03333333333333333
0 0.52 0.5416666666666667 0.02666666666666667 0.023333333333333334
0 0.42333333333333334 0.635 0.04 0.030000000000000002
0 0.4566666666666667 0.6000000000000001 0.02 0.02666666666666667
0 0.4083333333333334 0.6616666666666667 0.043333333333333335 0.023333333333333334
0 0.36833333333333335 0.7000000000000001 0.043333333333333335 0.03333333333333333
0 0.33166666666666667 0.7283333333333334 0.030000000000000002 0.030000000000000002
0 0.3016666666666667 0.7683333333333334 0.023333333333333334 0.030000000000000002
0 0.27166666666666667 0.8016666666666667 0.023333333333333334 0.023333333333333334
0 0.24000000000000002 0.8316666666666667 0.02 0.023333333333333334
0 0.7066666666666667 0.3666666666666667 0.04 0.04666666666666667
0 0.7483333333333334 0.3416666666666667 0.030000000000000002 0.043333333333333335
