0 0.5 0.3383333333333334 0.03333333333333333 0.030000000000000002
0 0.545 0.31833333333333336 0.05 0.03666666666666667
0 0.5816666666666667 0.27666666666666667 0.030000000000000002 0.02
0 0.6183333333333334 0.25333333333333335 0.023333333333333334 0.02
0 0.6483333333333334 0.22666666666666668 0.030000000000000002 0.02
0 0.445 0.37000000000000005 0.03666666666666667 0.02666666666666667
0 0.3866666666666667 0.4 0.02666666666666667 0.02
0 0.3383333333333334 0.43833333333333335 0.023333333333333334 0.030000000000000002
0 0.29500000000000004 0.4783333333333334 0.03666666666666667 0.023333333333333334
0 0.2516666666666667 0.505 0.03666666666666667 0.03666666666666667
0 0.2016666666666667 0.5316666666666667 0.03666666666666667 0.030000000000000002
0 0.155 0.5616666666666666 0.030000000000000002 0.023333333333333334
0 0.12166666666666667 0.5850000000000001 0.043333333333333335 0.030000000000000002
0 0.07333333333333333 0.6183333333333334 0.02666666666666667 0.023333333333333334
0 0.045000000000000005 0.6433333333333334 0.05 0.03333333333333333
