0 0.39333333333333337 0.36333333333333334 0.08 0.05333333333333334
0 0.5233333333333333 0.4083333333333334 0.12000000000000001 0.08333333333333334
0 0.6466666666666667 0.42500000000000004 0.06666666666666667 0.05666666666666667
0 0.6933333333333334 0.3466666666666667 0.07333333333333333 0.05333333333333334
0 0.49833333333333335 0.48833333333333334 0.25 0.10333333333333335
0 0.6716666666666667 0.545 0.07 0.16333333333333333
0 0.7416666666666667 0.49333333333333335 0.05 0.08666666666666667
0 0.8066666666666668 0.5233333333333333 0.05333333333333334 0.06666666666666667
0 0.7216666666666667 0.6683333333333333 0.06333333333333334 0.03666666666666667
0 0.3166666666666667 0.45833333333333337 0.08666666666666667 0.030000000000000002
0 0.32666666666666666 0.525 0.11333333333333334 0.07
0 0.22 0.5883333333333334 0.13333333333333333 0.043333333333333335
0 0.3566666666666667 0.5816666666666667 0.09333333333333334 0.023333333333333334
