0 0.455 0.22666666666666668 0.09666666666666668 0.04
0 0.5700000000000001 0.27166666666666667 0.10666666666666667 0.06333333333333334
0 0.6966666666666667 0.3166666666666667 0.14666666666666667 0.07333333333333333
0 0.8066666666666668 0.35000000000000003 0.04666666666666667 0.04
0 0.27666666666666667 0.195 0.04 0.030000000000000002
0 0.3383333333333334 0.25 0.03666666666666667 0.03333333333333333
0 0.3766666666666667 0.28833333333333333 0.02666666666666667 0.023333333333333334
0 0.4166666666666667 0.335 0.03333333333333333 0.043333333333333335
0 0.4683333333333334 0.38333333333333336 0.03666666666666667 0.02
0 0.5166666666666667 0.42000000000000004 0.03333333333333333 0.03333333333333333
0 0.5516666666666667 0.4566666666666667 0.023333333333333334 0.03333333333333333
0 0.5883333333333334 0.49333333333333335 0.030000000000000002 0.04
0 0.635 0.5433333333333333 0.043333333333333335 0.03333333333333333
0 0.6933333333333334 0.5916666666666667 0.04666666666666667 0.043333333333333335
0 0.7416666666666667 0.645 0.03666666666666667 0.03666666666666667
0 0.78 0.6983333333333334 0.04 0.05666666666666667
0 0.8366666666666667 0.7483333333333334 0.03333333333333333 0.03666666666666667
0 0.8700000000000001 0.7883333333333333 0.03333333333333333 0.030000000000000002
0 0.9083333333333334 0.8233333333333334 0.016666666666666666 0.04
0 0.9400000000000001 0.8650000000000001 0.04 0.030000000000000002
0 0.26666666666666666 0.12333333333333334 0.05333333333333334 0.04
