0 0.7033333333333334 0.38 0.03333333333333333 0.02666666666666667
0 0.8133333333333334 0.3866666666666667 0.03333333333333333 0.02666666666666667
0 0.88 0.3816666666666667 0.02666666666666667 0.030000000000000002
0 0.8166666666666668 0.26 0.12000000000000001 0.02
0 0.5466666666666667 0.26666666666666666 0.2066666666666667 0.02
0 0.25 0.2783333333333334 0.14 0.016666666666666666
0 0.42500000000000004 0.37833333333333335 0.13 0.07666666666666667
0 0.5166666666666667 0.39666666666666667 0.060000000000000005 0.04666666666666667
0 0.3116666666666667 0.38333333333333336 0.09666666666666668 0.06666666666666667
0 0.21666666666666667 0.37833333333333335 0.1 0.05666666666666667
0 0.095 0.37000000000000005 0.1366666666666667 0.05333333333333334
