0 0.9516666666666668 0.31 0.07 0.08
0 0.9716666666666667 0.3866666666666667 0.05 0.06666666666666667
0 0.46166666666666667 0.3983333333333334 0.030000000000000002 0.030000000000000002
0 0.5283333333333333 0.3566666666666667 0.043333333333333335 0.02666666666666667
0 0.7166666666666667 0.265 0.03333333333333333 0.023333333333333334
0 0.305 0.515 0.043333333333333335 0.030000000000000002
0 0.26333333333333336 0.7100000000000001 0.060000000000000005 0.02666666666666667
0 0.33333333333333337 0.7000000000000001 0.04 0.03333333333333333
0 0.37333333333333335 0.6933333333333334 0.03333333333333333 0.02
0 0.4066666666666667 0.6766666666666667 0.02666666666666667 0.013333333333333334
0 0.43833333333333335 0.6616666666666667 0.023333333333333334 0.01
0 0.4683333333333334 0.6433333333333334 0.023333333333333334 0.02
0 0.5 0.62 0.02 0.02
0 0.5283333333333333 0.6033333333333334 0.030000000000000002 0.02
0 0.3416666666666667 0.48500000000000004 0.023333333333333334 0.016666666666666666
0 0.36333333333333334 0.47000000000000003 0.02666666666666667 0.006666666666666667
0 0.385 0.4516666666666667 0.023333333333333334 0.01
0 0.4033333333333334 0.4366666666666667 0.02 0.013333333333333334
0 0.42833333333333334 0.4133333333333334 0.030000000000000002 0.02
0 0.20333333333333334 0.5983333333333334 0.02666666666666667 0.023333333333333334
0 0.17666666666666667 0.6216666666666667 0.04 0.023333333333333334
0 0.6866666666666668 0.27166666666666667 0.02666666666666667 0.030000000000000002
0 0.6633333333333333 0.28500000000000003 0.03333333333333333 0.016666666666666666
0 0.6316666666666667 0.2966666666666667 0.030000000000000002 0.013333333333333334
0 0.5933333333333334 0.31 0.03333333333333333 0.02
