0 0.535 0.5116666666666667 0.030000000000000002 0.030000000000000002
0 0.5033333333333334 0.5416666666666667 0.04 0.043333333333333335
0 0.46 0.5850000000000001 0.05333333333333334 0.05666666666666667
0 0.3983333333333334 0.6333333333333334 0.07 0.05333333333333334
0 0.3516666666666667 0.685 0.05666666666666667 0.05
0 0.30000000000000004 0.7483333333333334 0.08 0.07666666666666667
0 0.22 0.8233333333333334 0.09333333333333334 0.08666666666666667
0 0.8300000000000001 0.25 0.02666666666666667 0.03333333333333333
0 0.8583333333333334 0.20833333333333334 0.030000000000000002 0.03666666666666667
0 0.8150000000000001 0.2866666666666667 0.030000000000000002 0.02666666666666667
0 0.7933333333333333 0.3216666666666667 0.04666666666666667 0.030000000000000002
0 0.7133333333333334 0.20333333333333334 0.02 0.03333333333333333
0 0.6766666666666667 0.26 0.02 0.03333333333333333
0 0.6183333333333334 0.3666666666666667 0.030000000000000002 0.02666666666666667
0 0.6383333333333334 0.3383333333333334 0.016666666666666666 0.023333333333333334
0 0.5850000000000001 0.4066666666666667 0.030000000000000002 0.02666666666666667
0 0.5583333333333333 0.48333333333333334 0.043333333333333335 0.05333333333333334
