0 0.7116666666666667 0.3716666666666667 0.05 0.05
0 0.76 0.3383333333333334 0.04666666666666667 0.05
0 0.6833333333333333 0.41500000000000004 0.02666666666666667 0.043333333333333335
0 0.63 0.4416666666666667 0.04666666666666667 0.03666666666666667
0 0.5950000000000001 0.4716666666666667 0.043333333333333335 0.03666666666666667
0 0.5633333333333334 0.505 0.04 0.030000000000000002
0 0.5266666666666667 0.5366666666666667 0.04 0.03333333333333333
0 0.49500000000000005 0.5666666666666667 0.043333333333333335 0.03333333333333333
0 0.4666666666666667 0.6016666666666667 0.02666666666666667 0.023333333333333334
0 0.44 0.6266666666666667 0.02666666666666667 0.02
0 0.4133333333333334 0.6433333333333334 0.03333333333333333 0.02666666666666667
0 0.3916666666666667 0.6733333333333333 0.030000000000000002 0.02666666666666667
0 0.3666666666666667 0.7000000000000001 0.03333333333333333 0.03333333333333333
0 0.3383333333333334 0.7300000000000001 0.023333333333333334 0.02
0 0.32333333333333336 0.7566666666666667 0.02666666666666667 0.02
0 0.29833333333333334 0.775 0.030000000000000002 0.023333333333333334
0 0.275 0.7966666666666667 0.023333333333333334 0.02666666666666667
0 0.24833333333333335 0.8233333333333334 0.030000000000000002 0.03333333333333333
0 0.51 0.3466666666666667 0.03333333333333333 0.03333333333333333
0 0.5483333333333333 0.31 0.023333333333333334 0.02666666666666667
