0 0.395 0.16166666666666668 0.05666666666666667 0.043333333333333335
0 0.455 0.18333333333333335 0.043333333333333335 0.03333333333333333
0 0.5033333333333334 0.2 0.03333333333333333 0.02666666666666667
0 0.54 0.22 0.03333333333333333 0.03333333333333333
0 0.5783333333333334 0.24833333333333335 0.03666666666666667 0.03666666666666667
0 0.7216666666666667 0.38 0.03666666666666667 0.05333333333333334
0 0.4466666666666667 0.28 0.02 0.02
0 0.4716666666666667 0.3166666666666667 0.016666666666666666 0.02
0 0.49833333333333335 0.35500000000000004 0.016666666666666666 0.023333333333333334
0 0.5133333333333334 0.38833333333333336 0.013333333333333334 0.023333333333333334
0 0.5283333333333333 0.4166666666666667 0.016666666666666666 0.02
0 0.34 0.32 0.02 0.02
0 0.36833333333333335 0.34 0.016666666666666666 0.02
0 0.27166666666666667 0.265 0.023333333333333334 0.016666666666666666
