0 0.4716666666666667 0.19333333333333336 0.06333333333333334 0.3866666666666667
0 0.4766666666666667 0.5216666666666667 0.04666666666666667 0.2566666666666667
0 0.4866666666666667 0.7033333333333334 0.02666666666666667 0.09333333333333334
0 0.4866666666666667 0.7833333333333334 0.02666666666666667 0.05333333333333334
0 0.49833333333333335 0.8333333333333334 0.030000000000000002 0.04
0 0.5 0.925 0.03333333333333333 0.14333333333333334
0 0.6583333333333333 0.03833333333333334 0.030000000000000002 0.07666666666666667
0 0.6683333333333333 0.11166666666666668 0.023333333333333334 0.05666666666666667
0 0.61 0.06666666666666667 0.02 0.12666666666666668
0 0.685 0.23500000000000001 0.03666666666666667 0.18333333333333335
0 0.7016666666666667 0.375 0.023333333333333334 0.07666666666666667
0 0.7116666666666667 0.45833333333333337 0.023333333333333334 0.07666666666666667
0 0.7216666666666667 0.54 0.016666666666666666 0.07333333333333333
0 0.7333333333333334 0.6566666666666667 0.02666666666666667 0.15333333333333335
0 0.755 0.8516666666666667 0.023333333333333334 0.21000000000000002
0 0.6283333333333334 0.21500000000000002 0.03666666666666667 0.13
0 0.6433333333333334 0.335 0.03333333333333333 0.09666666666666668
0 0.6566666666666667 0.45833333333333337 0.02666666666666667 0.1366666666666667
0 0.6533333333333333 0.5966666666666667 0.02666666666666667 0.11333333333333334
0 0.6833333333333333 0.6116666666666667 0.02 0.043333333333333335
0 0.6683333333333333 0.7250000000000001 0.03666666666666667 0.12333333333333334
0 0.6816666666666668 0.8916666666666667 0.043333333333333335 0.20333333333333334
