0 0.31 0.05666666666666667 0.04666666666666667 0.11333333333333334
0 0.3216666666666667 0.21666666666666667 0.043333333333333335 0.2
0 0.335 0.3666666666666667 0.03666666666666667 0.08666666666666667
0 0.30333333333333334 0.37333333333333335 0.02666666666666667 0.060000000000000005
0 0.33333333333333337 0.43333333333333335 0.013333333333333334 0.03333333333333333
0 0.33 0.5066666666666667 0.03333333333333333 0.09333333333333334
0 0.34500000000000003 0.6266666666666667 0.030000000000000002 0.14
0 0.3666666666666667 0.7783333333333334 0.03333333333333333 0.15000000000000002
0 0.3866666666666667 0.9216666666666667 0.02666666666666667 0.1366666666666667
0 0.32666666666666666 0.9266666666666667 0.02 0.14
0 0.31333333333333335 0.7516666666666667 0.03333333333333333 0.15666666666666668
0 0.2916666666666667 0.6000000000000001 0.023333333333333334 0.1
0 0.23333333333333334 0.05 0.02 0.09333333333333334
0 0.24000000000000002 0.17 0.02 0.13333333333333333
0 0.255 0.31333333333333335 0.023333333333333334 0.12666666666666668
0 0.26666666666666666 0.405 0.02 0.043333333333333335
0 0.275 0.4916666666666667 0.030000000000000002 0.11
0 0.49333333333333335 0.08333333333333334 0.03333333333333333 0.16
0 0.5016666666666667 0.21500000000000002 0.030000000000000002 0.08333333333333334
0 0.5083333333333334 0.2833333333333333 0.016666666666666666 0.04666666666666667
0 0.5133333333333334 0.45833333333333337 0.04666666666666667 0.27
0 0.5166666666666667 0.8033333333333333 0.04666666666666667 0.3866666666666667
