0 0.42000000000000004 0.11 0.013333333333333334 0.2066666666666667
0 0.41833333333333333 0.27166666666666667 0.030000000000000002 0.10333333333333335
0 0.4166666666666667 0.385 0.02 0.12333333333333334
0 0.4066666666666667 0.5466666666666667 0.02666666666666667 0.18666666666666668
0 0.40166666666666667 0.7266666666666667 0.023333333333333334 0.14666666666666667
0 0.39333333333333337 0.9 0.02666666666666667 0.19333333333333336
0 0.6433333333333334 0.5233333333333333 0.02 0.02
0 0.6766666666666667 0.51 0.02666666666666667 0.03333333333333333
0 0.7050000000000001 0.4916666666666667 0.023333333333333334 0.030000000000000002
0 0.6416666666666667 0.5633333333333334 0.023333333333333334 0.02
