0 0.17833333333333334 0.9033333333333334 0.06333333333333334 0.07333333333333333
0 0.21500000000000002 0.8216666666666668 0.05666666666666667 0.043333333333333335
0 0.24666666666666667 0.7766666666666667 0.060000000000000005 0.05333333333333334
0 0.26666666666666666 0.7233333333333334 0.03333333333333333 0.04
0 0.2916666666666667 0.6833333333333333 0.03666666666666667 0.04
0 0.31333333333333335 0.6433333333333334 0.03333333333333333 0.04
0 0.34 0.5950000000000001 0.02666666666666667 0.03666666666666667
0 0.38333333333333336 0.5750000000000001 0.060000000000000005 0.030000000000000002
0 0.3766666666666667 0.5333333333333333 0.02666666666666667 0.02666666666666667
0 0.4066666666666667 0.5 0.02666666666666667 0.02666666666666667
