0 0.805 0.09333333333333334 0.05666666666666667 0.05333333333333334
0 0.775 0.16666666666666669 0.06333333333333334 0.060000000000000005
0 0.7583333333333334 0.21833333333333335 0.05666666666666667 0.043333333333333335
0 0.7316666666666667 0.26166666666666666 0.05 0.05
0 0.7066666666666667 0.30333333333333334 0.04 0.03333333333333333
0 0.6783333333333333 0.3433333333333334 0.043333333333333335 0.03333333333333333
0 0.655 0.3766666666666667 0.03666666666666667 0.03333333333333333
0 0.635 0.42333333333333334 0.030000000000000002 0.04
0 0.6116666666666667 0.45833333333333337 0.030000000000000002 0.030000000000000002
0 0.5816666666666667 0.4916666666666667 0.03666666666666667 0.03666666666666667
