0 0.5 0.20333333333333334 0.03333333333333333 0.013333333333333334
0 0.5416666666666667 0.225 0.030000000000000002 0.023333333333333334
0 0.5816666666666667 0.2516666666666667 0.03666666666666667 0.030000000000000002
0 0.61 0.26166666666666666 0.02 0.016666666666666666
0 0.7233333333333334 0.3916666666666667 0.03333333333333333 0.030000000000000002
0 0.465 0.18500000000000003 0.030000000000000002 0.030000000000000002
0 0.4316666666666667 0.165 0.030000000000000002 0.043333333333333335
0 0.39666666666666667 0.14166666666666666 0.03333333333333333 0.043333333333333335
0 0.36500000000000005 0.115 0.03666666666666667 0.023333333333333334
0 0.37333333333333335 0.16 0.02 0.02
0 0.4 0.19333333333333336 0.02 0.02
0 0.35000000000000003 0.33 0.02666666666666667 0.02
