0 0.9133333333333334 0.6666666666666667 0.02666666666666667 0.02666666666666667
0 0.9416666666666668 0.7016666666666667 0.030000000000000002 0.043333333333333335
0 0.8116666666666668 0.545 0.03666666666666667 0.043333333333333335
0 0.8533333333333334 0.5800000000000001 0.013333333333333334 0.02
0 0.7200000000000001 0.42333333333333334 0.02666666666666667 0.03333333333333333
0 0.75 0.455 0.02666666666666667 0.030000000000000002
0 0.9566666666666668 0.2516666666666667 0.02666666666666667 0.030000000000000002
0 0.9116666666666667 0.2783333333333334 0.023333333333333334 0.03666666666666667
0 0.9433333333333334 0.32833333333333337 0.02666666666666667 0.05
0 0.9733333333333334 0.375 0.03333333333333333 0.05
0 0.8883333333333334 0.19 0.03666666666666667 0.04
0 0.8716666666666667 0.23833333333333334 0.03666666666666667 0.030000000000000002
