0 0.54 0.4166666666666667 0.02666666666666667 0.013333333333333334
0 0.56 0.4 0.05333333333333334 0.013333333333333334
0 0.615 0.39 0.06333333333333334 0.013333333333333334
0 0.6166666666666667 0.4083333333333334 0.04 0.016666666666666666
0 0.3416666666666667 0.335 0.023333333333333334 0.016666666666666666
0 0.32333333333333336 0.27 0.02666666666666667 0.02
0 0.33 0.29333333333333333 0.03333333333333333 0.013333333333333334
0 0.3916666666666667 0.32 0.023333333333333334 0.02
0 0.4116666666666667 0.34 0.023333333333333334 0.02
0 0.26833333333333337 0.4466666666666667 0.030000000000000002 0.02
0 0.2966666666666667 0.45833333333333337 0.02666666666666667 0.016666666666666666
0 0.6833333333333333 0.35833333333333334 0.03333333333333333 0.016666666666666666
0 0.645 0.3616666666666667 0.043333333333333335 0.016666666666666666
0 0.6000000000000001 0.36333333333333334 0.05333333333333334 0.013333333333333334
0 0.5416666666666667 0.36000000000000004 0.06333333333333334 0.013333333333333334
0 0.21833333333333335 0.20333333333333334 0.03666666666666667 0.013333333333333334
0 0.275 0.22666666666666668 0.030000000000000002 0.02
0 0.30333333333333334 0.24000000000000002 0.02666666666666667 0.02
0 0.4416666666666667 0.5233333333333333 0.043333333333333335 0.013333333333333334
0 0.5266666666666667 0.5433333333333333 0.04 0.013333333333333334
0 0.6000000000000001 0.5616666666666666 0.04 0.01
0 0.67 0.5700000000000001 0.07333333333333333 0.013333333333333334
0 0.7483333333333334 0.5800000000000001 0.05 0.02
0 0.7133333333333334 0.36500000000000005 0.02 0.01
0 0.04666666666666667 0.3766666666666667 0.02 0.02
0 0.095 0.39333333333333337 0.05 0.013333333333333334
0 0.18333333333333335 0.195 0.03333333333333333 0.016666666666666666
