0 0.68 0.555 0.03333333333333333 0.09000000000000001
0 0.6566666666666667 0.6233333333333334 0.04 0.04666666666666667
0 0.5666666666666667 0.7683333333333334 0.04 0.08333333333333334
0 0.15166666666666667 0.6216666666666667 0.030000000000000002 0.05
0 0.17833333333333334 0.7033333333333334 0.030000000000000002 0.09333333333333334
0 0.2 0.7916666666666667 0.02666666666666667 0.07
0 0.18666666666666668 0.53 0.04666666666666667 0.08666666666666667
0 0.2016666666666667 0.4116666666666667 0.05 0.13
0 0.20833333333333334 0.28500000000000003 0.030000000000000002 0.10333333333333335
0 0.7883333333333333 0.20833333333333334 0.05 0.12333333333333334
0 0.7816666666666667 0.3166666666666667 0.03666666666666667 0.08666666666666667
0 0.77 0.39 0.02666666666666667 0.04
