0 0.905 0.165 0.030000000000000002 0.05
0 0.8716666666666667 0.23333333333333334 0.03666666666666667 0.04
0 0.8200000000000001 0.30333333333333334 0.02 0.02
0 0.8466666666666667 0.28 0.013333333333333334 0.02
0 0.8 0.32833333333333337 0.02 0.016666666666666666
0 0.785 0.35000000000000003 0.016666666666666666 0.013333333333333334
0 0.77 0.36833333333333335 0.013333333333333334 0.01
0 0.7533333333333334 0.3816666666666667 0.013333333333333334 0.016666666666666666
0 0.7316666666666667 0.395 0.016666666666666666 0.016666666666666666
0 0.7166666666666667 0.41500000000000004 0.013333333333333334 0.016666666666666666
0 0.6966666666666667 0.4366666666666667 0.02 0.02
0 0.68 0.45833333333333337 0.013333333333333334 0.016666666666666666
0 0.6583333333333333 0.4733333333333334 0.016666666666666666 0.02
0 0.6483333333333334 0.49333333333333335 0.016666666666666666 0.02
0 0.625 0.5083333333333334 0.016666666666666666 0.016666666666666666
0 0.61 0.525 0.013333333333333334 0.016666666666666666
0 0.5933333333333334 0.5433333333333333 0.013333333333333334 0.02
0 0.5700000000000001 0.5583333333333333 0.013333333333333334 0.016666666666666666
0 0.5533333333333333 0.5800000000000001 0.013333333333333334 0.013333333333333334
0 0.5333333333333333 0.5966666666666667 0.02 0.02
0 0.5883333333333334 0.42500000000000004 0.016666666666666666 0.023333333333333334
