0 0.5816666666666667 0.7166666666666667 0.10333333333333335 0.08
0 0.2783333333333334 0.5933333333333334 0.043333333333333335 0.07333333333333333
0 0.2316666666666667 0.6900000000000001 0.05666666666666667 0.04
0 0.7183333333333334 0.65 0.20333333333333334 0.08
0 0.6983333333333334 0.5633333333333334 0.20333333333333334 0.08
0 0.7283333333333334 0.46 0.14333333333333334 0.1
0 0.8 0.3516666666666667 0.07333333333333333 0.12333333333333334
0 0.755 0.24166666666666667 0.13 0.11666666666666667
0 0.7416666666666667 0.08333333333333334 0.09000000000000001 0.14666666666666667
0 0.6483333333333334 0.04833333333333334 0.09666666666666668 0.05
0 0.40166666666666667 0.32666666666666666 0.05666666666666667 0.07333333333333333
