0 0.27 0.21666666666666667 0.02666666666666667 0.02
0 0.49500000000000005 0.43500000000000005 0.023333333333333334 0.030000000000000002
0 0.5233333333333333 0.4633333333333334 0.02666666666666667 0.02
0 0.545 0.4866666666666667 0.016666666666666666 0.02666666666666667
0 0.5683333333333334 0.5133333333333334 0.030000000000000002 0.02666666666666667
0 0.5966666666666667 0.54 0.02666666666666667 0.02666666666666667
0 0.6166666666666667 0.5683333333333334 0.02 0.023333333333333334
0 0.645 0.5900000000000001 0.023333333333333334 0.02
0 0.6666666666666667 0.6116666666666667 0.02 0.023333333333333334
0 0.5766666666666667 0.61 0.02 0.02
0 0.6166666666666667 0.645 0.013333333333333334 0.016666666666666666
0 0.635 0.6633333333333333 0.023333333333333334 0.02
0 0.6616666666666667 0.6883333333333334 0.023333333333333334 0.030000000000000002
0 0.4633333333333334 0.5183333333333333 0.02666666666666667 0.03666666666666667
0 0.4033333333333334 0.33666666666666667 0.02666666666666667 0.02666666666666667
0 0.8483333333333334 0.8533333333333334 0.030000000000000002 0.02666666666666667
0 0.88 0.8583333333333334 0.02 0.030000000000000002
0 0.8633333333333334 0.885 0.04666666666666667 0.023333333333333334
0 0.7933333333333333 0.8200000000000001 0.02 0.02
0 0.7633333333333334 0.8033333333333333 0.02666666666666667 0.02666666666666667
0 0.7333333333333334 0.7683333333333334 0.02666666666666667 0.023333333333333334
0 0.6983333333333334 0.7366666666666667 0.023333333333333334 0.02666666666666667
0 0.49500000000000005 0.555 0.023333333333333334 0.023333333333333334
0 0.525 0.5866666666666667 0.023333333333333334 0.02666666666666667
0 0.4733333333333334 0.4033333333333334 0.02 0.03333333333333333
0 0.37333333333333335 0.4416666666666667 0.02666666666666667 0.016666666666666666
0 0.3983333333333334 0.46 0.023333333333333334 0.02
