0 0.11 0.11 0.03333333333333333 0.04
0 0.14666666666666667 0.12833333333333335 0.02666666666666667 0.023333333333333334
0 0.17833333333333334 0.15166666666666667 0.023333333333333334 0.023333333333333334
0 0.20333333333333334 0.17666666666666667 0.02 0.02
0 0.22833333333333336 0.2016666666666667 0.023333333333333334 0.023333333333333334
0 0.2566666666666667 0.22666666666666668 0.02 0.02666666666666667
0 0.2816666666666667 0.24666666666666667 0.023333333333333334 0.02
0 0.3066666666666667 0.26666666666666666 0.02 0.02666666666666667
0 0.32666666666666666 0.2916666666666667 0.02 0.023333333333333334
0 0.3433333333333334 0.31333333333333335 0.02 0.02666666666666667
0 0.36833333333333335 0.33333333333333337 0.030000000000000002 0.02666666666666667
0 0.40166666666666667 0.34500000000000003 0.023333333333333334 0.030000000000000002
0 0.43000000000000005 0.36833333333333335 0.02 0.023333333333333334
0 0.45333333333333337 0.3983333333333334 0.02 0.023333333333333334
0 0.12833333333333335 0.16166666666666668 0.016666666666666666 0.016666666666666666
0 0.14833333333333334 0.18666666666666668 0.016666666666666666 0.02
0 0.16666666666666669 0.21166666666666667 0.013333333333333334 0.016666666666666666
0 0.24166666666666667 0.29500000000000004 0.016666666666666666 0.016666666666666666
0 0.26666666666666666 0.325 0.02 0.023333333333333334
0 0.305 0.35500000000000004 0.016666666666666666 0.023333333333333334
0 0.33 0.3866666666666667 0.02666666666666667 0.02
0 0.37000000000000005 0.4216666666666667 0.02666666666666667 0.030000000000000002
0 0.4066666666666667 0.46 0.02 0.02
0 0.48833333333333334 0.545 0.016666666666666666 0.03666666666666667
0 0.52 0.4633333333333334 0.02666666666666667 0.02666666666666667
