0 0.805 0.195 0.14333333333333334 0.05
0 0.6716666666666667 0.21000000000000002 0.11 0.05333333333333334
0 0.3816666666666667 0.81 0.18333333333333335 0.08
0 0.5283333333333333 0.785 0.11 0.05
0 0.6316666666666667 0.8 0.07666666666666667 0.04
0 0.7016666666666667 0.7883333333333333 0.06333333333333334 0.03666666666666667
0 0.76 0.7733333333333334 0.05333333333333334 0.04
0 0.8066666666666668 0.75 0.04666666666666667 0.02666666666666667
0 0.5833333333333334 0.2366666666666667 0.060000000000000005 0.03333333333333333
0 0.4066666666666667 0.3216666666666667 0.16666666666666669 0.043333333333333335
0 0.49333333333333335 0.27666666666666667 0.04 0.02666666666666667
0 0.22166666666666668 0.4116666666666667 0.09000000000000001 0.05
