0 0.29500000000000004 0.325 0.030000000000000002 0.03666666666666667
0 0.24666666666666667 0.2783333333333334 0.04 0.05
0 0.19166666666666668 0.2316666666666667 0.043333333333333335 0.043333333333333335
0 0.13833333333333334 0.18833333333333335 0.05 0.043333333333333335
0 0.385 0.38 0.030000000000000002 0.02
0 0.33166666666666667 0.36500000000000005 0.023333333333333334 0.023333333333333334
0 0.37333333333333335 0.46166666666666667 0.02666666666666667 0.016666666666666666
0 0.4 0.4816666666666667 0.02666666666666667 0.023333333333333334
0 0.42833333333333334 0.505 0.023333333333333334 0.030000000000000002
0 0.4566666666666667 0.5266666666666667 0.02666666666666667 0.02
0 0.48333333333333334 0.5433333333333333 0.02666666666666667 0.013333333333333334
0 0.52 0.5533333333333333 0.02666666666666667 0.02
0 0.5983333333333334 0.6166666666666667 0.03666666666666667 0.02666666666666667
0 0.7566666666666667 0.8283333333333334 0.03333333333333333 0.03666666666666667
