0 0.035 0.4416666666666667 0.05666666666666667 0.03666666666666667
0 0.09333333333333334 0.48833333333333334 0.04 0.030000000000000002
0 0.07166666666666667 0.53 0.043333333333333335 0.04666666666666667
0 0.11833333333333335 0.5750000000000001 0.03666666666666667 0.043333333333333335
0 0.135 0.63 0.03666666666666667 0.04666666666666667
0 0.15666666666666668 0.6933333333333334 0.04666666666666667 0.04666666666666667
0 0.19 0.7533333333333334 0.03333333333333333 0.03333333333333333
0 0.22 0.7866666666666667 0.03333333333333333 0.03333333333333333
0 0.25 0.8183333333333334 0.03333333333333333 0.03666666666666667
0 0.2866666666666667 0.8600000000000001 0.04 0.03333333333333333
0 0.325 0.9066666666666667 0.030000000000000002 0.02666666666666667
0 0.35500000000000004 0.9366666666666668 0.05 0.03333333333333333
