0 0.29500000000000004 0.21166666666666667 0.06333333333333334 0.043333333333333335
0 0.34833333333333333 0.23500000000000001 0.030000000000000002 0.023333333333333334
0 0.3766666666666667 0.2516666666666667 0.013333333333333334 0.01
0 0.405 0.28500000000000003 0.023333333333333334 0.043333333333333335
0 0.4266666666666667 0.33 0.02 0.04
0 0.4466666666666667 0.3716666666666667 0.02 0.030000000000000002
0 0.265 0.2733333333333334 0.06333333333333334 0.05333333333333334
0 0.26666666666666666 0.34500000000000003 0.05333333333333334 0.08333333333333334
0 0.2866666666666667 0.4316666666666667 0.04666666666666667 0.07666666666666667
0 0.35833333333333334 0.5883333333333334 0.023333333333333334 0.023333333333333334
0 0.3866666666666667 0.6233333333333334 0.02666666666666667 0.02666666666666667
0 0.41500000000000004 0.6566666666666667 0.030000000000000002 0.03333333333333333
0 0.445 0.6866666666666668 0.03666666666666667 0.02666666666666667
0 0.4816666666666667 0.7133333333333334 0.030000000000000002 0.03333333333333333
0 0.5066666666666667 0.7583333333333334 0.03333333333333333 0.030000000000000002
0 0.5416666666666667 0.7883333333333333 0.03666666666666667 0.030000000000000002
0 0.5750000000000001 0.8183333333333334 0.023333333333333334 0.030000000000000002
0 0.6000000000000001 0.8366666666666667 0.02 0.02
0 0.665 0.6533333333333333 0.023333333333333334 0.02666666666666667
0 0.7350000000000001 0.7566666666666667 0.030000000000000002 0.03333333333333333
0 0.77 0.795 0.02666666666666667 0.043333333333333335
0 0.8 0.8350000000000001 0.03333333333333333 0.03666666666666667
0 0.8366666666666667 0.8616666666666667 0.02666666666666667 0.030000000000000002
0 0.8683333333333334 0.8933333333333334 0.030000000000000002 0.02666666666666667
0 0.8916666666666667 0.9216666666666667 0.023333333333333334 0.030000000000000002
0 0.9283333333333333 0.9500000000000001 0.023333333333333334 0.02666666666666667
0 0.01 0.6050000000000001 0.02 0.016666666666666666
0 0.03833333333333334 0.5983333333333334 0.023333333333333334 0.016666666666666666
0 0.07 0.5933333333333334 0.03333333333333333 0.013333333333333334
0 0.11833333333333335 0.5816666666666667 0.03666666666666667 0.01
0 0.16833333333333333 0.5766666666666667 0.023333333333333334 0.013333333333333334
0 0.21000000000000002 0.5716666666666667 0.02 0.01
0 0.2516666666666667 0.5633333333333334 0.030000000000000002 0.013333333333333334
0 0.3116666666666667 0.555 0.043333333333333335 0.016666666666666666
0 0.3666666666666667 0.5483333333333333 0.04 0.016666666666666666
0 0.405 0.54 0.023333333333333334 0.013333333333333334
