0 0.6866666666666668 0.54 0.060000000000000005 0.04666666666666667
0 0.7033333333333334 0.5883333333333334 0.06666666666666667 0.03666666666666667
0 0.7200000000000001 0.6766666666666667 0.06666666666666667 0.13333333333333333
0 0.7166666666666667 0.7866666666666667 0.05333333333333334 0.07333333333333333
0 0.6633333333333333 0.78 0.04666666666666667 0.03333333333333333
0 0.5433333333333333 0.6183333333333334 0.02666666666666667 0.023333333333333334
0 0.5616666666666666 0.6433333333333334 0.01 0.013333333333333334
0 0.5766666666666667 0.6833333333333333 0.02 0.04
0 0.6133333333333334 0.7366666666666667 0.03333333333333333 0.02
0 0.6116666666666667 0.3766666666666667 0.023333333333333334 0.02
0 0.64 0.39666666666666667 0.02 0.02
0 0.5816666666666667 0.34 0.030000000000000002 0.03333333333333333
0 0.55 0.305 0.03333333333333333 0.030000000000000002
0 0.5233333333333333 0.2816666666666667 0.02 0.023333333333333334
0 0.5 0.2516666666666667 0.02666666666666667 0.023333333333333334
0 0.4716666666666667 0.22166666666666668 0.023333333333333334 0.023333333333333334
0 0.44833333333333336 0.195 0.030000000000000002 0.023333333333333334
0 0.4133333333333334 0.165 0.03333333333333333 0.023333333333333334
0 0.3816666666666667 0.14 0.023333333333333334 0.02666666666666667
0 0.3516666666666667 0.11 0.023333333333333334 0.02666666666666667
0 0.07666666666666667 0.05 0.04666666666666667 0.02666666666666667
0 0.115 0.08333333333333334 0.030000000000000002 0.02666666666666667
0 0.14500000000000002 0.11166666666666668 0.030000000000000002 0.030000000000000002
0 0.17666666666666667 0.14500000000000002 0.03333333333333333 0.043333333333333335
0 0.21166666666666667 0.18333333333333335 0.03666666666666667 0.03333333333333333
0 0.24500000000000002 0.225 0.03666666666666667 0.03666666666666667
0 0.275 0.275 0.016666666666666666 0.03666666666666667
0 0.3166666666666667 0.31833333333333336 0.03333333333333333 0.043333333333333335
0 0.5166666666666667 0.4666666666666667 0.02666666666666667 0.013333333333333334
0 0.47500000000000003 0.4716666666666667 0.043333333333333335 0.01
0 0.42333333333333334 0.48000000000000004 0.04666666666666667 0.013333333333333334
0 0.3666666666666667 0.48500000000000004 0.060000000000000005 0.01
0 0.305 0.49333333333333335 0.05666666666666667 0.006666666666666667
