0 0.3916666666666667 0.3466666666666667 0.03666666666666667 0.03333333333333333
0 0.4166666666666667 0.38333333333333336 0.03333333333333333 0.04
0 0.45333333333333337 0.41500000000000004 0.03333333333333333 0.043333333333333335
0 0.47000000000000003 0.36833333333333335 0.02 0.030000000000000002
0 0.4916666666666667 0.46 0.043333333333333335 0.04
0 0.5 0.3983333333333334 0.02 0.023333333333333334
0 0.53 0.5 0.03333333333333333 0.04
0 0.5566666666666668 0.46 0.02 0.02
0 0.5333333333333333 0.43333333333333335 0.013333333333333334 0.02
0 0.30833333333333335 0.25 0.016666666666666666 0.02
