0 0.29833333333333334 0.76 0.043333333333333335 0.04
0 0.35000000000000003 0.7166666666666667 0.04 0.05333333333333334
0 0.385 0.6716666666666667 0.030000000000000002 0.05666666666666667
0 0.41833333333333333 0.6383333333333334 0.030000000000000002 0.043333333333333335
0 0.4466666666666667 0.6116666666666667 0.02666666666666667 0.03666666666666667
0 0.4716666666666667 0.5783333333333334 0.03666666666666667 0.030000000000000002
0 0.49500000000000005 0.5416666666666667 0.030000000000000002 0.03666666666666667
0 0.515 0.5033333333333334 0.030000000000000002 0.03333333333333333
0 0.5516666666666667 0.455 0.030000000000000002 0.05
0 0.5833333333333334 0.405 0.02666666666666667 0.03666666666666667
0 0.6083333333333334 0.35833333333333334 0.023333333333333334 0.030000000000000002
0 0.6483333333333334 0.3066666666666667 0.030000000000000002 0.04666666666666667
0 0.6816666666666668 0.2566666666666667 0.023333333333333334 0.02666666666666667
0 0.7033333333333334 0.225 0.02 0.023333333333333334
0 0.7266666666666667 0.19833333333333333 0.02 0.030000000000000002
0 0.7466666666666667 0.17500000000000002 0.02 0.023333333333333334
0 0.765 0.14500000000000002 0.023333333333333334 0.016666666666666666
0 0.78 0.12333333333333334 0.013333333333333334 0.02666666666666667
0 0.8300000000000001 0.08333333333333334 0.05333333333333334 0.04
0 0.7883333333333333 0.18000000000000002 0.03666666666666667 0.04666666666666667
0 0.8366666666666667 0.135 0.02 0.03666666666666667
0 0.635 0.405 0.030000000000000002 0.023333333333333334
0 0.5800000000000001 0.5283333333333333 0.02666666666666667 0.030000000000000002
0 0.6066666666666667 0.5083333333333334 0.02666666666666667 0.030000000000000002
0 0.6283333333333334 0.4766666666666667 0.023333333333333334 0.02
0 0.65 0.44833333333333336 0.02 0.023333333333333334
0 0.5333333333333333 0.6016666666666667 0.03333333333333333 0.030000000000000002
0 0.51 0.6316666666666667 0.04 0.03666666666666667
0 0.49333333333333335 0.6683333333333333 0.04 0.03666666666666667
0 0.45833333333333337 0.6966666666666667 0.043333333333333335 0.02666666666666667
0 0.43000000000000005 0.7283333333333334 0.04666666666666667 0.030000000000000002
0 0.35833333333333334 0.8300000000000001 0.03666666666666667 0.04
0 0.3116666666666667 0.8566666666666667 0.030000000000000002 0.04
0 0.3433333333333334 0.8683333333333334 0.02666666666666667 0.023333333333333334
0 0.30333333333333334 0.92 0.05333333333333334 0.060000000000000005
0 0.41500000000000004 0.7583333333333334 0.023333333333333334 0.023333333333333334
