0 0.6833333333333333 0.085 0.04666666666666667 0.07666666666666667
0 0.6900000000000001 0.21666666666666667 0.04666666666666667 0.04
0 0.6466666666666667 0.255 0.05333333333333334 0.03666666666666667
0 0.6233333333333334 0.29333333333333333 0.04 0.03333333333333333
0 0.5833333333333334 0.33166666666666667 0.03333333333333333 0.023333333333333334
0 0.5533333333333333 0.36500000000000005 0.02666666666666667 0.023333333333333334
0 0.525 0.405 0.043333333333333335 0.030000000000000002
0 0.49333333333333335 0.44 0.02666666666666667 0.02666666666666667
0 0.48500000000000004 0.4716666666666667 0.023333333333333334 0.023333333333333334
0 0.4666666666666667 0.4966666666666667 0.03333333333333333 0.04
0 0.43833333333333335 0.5366666666666667 0.043333333333333335 0.03333333333333333
0 0.4166666666666667 0.5766666666666667 0.03333333333333333 0.04
0 0.385 0.6050000000000001 0.030000000000000002 0.03666666666666667
0 0.3566666666666667 0.6533333333333333 0.03333333333333333 0.03333333333333333
0 0.32666666666666666 0.6900000000000001 0.02 0.04
0 0.645 0.15666666666666668 0.030000000000000002 0.04
0 0.6033333333333334 0.19 0.02 0.02666666666666667
0 0.5816666666666667 0.22 0.016666666666666666 0.02666666666666667
0 0.5633333333333334 0.24833333333333335 0.02666666666666667 0.023333333333333334
0 0.5466666666666667 0.275 0.013333333333333334 0.016666666666666666
0 0.5283333333333333 0.2866666666666667 0.016666666666666666 0.02
0 0.505 0.305 0.016666666666666666 0.016666666666666666
0 0.49000000000000005 0.32833333333333337 0.013333333333333334 0.016666666666666666
0 0.4766666666666667 0.35333333333333333 0.02 0.02666666666666667
0 0.5216666666666667 0.31833333333333336 0.023333333333333334 0.023333333333333334
0 0.4566666666666667 0.38 0.02 0.02
0 0.41500000000000004 0.44 0.016666666666666666 0.02
0 0.4033333333333334 0.4633333333333334 0.02666666666666667 0.02
0 0.385 0.49000000000000005 0.023333333333333334 0.02666666666666667
0 0.36000000000000004 0.5233333333333333 0.02 0.02666666666666667
0 0.34 0.5533333333333333 0.02 0.02
0 0.315 0.5783333333333334 0.016666666666666666 0.016666666666666666
0 0.28833333333333333 0.6066666666666667 0.016666666666666666 0.02
0 0.26333333333333336 0.6383333333333334 0.03333333333333333 0.030000000000000002
0 0.23833333333333334 0.675 0.023333333333333334 0.030000000000000002
