0 0.3016666666666667 0.38833333333333336 0.09000000000000001 0.05
0 0.3983333333333334 0.39 0.09666666666666668 0.05333333333333334
0 0.49500000000000005 0.39666666666666667 0.09000000000000001 0.06666666666666667
0 0.5900000000000001 0.40166666666666667 0.09333333333333334 0.05666666666666667
0 0.5850000000000001 0.4633333333333334 0.12333333333333334 0.04666666666666667
0 0.52 0.5 0.1 0.02666666666666667
0 0.42500000000000004 0.52 0.09000000000000001 0.02666666666666667
0 0.35333333333333333 0.5483333333333333 0.08 0.016666666666666666
0 0.28833333333333333 0.5666666666666667 0.07666666666666667 0.02
0 0.19833333333333333 0.5733333333333334 0.10333333333333335 0.02
