0 0.38 0.09166666666666667 0.05333333333333334 0.05
0 0.41833333333333333 0.14833333333333334 0.05666666666666667 0.043333333333333335
0 0.4466666666666667 0.2 0.05333333333333334 0.03333333333333333
0 0.49000000000000005 0.26 0.04666666666666667 0.05333333333333334
0 0.5366666666666667 0.31833333333333336 0.04 0.05
0 0.5800000000000001 0.38833333333333336 0.03333333333333333 0.05666666666666667
0 0.6233333333333334 0.45333333333333337 0.03333333333333333 0.04666666666666667
0 0.64 0.5016666666666667 0.02 0.030000000000000002
0 0.665 0.49833333333333335 0.016666666666666666 0.023333333333333334
0 0.6666666666666667 0.5366666666666667 0.02 0.02
0 0.6933333333333334 0.5283333333333333 0.013333333333333334 0.023333333333333334
0 0.6983333333333334 0.5733333333333334 0.023333333333333334 0.03333333333333333
0 0.39666666666666667 0.4366666666666667 0.02666666666666667 0.02
0 0.42333333333333334 0.4683333333333334 0.02 0.023333333333333334
0 0.4466666666666667 0.4966666666666667 0.013333333333333334 0.02
0 0.4733333333333334 0.5283333333333333 0.02 0.030000000000000002
0 0.49500000000000005 0.5583333333333333 0.016666666666666666 0.023333333333333334
0 0.7266666666666667 0.615 0.02 0.023333333333333334
0 0.7566666666666667 0.6483333333333334 0.02 0.030000000000000002
0 0.7883333333333333 0.6883333333333334 0.030000000000000002 0.030000000000000002
0 0.8216666666666668 0.7183333333333334 0.023333333333333334 0.03666666666666667
