0 0.17666666666666667 0.29000000000000004 0.02666666666666667 0.02
0 0.20833333333333334 0.3216666666666667 0.023333333333333334 0.023333333333333334
0 0.2366666666666667 0.3466666666666667 0.02 0.02
0 0.26 0.3716666666666667 0.02666666666666667 0.016666666666666666
0 0.28 0.39666666666666667 0.02 0.02
0 0.30333333333333334 0.4316666666666667 0.02 0.03666666666666667
0 0.34 0.4766666666666667 0.02 0.05333333333333334
0 0.37333333333333335 0.5533333333333333 0.02666666666666667 0.03333333333333333
0 0.4 0.5966666666666667 0.02666666666666667 0.02666666666666667
0 0.43500000000000005 0.65 0.030000000000000002 0.04
0 0.4733333333333334 0.7066666666666667 0.03333333333333333 0.04
0 0.5066666666666667 0.7616666666666667 0.04 0.043333333333333335
0 0.5483333333333333 0.8166666666666668 0.023333333333333334 0.04666666666666667
0 0.5866666666666667 0.8650000000000001 0.03333333333333333 0.05
0 0.6183333333333334 0.9233333333333333 0.030000000000000002 0.04
0 0.6466666666666667 0.9583333333333334 0.02666666666666667 0.043333333333333335
0 0.48500000000000004 0.4266666666666667 0.023333333333333334 0.02
0 0.5083333333333334 0.45333333333333337 0.016666666666666666 0.02
0 0.5333333333333333 0.48833333333333334 0.02 0.030000000000000002
0 0.5666666666666667 0.525 0.02666666666666667 0.023333333333333334
