0 0.18666666666666668 0.22666666666666668 0.03333333333333333 0.03333333333333333
0 0.22166666666666668 0.27166666666666667 0.030000000000000002 0.043333333333333335
0 0.2566666666666667 0.31833333333333336 0.04 0.030000000000000002
0 0.28 0.3616666666666667 0.04666666666666667 0.043333333333333335
0 0.3216666666666667 0.4166666666666667 0.05666666666666667 0.060000000000000005
0 0.37833333333333335 0.4816666666666667 0.06333333333333334 0.06333333333333334
0 0.43500000000000005 0.5433333333333333 0.05 0.060000000000000005
0 0.49500000000000005 0.5950000000000001 0.043333333333333335 0.05666666666666667
0 0.5466666666666667 0.635 0.04 0.05666666666666667
0 0.5950000000000001 0.6783333333333333 0.043333333333333335 0.07666666666666667
0 0.6366666666666667 0.7350000000000001 0.02666666666666667 0.043333333333333335
0 0.6716666666666667 0.7666666666666667 0.023333333333333334 0.04
0 0.7116666666666667 0.8033333333333333 0.030000000000000002 0.02666666666666667
0 0.7416666666666667 0.8366666666666667 0.030000000000000002 0.02666666666666667
0 0.7733333333333334 0.8616666666666667 0.03333333333333333 0.030000000000000002
0 0.8083333333333333 0.8883333333333334 0.030000000000000002 0.030000000000000002
