0 0.445 0.2566666666666667 0.1366666666666667 0.060000000000000005
0 0.48000000000000004 0.4683333333333334 0.15333333333333335 0.05666666666666667
0 0.5850000000000001 0.14666666666666667 0.05 0.04
0 0.6066666666666667 0.21333333333333335 0.060000000000000005 0.07333333333333333
0 0.615 0.2783333333333334 0.06333333333333334 0.043333333333333335
0 0.66 0.33333333333333337 0.06666666666666667 0.05333333333333334
0 0.7033333333333334 0.4 0.04 0.04
0 0.75 0.445 0.03333333333333333 0.043333333333333335
0 0.775 0.505 0.05 0.05
0 0.8216666666666668 0.5616666666666666 0.043333333333333335 0.05
0 0.8716666666666667 0.6266666666666667 0.05 0.04666666666666667
0 0.8833333333333334 0.7183333333333334 0.060000000000000005 0.043333333333333335
0 0.8416666666666667 0.7616666666666667 0.11 0.023333333333333334
0 0.8600000000000001 0.81 0.08 0.04666666666666667
0 0.9066666666666667 0.8516666666666667 0.04666666666666667 0.03666666666666667
0 0.9283333333333333 0.89 0.05666666666666667 0.03333333333333333
0 0.9583333333333334 0.9283333333333333 0.05666666666666667 0.05
0 0.9500000000000001 0.9733333333333334 0.060000000000000005 0.03333333333333333
