0 0.49833333333333335 0.5216666666666667 0.15000000000000002 0.05
0 0.5316666666666667 0.7316666666666667 0.13 0.06333333333333334
0 0.035 0.04 0.07 0.060000000000000005
0 0.08833333333333333 0.115 0.07666666666666667 0.043333333333333335
0 0.125 0.16833333333333333 0.08333333333333334 0.043333333333333335
0 0.13833333333333334 0.225 0.10333333333333335 0.030000000000000002
0 0.09833333333333334 0.28 0.07 0.02666666666666667
0 0.12333333333333334 0.3566666666666667 0.06666666666666667 0.04
0 0.155 0.4066666666666667 0.05666666666666667 0.060000000000000005
0 0.19166666666666668 0.4566666666666667 0.05666666666666667 0.03333333333333333
0 0.23333333333333334 0.49833333333333335 0.03333333333333333 0.05
0 0.2516666666666667 0.5466666666666667 0.03666666666666667 0.04666666666666667
0 0.29500000000000004 0.5883333333333334 0.05666666666666667 0.030000000000000002
0 0.32333333333333336 0.6416666666666667 0.06666666666666667 0.043333333333333335
0 0.3516666666666667 0.685 0.11 0.030000000000000002
0 0.36333333333333334 0.7250000000000001 0.08 0.030000000000000002
0 0.3766666666666667 0.7766666666666667 0.06666666666666667 0.04666666666666667
0 0.38333333333333336 0.8333333333333334 0.05333333333333334 0.04666666666666667
0 0.41500000000000004 0.8816666666666667 0.03666666666666667 0.03666666666666667
