0 0.32 0.4916666666666667 0.02666666666666667 0.043333333333333335
0 0.42500000000000004 0.3166666666666667 0.03666666666666667 0.02666666666666667
0 0.4566666666666667 0.2966666666666667 0.02666666666666667 0.02666666666666667
0 0.4783333333333334 0.26666666666666666 0.023333333333333334 0.02666666666666667
0 0.505 0.2516666666666667 0.03666666666666667 0.030000000000000002
0 0.5366666666666667 0.225 0.02666666666666667 0.030000000000000002
0 0.5716666666666667 0.21000000000000002 0.023333333333333334 0.03333333333333333
0 0.5900000000000001 0.17500000000000002 0.02 0.016666666666666666
0 0.615 0.18166666666666667 0.023333333333333334 0.023333333333333334
0 0.6050000000000001 0.20500000000000002 0.023333333333333334 0.030000000000000002
0 0.6000000000000001 0.23 0.02 0.02666666666666667
0 0.6416666666666667 0.42833333333333334 0.030000000000000002 0.023333333333333334
0 0.665 0.405 0.023333333333333334 0.023333333333333334
0 0.7016666666666667 0.3433333333333334 0.016666666666666666 0.013333333333333334
0 0.7183333333333334 0.31833333333333336 0.016666666666666666 0.030000000000000002
