0 0.26333333333333336 0.3983333333333334 0.03333333333333333 0.03666666666666667
0 0.2833333333333333 0.36333333333333334 0.02666666666666667 0.02666666666666667
0 0.4033333333333334 0.2516666666666667 0.02666666666666667 0.016666666666666666
0 0.42333333333333334 0.2366666666666667 0.02 0.02
0 0.4466666666666667 0.22333333333333336 0.02666666666666667 0.013333333333333334
0 0.47000000000000003 0.20833333333333334 0.02666666666666667 0.016666666666666666
0 0.49833333333333335 0.19166666666666668 0.023333333333333334 0.016666666666666666
0 0.54 0.18500000000000003 0.02666666666666667 0.023333333333333334
0 0.5666666666666667 0.2 0.02 0.02
0 0.5900000000000001 0.195 0.013333333333333334 0.023333333333333334
0 0.5566666666666668 0.23333333333333334 0.013333333333333334 0.006666666666666667
0 0.48333333333333334 0.3766666666666667 0.02 0.02
0 0.5800000000000001 0.15166666666666667 0.04 0.030000000000000002
0 0.7066666666666667 0.25833333333333336 0.02 0.023333333333333334
0 0.6433333333333334 0.32333333333333336 0.02 0.02
0 0.625 0.3416666666666667 0.030000000000000002 0.023333333333333334
