0 0.51 0.42000000000000004 0.13333333333333333 0.11333333333333334
0 0.3566666666666667 0.30000000000000004 0.07333333333333333 0.11333333333333334
0 0.28 0.22833333333333336 0.04 0.07
0 0.24500000000000002 0.16666666666666669 0.043333333333333335 0.04666666666666667
0 0.625 0.40166666666666667 0.07666666666666667 0.06333333333333334
0 0.7516666666666667 0.3566666666666667 0.05 0.060000000000000005
0 0.6983333333333334 0.3766666666666667 0.05666666666666667 0.04
0 0.42333333333333334 0.34500000000000003 0.04666666666666667 0.043333333333333335
0 0.17333333333333334 0.04666666666666667 0.06666666666666667 0.07333333333333333
0 0.8033333333333333 0.31833333333333336 0.04666666666666667 0.06333333333333334
