0 0.3983333333333334 0.7350000000000001 0.07666666666666667 0.11
0 0.14500000000000002 0.8450000000000001 0.05666666666666667 0.05
0 0.15833333333333335 0.7733333333333334 0.05 0.04666666666666667
0 0.4 0.4133333333333334 0.15333333333333335 0.4666666666666667
0 0.38833333333333336 0.08833333333333333 0.15666666666666668 0.17
0 0.7016666666666667 0.07833333333333334 0.4633333333333334 0.15666666666666668
0 0.8750000000000001 0.3116666666666667 0.17 0.31
0 0.8916666666666667 0.6533333333333333 0.07666666666666667 0.34
0 0.8183333333333334 0.9316666666666668 0.03666666666666667 0.13
0 0.8350000000000001 0.5483333333333333 0.030000000000000002 0.016666666666666666
0 0.6950000000000001 0.42833333333333334 0.030000000000000002 0.01
0 0.7383333333333334 0.4083333333333334 0.030000000000000002 0.016666666666666666
0 0.7533333333333334 0.42500000000000004 0.02666666666666667 0.01
0 0.7233333333333334 0.43500000000000005 0.02666666666666667 0.01
0 0.7666666666666667 0.43833333333333335 0.02666666666666667 0.016666666666666666
0 0.745 0.32833333333333337 0.016666666666666666 0.01
0 0.7300000000000001 0.3416666666666667 0.02666666666666667 0.016666666666666666
0 0.6883333333333334 0.34833333333333333 0.016666666666666666 0.01
0 0.7183333333333334 0.20833333333333334 0.030000000000000002 0.01
0 0.7166666666666667 0.21666666666666667 0.04 0.013333333333333334
0 0.6900000000000001 0.23500000000000001 0.05333333333333334 0.01
0 0.7166666666666667 0.24666666666666667 0.05333333333333334 0.013333333333333334
0 0.67 0.25833333333333336 0.02666666666666667 0.01
0 0.65 0.165 0.04 0.016666666666666666
0 0.7116666666666667 0.16666666666666669 0.05666666666666667 0.013333333333333334
0 0.7366666666666667 0.18666666666666668 0.05333333333333334 0.02
0 0.5966666666666667 0.14 0.04 0.02
0 0.5933333333333334 0.085 0.04 0.016666666666666666
