0 0.5333333333333333 0.43500000000000005 0.12000000000000001 0.15000000000000002
0 0.6316666666666667 0.325 0.07 0.17666666666666667
0 0.7100000000000001 0.21333333333333335 0.08666666666666667 0.12000000000000001
0 0.77 0.10500000000000001 0.07333333333333333 0.08333333333333334
0 0.8150000000000001 0.030000000000000002 0.08333333333333334 0.060000000000000005
0 0.455 0.5466666666666667 0.13 0.09333333333333334
0 0.3983333333333334 0.6483333333333334 0.13 0.08333333333333334
0 0.325 0.745 0.11666666666666667 0.09666666666666668
0 0.26 0.8233333333333334 0.12000000000000001 0.08
0 0.19 0.9066666666666667 0.12000000000000001 0.08666666666666667
0 0.11666666666666667 0.9700000000000001 0.1 0.05333333333333334
0 0.8200000000000001 0.19666666666666668 0.013333333333333334 0.02
