0 0.5216666666666667 0.19333333333333336 0.06333333333333334 0.38
0 0.5166666666666667 0.4916666666666667 0.04 0.19
0 0.5083333333333334 0.6233333333333334 0.03666666666666667 0.04
0 0.5066666666666667 0.6933333333333334 0.02 0.09333333333333334
0 0.5033333333333334 0.7833333333333334 0.03333333333333333 0.07333333333333333
0 0.49333333333333335 0.91 0.03333333333333333 0.17333333333333334
0 0.30833333333333335 0.6166666666666667 0.023333333333333334 0.060000000000000005
0 0.36833333333333335 0.1716666666666667 0.016666666666666666 0.06333333333333334
0 0.36500000000000005 0.2366666666666667 0.016666666666666666 0.060000000000000005
0 0.35333333333333333 0.3016666666666667 0.02666666666666667 0.05666666666666667
0 0.34 0.42833333333333334 0.02666666666666667 0.18333333333333335
0 0.335 0.5566666666666668 0.01 0.05333333333333334
0 0.33 0.645 0.02 0.09666666666666668
0 0.32833333333333337 0.7416666666666667 0.030000000000000002 0.07666666666666667
0 0.315 0.895 0.043333333333333335 0.19
0 0.3433333333333334 0.03166666666666667 0.02666666666666667 0.06333333333333334
0 0.325 0.115 0.016666666666666666 0.08333333333333334
0 0.3166666666666667 0.22666666666666668 0.02 0.12666666666666668
0 0.2966666666666667 0.325 0.02666666666666667 0.05666666666666667
0 0.28833333333333333 0.405 0.023333333333333334 0.09000000000000001
0 0.275 0.5066666666666667 0.023333333333333334 0.08666666666666667
0 0.26 0.6166666666666667 0.02 0.11333333333333334
0 0.25333333333333335 0.7133333333333334 0.013333333333333334 0.06666666666666667
0 0.24000000000000002 0.8733333333333334 0.02 0.24666666666666667
