0 0.915 0.021666666666666667 0.043333333333333335 0.043333333333333335
0 0.8 0.021666666666666667 0.15333333333333335 0.043333333333333335
0 0.9066666666666667 0.07500000000000001 0.03333333333333333 0.043333333333333335
0 0.905 0.11333333333333334 0.01 0.013333333333333334
0 0.8750000000000001 0.10833333333333334 0.01 0.016666666666666666
0 0.8616666666666667 0.135 0.01 0.016666666666666666
0 0.8483333333333334 0.16666666666666669 0.023333333333333334 0.02666666666666667
0 0.89 0.13833333333333334 0.013333333333333334 0.023333333333333334
0 0.8783333333333334 0.15833333333333335 0.016666666666666666 0.023333333333333334
0 0.8433333333333334 0.20333333333333334 0.02 0.02
0 0.8316666666666667 0.2366666666666667 0.016666666666666666 0.02666666666666667
0 0.8066666666666668 0.26833333333333337 0.03333333333333333 0.03666666666666667
0 0.7866666666666667 0.30833333333333335 0.03333333333333333 0.05
0 0.765 0.35333333333333333 0.03666666666666667 0.03333333333333333
0 0.7350000000000001 0.39 0.03666666666666667 0.04
0 0.7033333333333334 0.4216666666666667 0.03333333333333333 0.03666666666666667
0 0.6683333333333333 0.455 0.03666666666666667 0.03666666666666667
0 0.6466666666666667 0.4916666666666667 0.03333333333333333 0.043333333333333335
0 0.6133333333333334 0.5650000000000001 0.04 0.09666666666666668
0 0.5833333333333334 0.6483333333333334 0.02 0.023333333333333334
0 0.56 0.6783333333333333 0.02 0.023333333333333334
0 0.5266666666666667 0.7066666666666667 0.02666666666666667 0.03333333333333333
0 0.765 0.06166666666666667 0.07666666666666667 0.03666666666666667
0 0.7416666666666667 0.10166666666666667 0.030000000000000002 0.030000000000000002
0 0.7250000000000001 0.13 0.016666666666666666 0.02
0 0.7100000000000001 0.15666666666666668 0.02 0.02
0 0.6816666666666668 0.17833333333333334 0.03666666666666667 0.030000000000000002
0 0.665 0.21000000000000002 0.030000000000000002 0.03333333333333333
0 0.645 0.25 0.030000000000000002 0.03333333333333333
0 0.615 0.28833333333333333 0.03666666666666667 0.03666666666666667
0 0.6000000000000001 0.32666666666666666 0.060000000000000005 0.03333333333333333
0 0.5883333333333334 0.38 0.07666666666666667 0.060000000000000005
0 0.5466666666666667 0.4416666666666667 0.05333333333333334 0.05
0 0.5016666666666667 0.4916666666666667 0.043333333333333335 0.03666666666666667
0 0.4783333333333334 0.5466666666666667 0.030000000000000002 0.04
0 0.455 0.5883333333333334 0.043333333333333335 0.03666666666666667
0 0.42833333333333334 0.645 0.043333333333333335 0.043333333333333335
0 0.41000000000000003 0.6716666666666667 0.013333333333333334 0.030000000000000002
0 0.3866666666666667 0.7000000000000001 0.02666666666666667 0.04
0 0.37000000000000005 0.7533333333333334 0.04 0.05333333333333334
0 0.3383333333333334 0.8116666666666668 0.043333333333333335 0.05
0 0.3216666666666667 0.8733333333333334 0.030000000000000002 0.04
0 0.2733333333333334 0.9450000000000001 0.04666666666666667 0.06333333333333334
0 0.39666666666666667 0.39 0.03333333333333333 0.02666666666666667
0 0.4566666666666667 0.31333333333333335 0.03333333333333333 0.02
0 0.3566666666666667 0.43333333333333335 0.013333333333333334 0.013333333333333334
0 0.3383333333333334 0.4566666666666667 0.016666666666666666 0.013333333333333334
