0 0.5183333333333333 0.42500000000000004 0.043333333333333335 0.03666666666666667
0 0.5633333333333334 0.465 0.03333333333333333 0.030000000000000002
0 0.5933333333333334 0.51 0.02666666666666667 0.03333333333333333
0 0.6183333333333334 0.535 0.023333333333333334 0.01
0 0.625 0.5733333333333334 0.016666666666666666 0.02
0 0.6583333333333333 0.5900000000000001 0.01 0.013333333333333334
0 0.6516666666666667 0.625 0.023333333333333334 0.016666666666666666
0 0.6866666666666668 0.6383333333333334 0.02 0.016666666666666666
0 0.6816666666666668 0.67 0.023333333333333334 0.02
0 0.7083333333333334 0.6766666666666667 0.01 0.013333333333333334
0 0.7066666666666667 0.7083333333333334 0.02 0.016666666666666666
0 0.7366666666666667 0.7050000000000001 0.013333333333333334 0.01
0 0.7566666666666667 0.7416666666666667 0.02 0.023333333333333334
0 0.7333333333333334 0.745 0.013333333333333334 0.016666666666666666
0 0.7666666666666667 0.78 0.02 0.02666666666666667
0 0.7683333333333334 0.8283333333333334 0.023333333333333334 0.023333333333333334
0 0.7966666666666667 0.8150000000000001 0.006666666666666667 0.01
0 0.7816666666666667 0.8666666666666667 0.01 0.02
0 0.81 0.8750000000000001 0.006666666666666667 0.023333333333333334
0 0.8150000000000001 0.9066666666666667 0.023333333333333334 0.03333333333333333
