0 0.47000000000000003 0.5616666666666666 0.11333333333333334 0.11666666666666667
0 0.555 0.6016666666666667 0.043333333333333335 0.10333333333333335
0 0.625 0.675 0.07666666666666667 0.09666666666666668
0 0.6983333333333334 0.745 0.05666666666666667 0.07
0 0.7383333333333334 0.8083333333333333 0.043333333333333335 0.05
0 0.37333333333333335 0.5766666666666667 0.08666666666666667 0.08666666666666667
0 0.24333333333333335 0.6133333333333334 0.04666666666666667 0.060000000000000005
0 0.30333333333333334 0.5983333333333334 0.05333333333333334 0.07
0 0.19666666666666668 0.6416666666666667 0.04 0.06333333333333334
0 0.8400000000000001 0.9133333333333334 0.013333333333333334 0.05333333333333334
