0 0.5366666666666667 0.23 0.02666666666666667 0.02666666666666667
0 0.5016666666666667 0.2566666666666667 0.03666666666666667 0.02
0 0.4666666666666667 0.28833333333333333 0.03333333333333333 0.023333333333333334
0 0.4416666666666667 0.3216666666666667 0.043333333333333335 0.023333333333333334
0 0.5850000000000001 0.18833333333333335 0.023333333333333334 0.030000000000000002
0 0.6033333333333334 0.16666666666666669 0.013333333333333334 0.02
0 0.6433333333333334 0.17500000000000002 0.02 0.030000000000000002
0 0.6183333333333334 0.20833333333333334 0.023333333333333334 0.030000000000000002
0 0.615 0.25 0.016666666666666666 0.04
0 0.6616666666666667 0.3983333333333334 0.023333333333333334 0.023333333333333334
0 0.645 0.42833333333333334 0.023333333333333334 0.016666666666666666
0 0.32666666666666666 0.4866666666666667 0.02666666666666667 0.02666666666666667
0 0.7666666666666667 0.2516666666666667 0.013333333333333334 0.016666666666666666
0 0.7416666666666667 0.28500000000000003 0.023333333333333334 0.016666666666666666
0 0.7300000000000001 0.31 0.02 0.02666666666666667
0 0.7150000000000001 0.33166666666666667 0.01 0.016666666666666666
0 0.5666666666666667 0.3383333333333334 0.013333333333333334 0.016666666666666666
0 0.5566666666666668 0.3716666666666667 0.013333333333333334 0.016666666666666666
0 0.54 0.4033333333333334 0.013333333333333334 0.02
0 0.5283333333333333 0.4416666666666667 0.016666666666666666 0.016666666666666666
0 0.5066666666666667 0.5033333333333334 0.006666666666666667 0.006666666666666667
0 0.5133333333333334 0.4816666666666667 0.013333333333333334 0.016666666666666666
0 0.49833333333333335 0.5283333333333333 0.01 0.016666666666666666
0 0.44333333333333336 0.6950000000000001 0.006666666666666667 0.01
0 0.3866666666666667 0.8616666666666667 0.02 0.016666666666666666
