0 0.6683333333333333 0.39666666666666667 0.023333333333333334 0.02
0 0.65 0.4216666666666667 0.04 0.016666666666666666
0 0.7366666666666667 0.3116666666666667 0.02 0.016666666666666666
0 0.7150000000000001 0.33166666666666667 0.030000000000000002 0.01
0 0.7816666666666667 0.24833333333333335 0.016666666666666666 0.016666666666666666
0 0.7583333333333334 0.265 0.016666666666666666 0.016666666666666666
0 0.6666666666666667 0.14166666666666666 0.013333333333333334 0.023333333333333334
0 0.6483333333333334 0.17500000000000002 0.016666666666666666 0.01
0 0.6283333333333334 0.20500000000000002 0.016666666666666666 0.016666666666666666
0 0.635 0.14 0.016666666666666666 0.013333333333333334
0 0.62 0.16333333333333333 0.02 0.02
0 0.6033333333333334 0.19 0.013333333333333334 0.013333333333333334
0 0.5916666666666667 0.22166666666666668 0.016666666666666666 0.023333333333333334
0 0.5733333333333334 0.21166666666666667 0.013333333333333334 0.03666666666666667
0 0.5933333333333334 0.17666666666666667 0.013333333333333334 0.006666666666666667
0 0.5483333333333333 0.22 0.023333333333333334 0.02
0 0.5283333333333333 0.24500000000000002 0.023333333333333334 0.023333333333333334
0 0.49500000000000005 0.265 0.016666666666666666 0.023333333333333334
0 0.4683333333333334 0.28833333333333333 0.023333333333333334 0.016666666666666666
0 0.44 0.315 0.04666666666666667 0.023333333333333334
0 0.33666666666666667 0.4816666666666667 0.02 0.030000000000000002
0 0.315 0.5033333333333334 0.016666666666666666 0.02666666666666667
0 0.5700000000000001 0.3383333333333334 0.013333333333333334 0.016666666666666666
0 0.555 0.37833333333333335 0.01 0.01
0 0.535 0.41500000000000004 0.016666666666666666 0.016666666666666666
0 0.5166666666666667 0.4633333333333334 0.013333333333333334 0.02
0 0.5033333333333334 0.5 0.006666666666666667 0.013333333333333334
0 0.6566666666666667 0.1 0.02666666666666667 0.02
0 0.7100000000000001 0.08333333333333334 0.013333333333333334 0.013333333333333334
