0 0.7333333333333334 0.5916666666666667 0.03333333333333333 0.030000000000000002
0 0.7150000000000001 0.6233333333333334 0.030000000000000002 0.02
0 0.5850000000000001 0.7283333333333334 0.030000000000000002 0.023333333333333334
0 0.55 0.755 0.04 0.016666666666666666
0 0.52 0.78 0.03333333333333333 0.02666666666666667
0 0.4866666666666667 0.805 0.02 0.016666666666666666
0 0.455 0.8133333333333334 0.030000000000000002 0.02666666666666667
0 0.43000000000000005 0.8300000000000001 0.02 0.02
0 0.4116666666666667 0.8483333333333334 0.016666666666666666 0.016666666666666666
0 0.39 0.8600000000000001 0.02666666666666667 0.02
0 0.3666666666666667 0.8766666666666667 0.02666666666666667 0.013333333333333334
0 0.35500000000000004 0.895 0.023333333333333334 0.023333333333333334
0 0.32333333333333336 0.91 0.02666666666666667 0.02
0 0.32666666666666666 0.8766666666666667 0.02 0.013333333333333334
0 0.34 0.8650000000000001 0.013333333333333334 0.01
0 0.35833333333333334 0.8483333333333334 0.016666666666666666 0.016666666666666666
0 0.375 0.8333333333333334 0.016666666666666666 0.013333333333333334
0 0.38833333333333336 0.8166666666666668 0.023333333333333334 0.02
0 0.3983333333333334 0.7933333333333333 0.016666666666666666 0.013333333333333334
0 0.4066666666666667 0.775 0.013333333333333334 0.016666666666666666
0 0.3516666666666667 0.655 0.03666666666666667 0.023333333333333334
0 0.27666666666666667 0.7283333333333334 0.03333333333333333 0.016666666666666666
