0 0.6416666666666667 0.43333333333333335 0.030000000000000002 0.02666666666666667
0 0.665 0.40166666666666667 0.023333333333333334 0.016666666666666666
0 0.7116666666666667 0.34 0.016666666666666666 0.013333333333333334
0 0.7216666666666667 0.32 0.016666666666666666 0.013333333333333334
0 0.7566666666666667 0.25833333333333336 0.013333333333333334 0.01
0 0.7833333333333334 0.23833333333333334 0.02 0.01
0 0.32333333333333336 0.48833333333333334 0.02666666666666667 0.03666666666666667
0 0.4416666666666667 0.3116666666666667 0.030000000000000002 0.016666666666666666
0 0.4666666666666667 0.29000000000000004 0.02 0.02
0 0.48500000000000004 0.27166666666666667 0.016666666666666666 0.016666666666666666
0 0.51 0.24666666666666667 0.02666666666666667 0.02
0 0.5283333333333333 0.22833333333333336 0.016666666666666666 0.016666666666666666
0 0.5483333333333333 0.21833333333333335 0.016666666666666666 0.023333333333333334
0 0.5716666666666667 0.21500000000000002 0.023333333333333334 0.030000000000000002
0 0.5850000000000001 0.18833333333333335 0.016666666666666666 0.016666666666666666
0 0.6033333333333334 0.17333333333333334 0.013333333333333334 0.02
0 0.6266666666666667 0.15333333333333335 0.02 0.013333333333333334
0 0.6533333333333333 0.165 0.013333333333333334 0.016666666666666666
0 0.6666666666666667 0.15000000000000002 0.013333333333333334 0.013333333333333334
0 0.64 0.18500000000000003 0.013333333333333334 0.01
0 0.6283333333333334 0.21166666666666667 0.016666666666666666 0.016666666666666666
0 0.615 0.2316666666666667 0.023333333333333334 0.023333333333333334
0 0.6116666666666667 0.2566666666666667 0.016666666666666666 0.013333333333333334
0 0.5716666666666667 0.325 0.016666666666666666 0.016666666666666666
0 0.5633333333333334 0.36333333333333334 0.013333333333333334 0.02
0 0.5483333333333333 0.3916666666666667 0.01 0.016666666666666666
0 0.3866666666666667 0.8583333333333334 0.013333333333333334 0.016666666666666666
