0 0.38 0.016666666666666666 0.08 0.03333333333333333
0 0.305 0.02666666666666667 0.05666666666666667 0.04666666666666667
0 0.3416666666666667 0.06166666666666667 0.023333333333333334 0.030000000000000002
0 0.35833333333333334 0.10500000000000001 0.030000000000000002 0.030000000000000002
0 0.18500000000000003 0.03166666666666667 0.016666666666666666 0.06333333333333334
0 0.7033333333333334 0.6466666666666667 0.02 0.05333333333333334
0 0.6816666666666668 0.5900000000000001 0.016666666666666666 0.03333333333333333
0 0.66 0.55 0.013333333333333334 0.02
0 0.6483333333333334 0.5216666666666667 0.01 0.016666666666666666
0 0.6183333333333334 0.4816666666666667 0.01 0.016666666666666666
0 0.6333333333333334 0.4966666666666667 0.006666666666666667 0.013333333333333334
0 0.6066666666666667 0.46166666666666667 0.013333333333333334 0.016666666666666666
0 0.5916666666666667 0.4366666666666667 0.01 0.02
0 0.5750000000000001 0.4133333333333334 0.01 0.02
0 0.5566666666666668 0.385 0.013333333333333334 0.016666666666666666
0 0.5383333333333333 0.36000000000000004 0.016666666666666666 0.013333333333333334
0 0.5216666666666667 0.33 0.016666666666666666 0.013333333333333334
0 0.5066666666666667 0.31 0.013333333333333334 0.02
0 0.48833333333333334 0.28 0.016666666666666666 0.02
0 0.4716666666666667 0.255 0.01 0.023333333333333334
0 0.4566666666666667 0.2316666666666667 0.013333333333333334 0.023333333333333334
0 0.43833333333333335 0.20333333333333334 0.01 0.02
0 0.41833333333333333 0.18000000000000002 0.016666666666666666 0.013333333333333334
0 0.24000000000000002 0.2366666666666667 0.02 0.02666666666666667
0 0.26 0.2783333333333334 0.02 0.03666666666666667
0 0.2783333333333334 0.31833333333333336 0.016666666666666666 0.030000000000000002
0 0.2966666666666667 0.35500000000000004 0.02 0.030000000000000002
0 0.31 0.39 0.02 0.02666666666666667
0 0.33333333333333337 0.42833333333333334 0.02 0.03666666666666667
0 0.35833333333333334 0.4683333333333334 0.016666666666666666 0.030000000000000002
0 0.3816666666666667 0.5083333333333334 0.023333333333333334 0.030000000000000002
0 0.4066666666666667 0.5433333333333333 0.02666666666666667 0.04
0 0.44 0.5800000000000001 0.02666666666666667 0.02
0 0.4666666666666667 0.6116666666666667 0.02 0.030000000000000002
0 0.49833333333333335 0.6583333333333333 0.023333333333333334 0.03666666666666667
0 0.525 0.6966666666666667 0.016666666666666666 0.02
0 0.6033333333333334 0.7883333333333333 0.03333333333333333 0.023333333333333334
0 0.6283333333333334 0.8216666666666668 0.030000000000000002 0.030000000000000002
0 0.6966666666666667 0.915 0.02 0.016666666666666666
0 0.7200000000000001 0.9400000000000001 0.02 0.02666666666666667
0 0.7433333333333334 0.9733333333333334 0.02 0.04
