0 0.4566666666666667 0.35000000000000003 0.060000000000000005 0.060000000000000005
0 0.4133333333333334 0.405 0.05333333333333334 0.05
0 0.385 0.455 0.05 0.043333333333333335
0 0.35000000000000003 0.4966666666666667 0.04 0.03333333333333333
0 0.325 0.54 0.043333333333333335 0.04
0 0.2916666666666667 0.5800000000000001 0.05 0.04
0 0.27 0.6266666666666667 0.04666666666666667 0.04666666666666667
0 0.23833333333333334 0.68 0.05666666666666667 0.05333333333333334
0 0.18666666666666668 0.7116666666666667 0.03333333333333333 0.030000000000000002
0 0.17500000000000002 0.7483333333333334 0.05 0.03666666666666667
0 0.14833333333333334 0.7966666666666667 0.043333333333333335 0.04
0 0.12333333333333334 0.8350000000000001 0.03333333333333333 0.030000000000000002
0 0.10666666666666667 0.8766666666666667 0.03333333333333333 0.03333333333333333
0 0.09666666666666668 0.9166666666666667 0.04666666666666667 0.04666666666666667
0 0.05166666666666667 0.9666666666666667 0.07 0.05333333333333334
0 0.48833333333333334 0.29500000000000004 0.05 0.05666666666666667
0 0.515 0.25 0.043333333333333335 0.03333333333333333
0 0.5416666666666667 0.21500000000000002 0.043333333333333335 0.03666666666666667
0 0.5733333333333334 0.17500000000000002 0.03333333333333333 0.030000000000000002
0 0.5950000000000001 0.14666666666666667 0.023333333333333334 0.02666666666666667
0 0.615 0.125 0.030000000000000002 0.023333333333333334
0 0.6416666666666667 0.09166666666666667 0.043333333333333335 0.030000000000000002
0 0.675 0.058333333333333334 0.03666666666666667 0.03666666666666667
0 0.7150000000000001 0.025 0.03666666666666667 0.030000000000000002
0 0.8816666666666667 0.018333333333333333 0.06333333333333334 0.030000000000000002
0 0.8516666666666667 0.060000000000000005 0.05 0.03333333333333333
0 0.8266666666666668 0.09833333333333334 0.04 0.03666666666666667
0 0.7933333333333333 0.14 0.04 0.03333333333333333
0 0.7766666666666667 0.1716666666666667 0.060000000000000005 0.043333333333333335
0 0.7433333333333334 0.22 0.05333333333333334 0.04
0 0.7283333333333334 0.27166666666666667 0.03666666666666667 0.03666666666666667
0 0.7066666666666667 0.30833333333333335 0.02666666666666667 0.030000000000000002
0 0.685 0.3433333333333334 0.023333333333333334 0.02
0 0.6566666666666667 0.37833333333333335 0.03333333333333333 0.03666666666666667
0 0.6366666666666667 0.41833333333333333 0.04666666666666667 0.03666666666666667
0 0.6133333333333334 0.46 0.03333333333333333 0.03333333333333333
0 0.5966666666666667 0.49833333333333335 0.03333333333333333 0.030000000000000002
0 0.5783333333333334 0.5333333333333333 0.043333333333333335 0.03333333333333333
0 0.5633333333333334 0.5733333333333334 0.04666666666666667 0.03333333333333333
0 0.5333333333333333 0.615 0.04666666666666667 0.043333333333333335
0 0.5083333333333334 0.6616666666666667 0.030000000000000002 0.030000000000000002
0 0.48833333333333334 0.7000000000000001 0.03666666666666667 0.02666666666666667
0 0.465 0.7316666666666667 0.03666666666666667 0.023333333333333334
0 0.4416666666666667 0.7533333333333334 0.03666666666666667 0.03333333333333333
0 0.4116666666666667 0.7883333333333333 0.05666666666666667 0.03666666666666667
0 0.3766666666666667 0.8300000000000001 0.060000000000000005 0.04
0 0.3616666666666667 0.8766666666666667 0.05 0.03333333333333333
0 0.35500000000000004 0.91 0.030000000000000002 0.02666666666666667
0 0.31 0.9616666666666668 0.04 0.03666666666666667
