0 0.5966666666666667 0.37833333333333335 0.02 0.07
0 0.5933333333333334 0.43333333333333335 0.013333333333333334 0.03333333333333333
0 0.5700000000000001 0.44833333333333336 0.013333333333333334 0.030000000000000002
0 0.6583333333333333 0.6316666666666667 0.016666666666666666 0.01
0 0.6583333333333333 0.6533333333333333 0.023333333333333334 0.013333333333333334
0 0.7016666666666667 0.665 0.023333333333333334 0.03666666666666667
0 0.7233333333333334 0.6683333333333333 0.02 0.023333333333333334
0 0.6516666666666667 0.5683333333333334 0.01 0.030000000000000002
0 0.75 0.6766666666666667 0.013333333333333334 0.02
0 0.7616666666666667 0.7133333333333334 0.023333333333333334 0.02
0 0.7833333333333334 0.7633333333333334 0.013333333333333334 0.02
0 0.6333333333333334 0.32333333333333336 0.013333333333333334 0.02
0 0.6316666666666667 0.41000000000000003 0.016666666666666666 0.13333333333333333
