0 0.26666666666666666 0.305 0.02666666666666667 0.030000000000000002
0 0.22 0.2816666666666667 0.02 0.023333333333333334
0 0.27666666666666667 0.3416666666666667 0.03333333333333333 0.030000000000000002
0 0.5783333333333334 0.43000000000000005 0.043333333333333335 0.03333333333333333
0 0.6566666666666667 0.53 0.02666666666666667 0.02666666666666667
0 0.6950000000000001 0.56 0.016666666666666666 0.02
0 0.7183333333333334 0.5950000000000001 0.016666666666666666 0.016666666666666666
0 0.7683333333333334 0.645 0.016666666666666666 0.023333333333333334
0 0.795 0.6683333333333333 0.023333333333333334 0.016666666666666666
0 0.5333333333333333 0.5650000000000001 0.05333333333333334 0.05
