0 0.5700000000000001 0.8200000000000001 0.12666666666666668 0.14666666666666667
0 0.4916666666666667 0.7066666666666667 0.09000000000000001 0.09333333333333334
0 0.4416666666666667 0.5950000000000001 0.05 0.10333333333333335
0 0.4166666666666667 0.52 0.060000000000000005 0.060000000000000005
0 0.3716666666666667 0.4633333333333334 0.07666666666666667 0.05333333333333334
0 0.17666666666666667 0.6133333333333334 0.08666666666666667 0.04
0 0.24833333333333335 0.665 0.05 0.07666666666666667
0 0.3066666666666667 0.7350000000000001 0.11333333333333334 0.06333333333333334
0 0.34500000000000003 0.8016666666666667 0.06333333333333334 0.05666666666666667
0 0.30833333333333335 0.8466666666666667 0.043333333333333335 0.04666666666666667
0 0.39666666666666667 0.88 0.08 0.08
0 0.36000000000000004 0.9550000000000001 0.1 0.08333333333333334
0 0.10166666666666667 0.40166666666666667 0.09666666666666668 0.05666666666666667
0 0.24166666666666667 0.43000000000000005 0.09000000000000001 0.04
0 0.13166666666666668 0.4683333333333334 0.10333333333333335 0.043333333333333335
0 0.125 0.5183333333333333 0.09000000000000001 0.05
