0 0.10833333333333334 0.22166666666666668 0.030000000000000002 0.03666666666666667
0 0.135 0.24666666666666667 0.023333333333333334 0.03333333333333333
0 0.15166666666666667 0.29333333333333333 0.016666666666666666 0.013333333333333334
0 0.17500000000000002 0.31333333333333335 0.023333333333333334 0.02
0 0.195 0.33166666666666667 0.016666666666666666 0.016666666666666666
0 0.21666666666666667 0.36000000000000004 0.013333333333333334 0.02
0 0.23500000000000001 0.38 0.016666666666666666 0.02
0 0.25833333333333336 0.4066666666666667 0.030000000000000002 0.02
0 0.29333333333333333 0.43500000000000005 0.02666666666666667 0.016666666666666666
0 0.33 0.47500000000000003 0.02 0.023333333333333334
0 0.35500000000000004 0.5 0.023333333333333334 0.02
0 0.3766666666666667 0.52 0.013333333333333334 0.02
0 0.4 0.5416666666666667 0.02 0.030000000000000002
0 0.42833333333333334 0.5700000000000001 0.023333333333333334 0.02666666666666667
0 0.45833333333333337 0.5950000000000001 0.023333333333333334 0.03666666666666667
0 0.10500000000000001 0.16333333333333333 0.030000000000000002 0.02
0 0.39333333333333337 0.4083333333333334 0.02 0.023333333333333334
0 0.4116666666666667 0.4366666666666667 0.023333333333333334 0.02666666666666667
0 0.445 0.4666666666666667 0.023333333333333334 0.02
0 0.47000000000000003 0.49000000000000005 0.02 0.013333333333333334
0 0.4966666666666667 0.5083333333333334 0.02 0.016666666666666666
0 0.8966666666666667 0.7183333333333334 0.013333333333333334 0.016666666666666666
