5 0.021146616541353382 0.23966165413533833 0.03853383458646616 0.03759398496240601
5 0.06156015037593984 0.2551691729323308 0.03665413533834586 0.015977443609022556
5 0.09821428571428571 0.27537593984962405 0.02913533834586466 0.020676691729323307
5 0.13486842105263158 0.29276315789473684 0.02537593984962406 0.023496240601503758
5 0.16541353383458646 0.30780075187969924 0.02631578947368421 0.021616541353383457
5 0.1968984962406015 0.3289473684210526 0.02725563909774436 0.022556390977443608
5 0.22650375939849623 0.3425751879699248 0.02443609022556391 0.017857142857142856
5 0.2598684210526316 0.3576127819548872 0.03101503759398496 0.023496240601503758
5 0.2899436090225564 0.3740601503759398 0.02913533834586466 0.02819548872180451
5 0.3181390977443609 0.39285714285714285 0.02537593984962406 0.02443609022556391
5 0.34727443609022557 0.406484962406015 0.02913533834586466 0.02537593984962406
5 0.3764097744360902 0.4224624060150376 0.023496240601503758 0.02725563909774436
5 0.3975563909774436 0.4356203007518797 0.022556390977443608 0.02537593984962406
