5 0.45127304653204564 0.5390693590869183 0.015803336259877086 0.00877963125548727
5 0.6044776119402985 0.6049165935030729 0.016681299385425813 0.014047410008779631
5 0.6229148375768218 0.6097453906935909 0.014925373134328358 0.014925373134328358
5 0.6391571553994733 0.6176470588235294 0.014047410008779631 0.016681299385425813
5 0.6549604916593503 0.6233538191395961 0.014047410008779631 0.012291483757682178
5 0.6698858647936786 0.6308165057067603 0.019315188762071993 0.014925373134328358
5 0.6856892010535558 0.6334503950834065 0.012291483757682178 0.018437225636523266
5 0.6984196663740123 0.641352063213345 0.016681299385425813 0.014925373134328358
5 0.7221246707638279 0.6518876207199298 0.02019315188762072 0.01141352063213345
5 0.7440737489025461 0.660667251975417 0.009657594381035996 0.013169446883230905
5 0.762071992976295 0.6681299385425812 0.014047410008779631 0.012291483757682178
5 0.7805092186128183 0.675153643546971 0.014047410008779631 0.010535557506584723
5 0.792361720807726 0.6804214223002634 0.01141352063213345 0.01755926251097454
5 0.8072870939420544 0.6826163301141353 0.01141352063213345 0.018437225636523266
