5 0.35550660792951544 0.4907488986784141 0.048458149779735685 0.02290748898678414
5 0.39911894273127757 0.47533039647577097 0.028193832599118944 0.01497797356828194
5 0.41409691629955947 0.4894273127753304 0.04052863436123348 0.016740088105726872
5 0.7277533039647578 0.46079295154185024 0.028193832599118944 0.01762114537444934
5 0.7612334801762115 0.4559471365638767 0.03524229074889868 0.02378854625550661
5 0.7850220264317181 0.45462555066079297 0.014096916299559472 0.024669603524229075
5 0.8105726872246697 0.4537444933920705 0.02290748898678414 0.019383259911894275
5 0.8343612334801762 0.45022026431718065 0.02290748898678414 0.021145374449339206
5 0.8559471365638767 0.45462555066079297 0.018502202643171806 0.019383259911894275
5 0.8801762114537446 0.45022026431718065 0.028193832599118944 0.015859030837004406
5 0.9030837004405287 0.4462555066079295 0.021145374449339206 0.01145374449339207
5 0.9348017621145375 0.44361233480176215 0.02290748898678414 0.01497797356828194
5 0.9788546255506608 0.43348017621145374 0.03524229074889868 0.01762114537444934
