5 0.4953125 0.6203125 0.01875 0.020833333333333332
5 0.87109375 0.8302083333333333 0.01614583333333333 0.015625
5 0.8903645833333333 0.8424479166666666 0.018229166666666668 0.018229166666666668
5 0.3223958333333333 0.5161458333333333 0.016666666666666666 0.009375
5 0.2484375 0.48151041666666666 0.017708333333333333 0.0140625
5 0.19791666666666666 0.46484375 0.0125 0.009895833333333333
5 0.16744791666666667 0.4005208333333333 0.021354166666666667 0.013541666666666667
5 0.12421875 0.36354166666666665 0.021354166666666667 0.016666666666666666
5 0.0953125 0.3481770833333333 0.021875 0.0203125
5 0.04505208333333333 0.32890625 0.015104166666666667 0.0109375
5 0.05651041666666667 0.3403645833333333 0.0171875 0.011979166666666666
5 0.07005208333333333 0.34869791666666666 0.019270833333333334 0.0171875
5 0.35182291666666665 0.5325520833333334 0.01614583333333333 0.0171875
5 0.3770833333333333 0.546875 0.025 0.021875
5 0.4109375 0.5505208333333333 0.0125 0.013541666666666667
5 0.3841145833333333 0.57890625 0.034895833333333334 0.024479166666666666
5 0.5502604166666667 0.67265625 0.015104166666666667 0.01614583333333333
5 0.56796875 0.63359375 0.04739583333333333 0.034895833333333334
