5 0.37347767253044656 0.44857916102841683 0.017591339648173207 0.018944519621109608
5 0.32070365358592695 0.4303112313937754 0.02029769959404601 0.014884979702300407
5 0.6062246278755075 0.5930311231393776 0.018944519621109608 0.01962110960757781
5 0.44451962110960763 0.4878213802435724 0.013531799729364007 0.013531799729364007
5 0.4854533152909337 0.5104871447902571 0.04533152909336942 0.026387009472259814
5 0.5006765899864682 0.5541271989174561 0.025710419485791614 0.02029769959404601
5 0.6569688768606226 0.6512178619756428 0.017591339648173207 0.010148849797023005
5 0.29837618403247634 0.36468200270636 0.016238159675236806 0.014884979702300407
5 0.2303788903924222 0.30649526387009474 0.01962110960757781 0.018944519621109608
5 0.2560893098782138 0.32374830852503383 0.016914749661705007 0.025033829499323413
