5 0.9084461637653127 0.7359767891682786 0.04513217279174726 0.017408123791102514
5 0.9825918762088975 0.7392005157962604 0.014184397163120567 0.017408123791102514
5 0.8056092843326886 0.6715022566086396 0.02256608639587363 0.013539651837524178
5 0.8704061895551257 0.6637653127014829 0.01289490651192779 0.01096067053513862
5 0.874274661508704 0.6724693745970342 0.014184397163120567 0.007736943907156673
5 0.7411347517730497 0.6031592520954223 0.07543520309477757 0.0367504835589942
5 0.7124435847840104 0.6515151515151515 0.02192134107027724 0.014829142488716958
5 0.685364281108962 0.5802707930367504 0.029658284977433915 0.02321083172147002
5 0.6582849774339136 0.6137975499677627 0.019342359767891684 0.01160541586073501
5 0.6173436492585429 0.6118633139909736 0.018697614442295292 0.015473887814313346
5 0.5335267569310123 0.5270793036750484 0.014829142488716958 0.012250161186331399
5 0.4480980012894907 0.5390070921985816 0.015473887814313346 0.01289490651192779
5 0.450354609929078 0.49194068343004516 0.018697614442295292 0.018052869116698903
5 0.41328175370728565 0.4690522243713733 0.02192134107027724 0.017408123791102514
5 0.36202450032237266 0.46260477111540943 0.02256608639587363 0.012250161186331399
5 0.3181818181818182 0.46131528046421666 0.026434558349451968 0.016118633139909737
