5 0.9428457234212629 0.580335731414868 0.016786570743405275 0.017585931254996003
5 0.8880895283772982 0.5795363709032774 0.01598721023181455 0.011191047162270184
5 0.7170263788968825 0.48481215027977614 0.023980815347721823 0.01838529176658673
5 0.6682653876898481 0.46402877697841727 0.02078337330135891 0.01838529176658673
5 0.6898481215027977 0.4720223820943245 0.025579536370903277 0.019984012789768184
5 0.5063948840927258 0.40367705835331735 0.01838529176658673 0.017585931254996003
5 0.580335731414868 0.42965627498001596 0.02078337330135891 0.016786570743405275
5 0.5963229416466826 0.4360511590727418 0.02078337330135891 0.015187849720223821
5 0.03157474020783373 0.2665867306155076 0.029576338928856912 0.032773780975219824
5 0.11270983213429256 0.29256594724220625 0.06235011990407674 0.035171862509992005
5 0.20303756994404476 0.30335731414868106 0.02238209432454037 0.016786570743405275
5 0.2466027178257394 0.31694644284572343 0.027977617905675458 0.015187849720223821
