5 0.9365374402549123 0.6625066383430696 0.01964949548592671 0.015400955921402016
5 0.8916622411046202 0.6630377057886351 0.015932023366967602 0.014338821030270843
5 0.861125862984599 0.6590546999468933 0.02496016994158258 0.015932023366967602
5 0.8343069569835369 0.648964418481147 0.02124269782262347 0.018056293149229952
5 0.807222517259692 0.6367498672331385 0.02124269782262347 0.015932023366967602
5 0.7822623473181093 0.6306425916091343 0.023366967604885817 0.01646309081253319
5 0.8289962825278809 0.6768454593733404 0.019118428040361124 0.01646309081253319
5 0.717206585236325 0.6152416356877323 0.020711630377057883 0.020711630377057883
5 0.7243759957514604 0.6062134891131173 0.016994158258098777 0.012214551248008496
5 0.6962294211364842 0.6083377588953797 0.02124269782262347 0.020711630377057883
5 0.6423260754115773 0.6221455124800849 0.015400955921402016 0.01646309081253319
5 0.7371216144450344 0.6402018056293148 0.015932023366967602 0.01327668613913967
5 0.5828465215082315 0.6213489113117365 0.01646309081253319 0.011683483802442909
5 0.5427509293680297 0.5985130111524163 0.019118428040361124 0.015932023366967602
5 0.48327137546468396 0.5764737121614445 0.015932023366967602 0.012214551248008496
5 0.47981943706850766 0.5544344131704726 0.021773765268189058 0.012745618693574084
5 0.403611258629846 0.5193839617631438 0.015932023366967602 0.016994158258098777
5 0.3783855549654806 0.5079660116834838 0.018587360594795536 0.009028146574614976
5 0.4604354753053638 0.5658523632501328 0.019118428040361124 0.01646309081253319
5 0.43706850770047795 0.560276155071694 0.02973977695167286 0.018056293149229952
5 0.3181093998937865 0.5276155071694105 0.024429102496016993 0.01646309081253319
5 0.402283590015932 0.5669144981412639 0.03239511417950079 0.014338821030270843
5 0.3720127456186935 0.521773765268189 0.018587360594795536 0.011152416356877323
5 0.2527881040892193 0.523101433882103 0.016994158258098777 0.011683483802442909
5 0.26792352628783855 0.4869888475836431 0.06638343069569835 0.02973977695167286
5 0.2203929899097185 0.4694636218799787 0.022304832713754646 0.012745618693574084
5 0.11922464152947423 0.4697291556027615 0.012214551248008496 0.01009028146574615
5 0.17126925119490174 0.5010621348911312 0.020711630377057883 0.014338821030270843
