5 0.9892128279883382 0.5224489795918368 0.02040816326530612 0.013994169096209912
5 0.9460641399416909 0.5612244897959183 0.01574344023323615 0.013411078717201166
5 0.963265306122449 0.5851311953352769 0.020991253644314867 0.012244897959183673
5 0.8553935860058309 0.571137026239067 0.013994169096209912 0.013411078717201166
5 0.8717201166180758 0.5793002915451895 0.01282798833819242 0.007580174927113702
5 0.932069970845481 0.5862973760932945 0.014577259475218658 0.01574344023323615
5 0.9174927113702623 0.5880466472303207 0.01574344023323615 0.008746355685131196
5 0.9268221574344023 0.5991253644314869 0.02040816326530612 0.011078717201166181
5 0.8991253644314868 0.5938775510204082 0.02565597667638484 0.013411078717201166
5 0.8367346938775511 0.568804664723032 0.020991253644314867 0.013411078717201166
5 0.8154518950437317 0.572594752186589 0.021574344023323616 0.011661807580174927
5 0.7938775510204081 0.575801749271137 0.02040816326530612 0.011078717201166181
5 0.8087463556851312 0.5836734693877551 0.01749271137026239 0.006997084548104956
5 0.8206997084548104 0.5895043731778425 0.02040816326530612 0.009329446064139942
5 0.8723032069970845 0.6169096209912537 0.04314868804664723 0.013994169096209912
5 0.771137026239067 0.6192419825072886 0.018075801749271137 0.013994169096209912
5 0.7536443148688047 0.6291545189504373 0.02040816326530612 0.0163265306122449
5 0.7504373177842566 0.5737609329446064 0.023323615160349854 0.022157434402332362
5 0.7303206997084548 0.572594752186589 0.016909620991253645 0.010495626822157433
5 0.7040816326530612 0.5746355685131195 0.02040816326530612 0.011078717201166181
5 0.6830903790087464 0.5787172011661808 0.021574344023323616 0.009912536443148687
5 0.7180758017492711 0.5967930029154519 0.02507288629737609 0.01574344023323615
5 0.6918367346938775 0.6029154518950437 0.018075801749271137 0.01749271137026239
5 0.6728862973760933 0.607871720116618 0.018658892128279883 0.018075801749271137
5 0.6551020408163265 0.6087463556851311 0.01924198250728863 0.010495626822157433
5 0.6346938775510204 0.6198250728862974 0.021574344023323616 0.011661807580174927
5 0.6950437317784256 0.6492711370262391 0.015160349854227404 0.012244897959183673
5 0.6306122448979592 0.6513119533527697 0.013411078717201166 0.010495626822157433
5 0.6029154518950437 0.6705539358600583 0.020991253644314867 0.013994169096209912
5 0.6201166180758018 0.5979591836734693 0.0239067055393586 0.011078717201166181
5 0.5973760932944606 0.60466472303207 0.022740524781341108 0.0163265306122449
5 0.5743440233236151 0.6087463556851311 0.019825072886297375 0.010495626822157433
5 0.5516034985422741 0.6134110787172011 0.024489795918367346 0.011661807580174927
5 0.5090379008746355 0.6282798833819242 0.05481049562682216 0.013411078717201166
5 0.49271137026239065 0.6542274052478134 0.018658892128279883 0.011661807580174927
5 0.47434402332361514 0.6405247813411079 0.0239067055393586 0.013411078717201166
5 0.43323615160349854 0.6524781341107871 0.029154518950437316 0.01282798833819242
5 0.4157434402332362 0.6702623906705539 0.018658892128279883 0.016909620991253645
5 0.3988338192419825 0.6498542274052478 0.0163265306122449 0.011078717201166181
5 0.358600583090379 0.6571428571428571 0.02565597667638484 0.00816326530612245
5 0.375801749271137 0.6702623906705539 0.022740524781341108 0.009912536443148687
5 0.33119533527696793 0.6909620991253644 0.023323615160349854 0.013994169096209912
5 0.29591836734693877 0.7131195335276967 0.02507288629737609 0.009329446064139942
5 0.2518950437317784 0.7209912536443148 0.026822157434402333 0.007580174927113702
5 0.1358600583090379 0.7174927113702624 0.023323615160349854 0.013411078717201166
5 0.11399416909620991 0.7206997084548105 0.02507288629737609 0.010495626822157433
5 0.08454810495626822 0.7297376093294461 0.029154518950437316 0.011078717201166181
5 0.015160349854227404 0.741399416909621 0.026822157434402333 0.007580174927113702
5 0.43615160349854226 0.7049562682215743 0.013994169096209912 0.011661807580174927
