5 0.8577481840193705 0.5929176755447942 0.015738498789346248 0.010290556900726392
5 0.8801452784503633 0.6440677966101696 0.023002421307506054 0.015738498789346248
5 0.8165859564164649 0.613498789346247 0.01937046004842615 0.007869249394673124
5 0.7530266343825667 0.5690072639225182 0.015738498789346248 0.015738498789346248
5 0.7197336561743342 0.5565980629539952 0.018159806295399518 0.011501210653753027
5 0.5048426150121066 0.49122276029055695 0.014527845036319613 0.009079903147699759
5 0.5208837772397095 0.49697336561743344 0.016343825665859565 0.015738498789346248
5 0.37923728813559326 0.450363196125908 0.04418886198547216 0.01937046004842615
5 0.29963680387409203 0.4291767554479419 0.03026634382566586 0.013317191283292978
5 0.33444309927360777 0.4403753026634383 0.03692493946731235 0.02360774818401937
5 0.29782082324455206 0.36016949152542377 0.012106537530266345 0.01937046004842615
5 0.25635593220338987 0.33595641646489105 0.013922518159806297 0.01694915254237288
5 0.22760290556900728 0.3259685230024213 0.023002421307506054 0.021186440677966104
5 0.21307506053268765 0.3311138014527845 0.020581113801452784 0.015738498789346248
5 0.2427360774818402 0.4043583535108959 0.029055690072639227 0.02179176755447942
5 0.21912832929782083 0.3816585956416465 0.01694915254237288 0.017554479418886198
5 0.1667675544794189 0.3647094430992736 0.029661016949152543 0.016343825665859565
5 0.11682808716707023 0.33837772397094434 0.02421307506053269 0.012106537530266345
5 0.13559322033898305 0.34624697336561744 0.018159806295399518 0.01937046004842615
