0 0.465 0.45833333333333337 0.016666666666666666 0.016666666666666666
0 0.525 0.5216666666666667 0.016666666666666666 0.023333333333333334
0 0.5016666666666667 0.55 0.016666666666666666 0.013333333333333334
0 0.4716666666666667 0.5816666666666667 0.016666666666666666 0.016666666666666666
0 0.445 0.6066666666666667 0.016666666666666666 0.013333333333333334
0 0.4266666666666667 0.6166666666666667 0.02 0.02
0 0.42000000000000004 0.645 0.02 0.016666666666666666
0 0.39666666666666667 0.6566666666666667 0.02 0.013333333333333334
0 0.37833333333333335 0.6733333333333333 0.023333333333333334 0.013333333333333334
0 0.35833333333333334 0.6900000000000001 0.016666666666666666 0.006666666666666667
0 0.45 0.48000000000000004 0.013333333333333334 0.013333333333333334
0 0.4316666666666667 0.49500000000000005 0.016666666666666666 0.01
0 0.41000000000000003 0.51 0.013333333333333334 0.013333333333333334
0 0.38333333333333336 0.5466666666666667 0.02666666666666667 0.02666666666666667
0 0.35833333333333334 0.5766666666666667 0.016666666666666666 0.013333333333333334
