5 0.9216975493126119 0.707112970711297 0.02032277346084877 0.016736401673640166
5 0.8263598326359832 0.6778242677824268 0.014943215780035862 0.013150029886431559
5 0.6619844590555887 0.6138673042438733 0.03167961745367603 0.02032277346084877
5 0.3395098625224148 0.5236102809324567 0.014345487148834428 0.013150029886431559
5 0.1455469216975493 0.34219964136282127 0.024506873879258814 0.016138673042438732
5 0.15989240884638373 0.3676031081888822 0.024506873879258814 0.015540944411237297
5 0.18828451882845187 0.37328153018529586 0.02390914524805738 0.01852958756724447
5 0.2109982068141064 0.38344291691572024 0.02749551703526599 0.02092050209205021
5 0.2369994022713688 0.38882247459653313 0.02092050209205021 0.01852958756724447
5 0.26419605499103405 0.4073520621637776 0.029886431560071723 0.016138673042438732
5 0.2964734010759115 0.42259414225941416 0.029886431560071723 0.014345487148834428
