5 0.9711595055915244 0.6050618010594467 0.020011771630370805 0.01059446733372572
5 0.9632136550912301 0.6238964096527368 0.014714537963507945 0.009417304296645085
5 0.9838140082401412 0.6330194231901118 0.01824602707474985 0.008828722778104767
5 0.8713949381989405 0.6138905238375515 0.02060035314891112 0.011771630370806356
5 0.6003531489111241 0.5182460270747499 0.02707474985285462 0.010005885815185403
5 0.6533254855797528 0.5467922307239552 0.03178340200117716 0.0164802825191289
5 0.5114773396115362 0.44143613890523836 0.02118893466745144 0.014125956444967627
5 0.36845203060623893 0.47145379635079454 0.024720423778693348 0.011771630370806356
5 0.32519128899352556 0.45585638610947615 0.04532077692760447 0.01942319011183049
5 0.23866980576809887 0.4293702177751618 0.03708063566804002 0.01824602707474985
5 0.772218952324897 0.5688640376692171 0.015303119482048263 0.012360211889346674
5 0.7804590935844614 0.5959387875220717 0.011771630370806356 0.012360211889346674
5 0.8137139493819894 0.5932901706886403 0.01824602707474985 0.017657445556209534
