5 0.969551282051282 0.6516025641025641 0.013461538461538462 0.01217948717948718
5 0.8448717948717949 0.6141025641025641 0.016666666666666666 0.016666666666666666
5 0.9176282051282051 0.6336538461538461 0.028846153846153848 0.013461538461538462
5 0.7666666666666667 0.5753205128205128 0.01282051282051282 0.01217948717948718
5 0.7711538461538462 0.594551282051282 0.019230769230769232 0.01217948717948718
5 0.7339743589743589 0.6163461538461539 0.011538461538461539 0.01217948717948718
5 0.719551282051282 0.6105769230769231 0.009615384615384616 0.010897435897435897
5 0.716025641025641 0.5602564102564103 0.014102564102564103 0.010256410256410256
5 0.6426282051282052 0.5291666666666667 0.01858974358974359 0.014743589743589743
5 0.6192307692307693 0.5266025641025641 0.016666666666666666 0.014743589743589743
5 0.6012820512820513 0.5185897435897436 0.020512820512820513 0.015384615384615385
5 0.5743589743589743 0.5102564102564102 0.016666666666666666 0.015384615384615385
5 0.5487179487179488 0.4996794871794872 0.016666666666666666 0.016025641025641024
5 0.5064102564102564 0.5233974358974359 0.01282051282051282 0.014743589743589743
5 0.5621794871794872 0.5442307692307692 0.021794871794871794 0.010256410256410256
5 0.4753205128205128 0.47467948717948716 0.01858974358974359 0.016025641025641024
5 0.36025641025641025 0.4653846153846154 0.016666666666666666 0.01282051282051282
5 0.444551282051282 0.5028846153846154 0.013461538461538462 0.013461538461538462
5 0.32211538461538464 0.4637820512820513 0.025 0.01217948717948718
5 0.20448717948717948 0.41634615384615387 0.021794871794871794 0.010897435897435897
5 0.2826923076923077 0.3942307692307692 0.020512820512820513 0.01282051282051282
