0 0.45333333333333337 0.3566666666666667 0.02666666666666667 0.05333333333333334
0 0.4366666666666667 0.2966666666666667 0.02 0.03333333333333333
0 0.39666666666666667 0.43000000000000005 0.08 0.06666666666666667
0 0.38333333333333336 0.37000000000000005 0.07333333333333333 0.08
0 0.42333333333333334 0.5016666666666667 0.060000000000000005 0.05666666666666667
0 0.4966666666666667 0.6066666666666667 0.02 0.02
0 0.49500000000000005 0.6733333333333333 0.043333333333333335 0.02666666666666667
0 0.545 0.7333333333333334 0.043333333333333335 0.02666666666666667
0 0.5800000000000001 0.7633333333333334 0.03333333333333333 0.02666666666666667
0 0.62 0.8066666666666668 0.04 0.04666666666666667
0 0.39333333333333337 0.27166666666666667 0.060000000000000005 0.043333333333333335
0 0.34 0.2566666666666667 0.04 0.060000000000000005
