0 0.6883333333333334 0.34500000000000003 0.043333333333333335 0.03666666666666667
0 0.7216666666666667 0.3116666666666667 0.043333333333333335 0.05666666666666667
0 0.7483333333333334 0.2733333333333334 0.03666666666666667 0.04
0 0.46166666666666667 0.5616666666666666 0.05 0.016666666666666666
0 0.505 0.5416666666666667 0.03666666666666667 0.023333333333333334
0 0.3816666666666667 0.6333333333333334 0.023333333333333334 0.03333333333333333
0 0.26833333333333337 0.7633333333333334 0.023333333333333334 0.02
0 0.225 0.8350000000000001 0.023333333333333334 0.023333333333333334
0 0.19 0.92 0.02 0.02
0 0.9133333333333334 0.12833333333333335 0.060000000000000005 0.07
0 0.8550000000000001 0.18666666666666668 0.07 0.060000000000000005
0 0.7966666666666667 0.23 0.05333333333333334 0.05333333333333334
