0 0.8966666666666667 0.08 0.02666666666666667 0.03333333333333333
0 0.9416666666666668 0.023333333333333334 0.016666666666666666 0.02
0 0.8650000000000001 0.15666666666666668 0.030000000000000002 0.02666666666666667
0 0.8266666666666668 0.21666666666666667 0.02666666666666667 0.013333333333333334
0 0.745 0.33333333333333337 0.030000000000000002 0.02
0 0.6616666666666667 0.445 0.03666666666666667 0.016666666666666666
0 0.6433333333333334 0.48833333333333334 0.04 0.05
0 0.6183333333333334 0.535 0.043333333333333335 0.030000000000000002
0 0.5950000000000001 0.6016666666666667 0.043333333333333335 0.043333333333333335
0 0.6166666666666667 0.5683333333333334 0.02666666666666667 0.023333333333333334
0 0.5266666666666667 0.6950000000000001 0.02666666666666667 0.03666666666666667
0 0.5566666666666668 0.6633333333333333 0.03333333333333333 0.02666666666666667
