5 0.7334102712060011 0.32429313329486437 0.016156953260242354 0.015002885170225043
5 0.9890363531448355 0.17080207732256203 0.011540680900173109 0.015002885170225043
5 0.619734564339296 0.41142527409117136 0.04500865551067513 0.019619157530294286
5 0.5934795152914022 0.4298903635314483 0.023658395845354875 0.01269474899019042
5 0.4235429890363531 0.5219272937103289 0.013848817080207732 0.012117714945181764
5 0.39036353144835545 0.5473167916907097 0.010963646855164454 0.012117714945181764
5 0.021927293710328907 0.8043854587420657 0.028851702250432775 0.023081361800346218
5 0.33871898442008075 0.6081938834391228 0.030005770340450086 0.027697634160415464
5 0.3589151759953837 0.5960761684939411 0.019619157530294286 0.017311021350259664
5 0.37276399307559144 0.5851125216387767 0.017311021350259664 0.015002885170225043
5 0.3848817080207732 0.5767455279861512 0.020773225620311597 0.016733987305251007
5 0.39786497403346793 0.5654933641084824 0.016733987305251007 0.015002885170225043
5 0.4140219272937103 0.5579919215233698 0.017888055395268318 0.013848817080207732
5 0.4232544720138488 0.5519330640507789 0.016733987305251007 0.016733987305251007
5 0.4443162146566647 0.531736872475476 0.019619157530294286 0.015579919215233698
5 0.4596076168493941 0.5219272937103289 0.017888055395268318 0.016733987305251007
5 0.47374495095210617 0.5152914021927293 0.016156953260242354 0.020773225620311597
5 0.48961338718984415 0.5051933064050779 0.016733987305251007 0.023658395845354875
5 0.5049047893825735 0.48845931909982687 0.020773225620311597 0.022504327755337564
5 0.5219272937103289 0.4849971148297749 0.013271783035199075 0.021350259665320254
5 0.536064627813041 0.4699942296595499 0.019619157530294286 0.019042123485285632
5 0.5539526832083093 0.4619157530294287 0.017311021350259664 0.021350259665320254
5 0.5654933641084824 0.45095210617426423 0.013848817080207732 0.016733987305251007
5 0.5770340450086555 0.44056549336410844 0.015002885170225043 0.021350259665320254
5 0.5943450663589152 0.4327755337564916 0.021927293710328907 0.018465089440276975
