5 0.8659630606860158 0.11530343007915567 0.030606860158311343 0.05857519788918206
5 0.7398416886543535 0.3770448548812665 0.016886543535620052 0.016358839050131926
5 0.7306068601583113 0.39999999999999997 0.016358839050131926 0.014775725593667546
5 0.7229551451187335 0.4102902374670185 0.013720316622691292 0.012137203166226913
5 0.7150395778364116 0.4240105540897097 0.0158311345646438 0.01424802110817942
5 0.6741424802110818 0.4976253298153034 0.011081794195250658 0.017941952506596304
5 0.6627968337730871 0.5087071240105541 0.011609498680738786 0.02321899736147757
5 0.537730870712401 0.5899736147757255 0.0158311345646438 0.022163588390501317
5 0.5134564643799472 0.7815303430079156 0.04221635883905013 0.0633245382585752
5 0.39736147757255935 0.8567282321899736 0.016886543535620052 0.016358839050131926
5 0.46781002638522423 0.9097625329815303 0.023746701846965697 0.05277044854881266
5 0.4055408970976253 0.8981530343007915 0.024802110817941952 0.04116094986807388
5 0.4218997361477572 0.9548812664907651 0.022691292875989446 0.04591029023746702
5 0.4013192612137203 0.9810026385224274 0.016358839050131926 0.0316622691292876
5 0.33773087071240104 0.9902374670184696 0.025329815303430078 0.01424802110817942
5 0.37308707124010554 0.8828496042216358 0.0158311345646438 0.030606860158311343
5 0.35778364116094985 0.9158311345646437 0.017941952506596304 0.024802110817941952
5 0.34459102902374666 0.946174142480211 0.02321899736147757 0.0316622691292876
5 0.32823218997361475 0.9482849604221636 0.01899736147757256 0.033773087071240104
