5 0.27146017699115044 0.5455752212389381 0.018141592920353982 0.01415929203539823
5 0.30221238938053097 0.5608407079646017 0.01504424778761062 0.010176991150442478
5 0.20353982300884954 0.5491150442477876 0.024778761061946902 0.01504424778761062
5 0.16504424778761062 0.547787610619469 0.007079646017699115 0.007964601769911504
5 0.13207964601769911 0.5511061946902654 0.014601769911504425 0.011061946902654867
5 0.11438053097345133 0.552212389380531 0.016371681415929203 0.01327433628318584
5 0.09911504424778761 0.5506637168141593 0.01504424778761062 0.011946902654867256
5 0.8973451327433628 0.5252212389380531 0.018584070796460177 0.01415929203539823
5 0.8738938053097345 0.5426991150442477 0.01592920353982301 0.011946902654867256
5 0.8435840707964601 0.5435840707964602 0.01991150442477876 0.010176991150442478
5 0.8207964601769911 0.525 0.021238938053097345 0.009292035398230088
5 0.7873893805309734 0.5238938053097345 0.024336283185840708 0.008849557522123894
5 0.7721238938053098 0.5400442477876106 0.017699115044247787 0.014601769911504425
5 0.6535398230088495 0.5524336283185841 0.017699115044247787 0.010176991150442478
5 0.5825221238938053 0.5325221238938053 0.02079646017699115 0.013716814159292035
5 0.4665929203539823 0.5391592920353983 0.018141592920353982 0.011061946902654867
5 0.4449115044247788 0.5356194690265487 0.012831858407079646 0.011946902654867256
5 0.41150442477876104 0.5396017699115044 0.01504424778761062 0.008407079646017699
5 0.06349557522123894 0.5878318584070796 0.011061946902654867 0.010176991150442478
5 0.05154867256637168 0.5526548672566372 0.012831858407079646 0.006194690265486726
5 0.02986725663716814 0.5570796460176991 0.01991150442477876 0.010619469026548672
