0 0.7883333333333333 0.26166666666666666 0.09666666666666668 0.09000000000000001
0 0.7150000000000001 0.33333333333333337 0.09000000000000001 0.060000000000000005
0 0.645 0.3866666666666667 0.07666666666666667 0.060000000000000005
0 0.5900000000000001 0.4466666666666667 0.08666666666666667 0.07333333333333333
0 0.5266666666666667 0.5166666666666667 0.08666666666666667 0.04666666666666667
0 0.4866666666666667 0.5566666666666668 0.02666666666666667 0.02666666666666667
0 0.27 0.8183333333333334 0.02 0.016666666666666666
0 0.29500000000000004 0.81 0.023333333333333334 0.02666666666666667
0 0.3166666666666667 0.7933333333333333 0.02 0.02
0 0.33166666666666667 0.7783333333333334 0.01 0.016666666666666666
0 0.385 0.7383333333333334 0.023333333333333334 0.023333333333333334
0 0.4066666666666667 0.7300000000000001 0.02 0.02
0 0.42500000000000004 0.7083333333333334 0.016666666666666666 0.016666666666666666
0 0.38 0.6116666666666667 0.02 0.016666666666666666
0 0.36500000000000005 0.625 0.016666666666666666 0.016666666666666666
0 0.34500000000000003 0.6316666666666667 0.016666666666666666 0.016666666666666666
0 0.25333333333333335 0.6783333333333333 0.02 0.016666666666666666
