5 0.605421686746988 0.5343373493975904 0.016867469879518072 0.01566265060240964
5 0.580421686746988 0.5060240963855422 0.010240963855421687 0.012048192771084338
5 0.48222891566265064 0.4159638554216868 0.012650602409638556 0.016265060240963858
5 0.202710843373494 0.1993975903614458 0.01987951807228916 0.01807228915662651
5 0.23734939759036147 0.2572289156626506 0.020481927710843374 0.013253012048192772
5 0.27349397590361446 0.2801204819277109 0.028915662650602414 0.022891566265060243
5 0.17228915662650604 0.19849397590361448 0.01927710843373494 0.01987951807228916
5 0.20060240963855425 0.21897590361445785 0.024096385542168676 0.022289156626506025
5 0.19397590361445785 0.1466867469879518 0.014457831325301207 0.018674698795180723
5 0.06506024096385543 0.024698795180722894 0.012048192771084338 0.014457831325301207
5 0.009036144578313254 0.0496987951807229 0.010843373493975905 0.015060240963855423
5 0.07891566265060242 0.11234939759036146 0.01927710843373494 0.015060240963855423
5 0.10632530120481928 0.1358433734939759 0.016265060240963858 0.01746987951807229
5 0.13072289156626507 0.15813253012048195 0.026506024096385545 0.024698795180722894
