5 0.5670865279299014 0.6043263964950711 0.014786418400876232 0.019167579408543262
5 0.44468784227820374 0.5134173055859803 0.018619934282584884 0.03450164293537787
5 0.4597480832420591 0.5922782037239869 0.024644030668127054 0.02683461117196057
5 0.3940306681270537 0.44331872946330775 0.014786418400876232 0.01588170865279299
5 0.23576122672508215 0.296276013143483 0.033406352683461114 0.03176341730558598
5 0.27546549835706463 0.3493975903614458 0.05257393209200438 0.060240963855421686
5 0.3321467688937568 0.42606790799561883 0.045454545454545456 0.044906900328587074
5 0.3650054764512596 0.45564074479737127 0.023548740416210294 0.03176341730558598
5 0.2705366922234392 0.18811610076670318 0.0208105147864184 0.03231106243154436
5 0.2886089813800657 0.2160460021905805 0.01971522453450164 0.024644030668127054
5 0.023001095290251915 0.035596933187294635 0.03943044906900328 0.04709748083242059
