5 0.8206730769230769 0.7379807692307693 0.01826923076923077 0.020833333333333332
5 0.8487179487179487 0.7615384615384615 0.01858974358974359 0.025
5 0.8708333333333333 0.7791666666666667 0.019230769230769232 0.01858974358974359
5 0.7705128205128206 0.7314102564102564 0.022435897435897436 0.022435897435897436
5 0.8419871794871795 0.8036858974358975 0.022435897435897436 0.014423076923076924
5 0.822275641025641 0.7866987179487179 0.015064102564102564 0.017628205128205128
5 0.8046474358974359 0.7684294871794872 0.02467948717948718 0.014423076923076924
5 0.7858974358974359 0.7511217948717949 0.019230769230769232 0.015064102564102564
5 0.7290064102564102 0.6979166666666666 0.030448717948717948 0.027243589743589744
5 0.6964743589743589 0.6717948717948717 0.029487179487179487 0.023076923076923078
5 0.6743589743589744 0.6568910256410256 0.019230769230769232 0.027243589743589744
5 0.6508012820512821 0.6309294871794872 0.015064102564102564 0.008653846153846154
5 0.6588141025641026 0.6448717948717949 0.01826923076923077 0.01282051282051282
5 0.6096153846153847 0.614423076923077 0.016025641025641024 0.016025641025641024
5 0.6126602564102565 0.5996794871794872 0.014423076923076924 0.01217948717948718
5 0.6270833333333333 0.611698717948718 0.014423076923076924 0.011858974358974358
5 0.5658653846153846 0.5544871794871795 0.015064102564102564 0.009615384615384616
5 0.5802884615384616 0.566025641025641 0.013782051282051282 0.013461538461538462
5 0.5669871794871795 0.5735576923076923 0.016025641025641024 0.014423076923076924
5 0.5854166666666667 0.5865384615384616 0.017628205128205128 0.01282051282051282
5 0.5233974358974359 0.5280448717948718 0.015384615384615385 0.011217948717948718
5 0.5293269230769231 0.5395833333333333 0.017628205128205128 0.011858974358974358
5 0.5362179487179487 0.48669871794871794 0.01217948717948718 0.013782051282051282
5 0.5501602564102565 0.5195512820512821 0.03365384615384615 0.035897435897435895
5 0.5190705128205129 0.4794871794871795 0.008012820512820512 0.008974358974358974
5 0.5006410256410256 0.4706730769230769 0.009615384615384616 0.011858974358974358
5 0.5110576923076923 0.48189102564102565 0.011217948717948718 0.007371794871794872
5 0.3971153846153846 0.3924679487179487 0.009615384615384616 0.014423076923076924
5 0.272275641025641 0.27708333333333335 0.008012820512820512 0.014423076923076924
5 0.29615384615384616 0.29759615384615384 0.009615384615384616 0.008653846153846154
5 0.305448717948718 0.30801282051282053 0.01217948717948718 0.013461538461538462
5 0.31346153846153846 0.3203525641025641 0.010256410256410256 0.011217948717948718
5 0.020673076923076922 0.05641025641025641 0.04006410256410257 0.047435897435897434
5 0.10080128205128205 0.13413461538461538 0.011217948717948718 0.011858974358974358
5 0.13685897435897437 0.16009615384615383 0.009615384615384616 0.008012820512820512
5 0.1503205128205128 0.17387820512820512 0.01282051282051282 0.014423076923076924
5 0.1580128205128205 0.1841346153846154 0.008974358974358974 0.008012820512820512
5 0.1673076923076923 0.1998397435897436 0.016025641025641024 0.010576923076923078
5 0.17852564102564103 0.2283653846153846 0.009615384615384616 0.011217948717948718
5 0.19326923076923078 0.2407051282051282 0.01987179487179487 0.01858974358974359
5 0.21169871794871795 0.25080128205128205 0.015064102564102564 0.014423076923076924
5 0.22451923076923078 0.266025641025641 0.01826923076923077 0.016025641025641024
