5 0.1700320512820513 0.011858974358974358 0.013782051282051282 0.01282051282051282
5 0.18205128205128204 0.02996794871794872 0.015384615384615385 0.013782051282051282
5 0.30416666666666664 0.1921474358974359 0.009615384615384616 0.011217948717948718
5 0.32756410256410257 0.23990384615384616 0.01282051282051282 0.016987179487179486
5 0.35865384615384616 0.25993589743589746 0.016025641025641024 0.021794871794871794
5 0.3876602564102564 0.2764423076923077 0.014423076923076924 0.017628205128205128
5 0.4 0.29118589743589746 0.008974358974358974 0.016987179487179486
5 0.4096153846153846 0.3032051282051282 0.008974358974358974 0.01217948717948718
5 0.4205128205128205 0.319551282051282 0.016025641025641024 0.02564102564102564
5 0.5741987179487179 0.58125 0.011217948717948718 0.011858974358974358
5 0.5875 0.5820512820512821 0.016666666666666666 0.015384615384615385
5 0.5935897435897436 0.5943910256410256 0.009615384615384616 0.014423076923076924
5 0.6091346153846153 0.6080128205128205 0.016987179487179486 0.01282051282051282
5 0.6195512820512821 0.625 0.013461538461538462 0.016025641025641024
5 0.6358974358974359 0.642948717948718 0.01282051282051282 0.015384615384615385
5 0.6415064102564103 0.6033653846153846 0.011217948717948718 0.014423076923076924
5 0.666826923076923 0.6509615384615385 0.020192307692307693 0.021794871794871794
5 0.6844551282051282 0.6549679487179487 0.013782051282051282 0.01826923076923077
5 0.7213141025641026 0.6934294871794872 0.013782051282051282 0.015064102564102564
5 0.7346153846153847 0.7158653846153846 0.016025641025641024 0.016987179487179486
5 0.7501602564102564 0.7347756410256411 0.011858974358974358 0.014423076923076924
5 0.7649038461538461 0.753525641025641 0.014423076923076924 0.015384615384615385
5 0.6964743589743589 0.6862179487179487 0.013461538461538462 0.015384615384615385
5 0.711698717948718 0.7017628205128205 0.011858974358974358 0.011217948717948718
5 0.7229166666666667 0.7166666666666667 0.011858974358974358 0.013461538461538462
5 0.7397435897435898 0.735897435897436 0.016666666666666666 0.01858974358974359
5 0.7496794871794872 0.7546474358974359 0.016025641025641024 0.014423076923076924
5 0.7661858974358975 0.7708333333333334 0.010576923076923078 0.016025641025641024
5 0.775 0.7860576923076923 0.010256410256410256 0.008012820512820512
5 0.7866987179487179 0.8 0.011217948717948718 0.01987179487179487
5 0.805448717948718 0.8224358974358974 0.01217948717948718 0.015384615384615385
5 0.8179487179487179 0.8384615384615385 0.01282051282051282 0.016666666666666666
5 0.8326923076923077 0.8400641025641026 0.015384615384615385 0.015384615384615385
5 0.8435897435897436 0.8557692307692307 0.01282051282051282 0.016025641025641024
5 0.8548076923076923 0.8697115384615385 0.009615384615384616 0.015064102564102564
5 0.867948717948718 0.8873397435897435 0.021794871794871794 0.020192307692307693
5 0.8011217948717949 0.8737179487179487 0.014423076923076924 0.01217948717948718
5 0.8142628205128205 0.8897435897435897 0.008653846153846154 0.01217948717948718
5 0.8198717948717948 0.9017628205128205 0.016666666666666666 0.008653846153846154
5 0.8278846153846153 0.909775641025641 0.01987179487179487 0.015064102564102564
5 0.8338141025641026 0.925 0.014423076923076924 0.010256410256410256
