5 0.03593272171253823 0.9528542303771662 0.01885830784913354 0.01783893985728848
5 0.22910295616717638 0.7930682976554537 0.013761467889908258 0.01325178389398573
5 0.26885830784913356 0.757645259938838 0.025993883792048932 0.01885830784913354
5 0.2900101936799185 0.7405708460754333 0.019367991845056068 0.0163098878695209
5 0.5007645259938839 0.5479102956167177 0.016819571865443427 0.015290519877675842
5 0.5160550458715597 0.5387359836901122 0.016819571865443427 0.01834862385321101
5 0.8030071355759429 0.26452599388379205 0.016819571865443427 0.014271151885830786
5 0.8264525993883792 0.2563710499490316 0.019877675840978593 0.02140672782874618
5 0.8440366972477065 0.23776758409785934 0.025484199796126403 0.01885830784913354
5 0.8662079510703364 0.21483180428134557 0.022935779816513763 0.016819571865443427
5 0.8837920489296637 0.2033639143730887 0.02140672782874618 0.019367991845056068
5 0.9018858307849135 0.18679918450560654 0.014780835881753314 0.01885830784913354
5 0.9153924566768604 0.1743119266055046 0.015290519877675842 0.015290519877675842
