5 0.44430443548387094 0.9727822580645161 0.017641129032258063 0.01814516129032258
5 0.6585181451612903 0.09778225806451613 0.017641129032258063 0.01814516129032258
5 0.6565020161290323 0.11819556451612903 0.01965725806451613 0.01663306451612903
5 0.6496975806451613 0.13860887096774194 0.017137096774193547 0.021169354838709676
5 0.6428931451612903 0.16003024193548387 0.015625 0.01663306451612903
5 0.6363407258064516 0.1832157258064516 0.017641129032258063 0.023689516129032258
5 0.627016129032258 0.2079133064516129 0.016129032258064516 0.01965725806451613
5 0.625 0.2331149193548387 0.015120967741935484 0.02469758064516129
5 0.5297379032258064 0.5884576612903225 0.012096774193548387 0.012600806451612902
5 0.5282258064516129 0.6055947580645161 0.013104838709677418 0.014616935483870967
5 0.5241935483870968 0.6287802419354839 0.012096774193548387 0.023689516129032258
5 0.4647177419354839 0.8886088709677419 0.016129032258064516 0.02217741935483871
5 0.45992943548387094 0.9178427419354839 0.017641129032258063 0.028225806451612902
