5 0.843180699162974 0.3978335795174791 0.025110782865583457 0.01772525849335303
5 0.7466765140324964 0.5014771048744461 0.0310192023633678 0.02117183653372723
5 0.7946824224519942 0.49950763170851803 0.06006893156080749 0.02708025603151157
5 0.6506646971935007 0.48719842442146727 0.023141309699655343 0.015263417035942885
5 0.6568193008370261 0.5064007877892664 0.02461841457410143 0.023141309699655343
5 0.6824224519940916 0.4943377646479567 0.03545051698670606 0.014771048744460858
5 0.47464303298867555 0.5157557853274249 0.023633677991137372 0.013293943870014771
5 0.48966026587887745 0.5241260462826194 0.02708025603151157 0.016248153618906944
5 0.5573609059576564 0.5201870999507632 0.09847365829640572 0.019202363367799114
5 0.7511078286558346 0.4224519940915805 0.03988183161004431 0.023633677991137372
