5 0.14006410256410257 0.058012820512820515 0.019230769230769232 0.01858974358974359
5 0.16314102564102564 0.09006410256410256 0.022435897435897436 0.03141025641025641
5 0.18445512820512822 0.11939102564102565 0.01826923076923077 0.02403846153846154
5 0.2144230769230769 0.08413461538461539 0.01282051282051282 0.011217948717948718
5 0.2642628205128205 0.17467948717948717 0.011217948717948718 0.019230769230769232
5 0.20528846153846153 0.1501602564102564 0.020192307692307693 0.020192307692307693
5 0.2264423076923077 0.1701923076923077 0.017628205128205128 0.013461538461538462
5 0.24375 0.18701923076923077 0.016987179487179486 0.021474358974358974
5 0.3014423076923077 0.22580128205128205 0.016987179487179486 0.020833333333333332
5 0.31025641025641026 0.27868589743589745 0.028205128205128206 0.020833333333333332
5 0.7586538461538461 0.8432692307692308 0.019230769230769232 0.01858974358974359
5 0.5405448717948718 0.5865384615384616 0.020833333333333332 0.02564102564102564
5 0.558974358974359 0.6097756410256411 0.019230769230769232 0.020833333333333332
5 0.5854166666666667 0.6389423076923076 0.03365384615384615 0.0375
