0 0.7233333333333334 0.31833333333333336 0.05333333333333334 0.09000000000000001
0 0.7000000000000001 0.41500000000000004 0.04666666666666667 0.09666666666666668
0 0.63 0.24000000000000002 0.02 0.02
0 0.7333333333333334 0.24500000000000002 0.02 0.023333333333333334
0 0.6716666666666667 0.21000000000000002 0.016666666666666666 0.02
0 0.5416666666666667 0.375 0.016666666666666666 0.016666666666666666
0 0.5516666666666667 0.3466666666666667 0.01 0.013333333333333334
0 0.615 0.5916666666666667 0.043333333333333335 0.030000000000000002
0 0.5883333333333334 0.6283333333333334 0.043333333333333335 0.030000000000000002
0 0.5766666666666667 0.65 0.03333333333333333 0.02
0 0.56 0.6716666666666667 0.03333333333333333 0.023333333333333334
0 0.5366666666666667 0.6933333333333334 0.02 0.013333333333333334
0 0.5216666666666667 0.7116666666666667 0.016666666666666666 0.016666666666666666
0 0.4966666666666667 0.7266666666666667 0.02666666666666667 0.013333333333333334
0 0.48500000000000004 0.755 0.023333333333333334 0.023333333333333334
0 0.45833333333333337 0.7783333333333334 0.016666666666666666 0.023333333333333334
0 0.42500000000000004 0.8066666666666668 0.016666666666666666 0.02
0 0.4 0.8350000000000001 0.02 0.023333333333333334
0 0.33166666666666667 0.6533333333333333 0.023333333333333334 0.02666666666666667
0 0.2566666666666667 0.7566666666666667 0.03333333333333333 0.02666666666666667
0 0.2316666666666667 0.7833333333333334 0.030000000000000002 0.02666666666666667
0 0.21000000000000002 0.8116666666666668 0.03333333333333333 0.023333333333333334
0 0.18666666666666668 0.8333333333333334 0.02 0.013333333333333334
0 0.17500000000000002 0.8516666666666667 0.023333333333333334 0.023333333333333334
0 0.14500000000000002 0.8700000000000001 0.016666666666666666 0.02
0 0.12000000000000001 0.8933333333333334 0.02666666666666667 0.02
0 0.1 0.9183333333333334 0.02666666666666667 0.016666666666666666
0 0.07833333333333334 0.9400000000000001 0.023333333333333334 0.013333333333333334
0 0.49500000000000005 0.5216666666666667 0.043333333333333335 0.01
0 0.5433333333333333 0.5316666666666667 0.04666666666666667 0.01
0 0.5933333333333334 0.5433333333333333 0.04666666666666667 0.013333333333333334
0 0.6433333333333334 0.5483333333333333 0.04 0.016666666666666666
0 0.42500000000000004 0.5133333333333334 0.06333333333333334 0.013333333333333334
0 0.6916666666666668 0.555 0.03666666666666667 0.01
0 0.7483333333333334 0.5650000000000001 0.043333333333333335 0.01
0 0.9283333333333333 0.5966666666666667 0.043333333333333335 0.013333333333333334
0 0.9716666666666667 0.6016666666666667 0.03666666666666667 0.016666666666666666
