5 0.5158653846153847 0.09246794871794872 0.008012820512820512 0.020192307692307693
5 0.5253205128205128 0.1201923076923077 0.016025641025641024 0.022435897435897436
5 0.5165064102564103 0.13365384615384615 0.011217948717948718 0.019230769230769232
5 0.5386217948717948 0.4426282051282051 0.011858974358974358 0.015384615384615385
5 0.5429487179487179 0.4658653846153846 0.009615384615384616 0.0266025641025641
5 0.541826923076923 0.49278846153846156 0.007371794871794872 0.020833333333333332
5 0.5466346153846153 0.517147435897436 0.007371794871794872 0.020192307692307693
5 0.5485576923076924 0.5411858974358974 0.014423076923076924 0.020192307692307693
5 0.5509615384615385 0.5641025641025641 0.01282051282051282 0.022435897435897436
5 0.5613782051282051 0.5841346153846154 0.008012820512820512 0.027243589743589744
5 0.5738782051282051 0.6522435897435898 0.015064102564102564 0.0673076923076923
5 0.5706730769230769 0.6889423076923077 0.011858974358974358 0.017628205128205128
