0 0.16333333333333333 0.905 0.03333333333333333 0.05
0 0.2016666666666667 0.8983333333333334 0.030000000000000002 0.030000000000000002
0 0.2366666666666667 0.8716666666666667 0.03333333333333333 0.03666666666666667
0 0.265 0.8550000000000001 0.016666666666666666 0.023333333333333334
0 0.3116666666666667 0.8183333333333334 0.023333333333333334 0.023333333333333334
0 0.6016666666666667 0.5233333333333333 0.023333333333333334 0.02
0 0.5850000000000001 0.5433333333333333 0.023333333333333334 0.02
0 0.5716666666666667 0.5616666666666666 0.023333333333333334 0.016666666666666666
0 0.5516666666666667 0.5783333333333334 0.016666666666666666 0.016666666666666666
0 0.5366666666666667 0.5933333333333334 0.02 0.013333333333333334
0 0.525 0.6116666666666667 0.016666666666666666 0.016666666666666666
0 0.5083333333333334 0.6283333333333334 0.01 0.016666666666666666
0 0.49500000000000005 0.6416666666666667 0.016666666666666666 0.016666666666666666
0 0.48500000000000004 0.655 0.023333333333333334 0.023333333333333334
0 0.4666666666666667 0.6716666666666667 0.02 0.023333333333333334
0 0.4516666666666667 0.6883333333333334 0.016666666666666666 0.016666666666666666
0 0.43833333333333335 0.7016666666666667 0.016666666666666666 0.016666666666666666
0 0.42000000000000004 0.7116666666666667 0.02 0.016666666666666666
0 0.4083333333333334 0.7300000000000001 0.023333333333333334 0.02
0 0.39 0.7533333333333334 0.02 0.02
0 0.37000000000000005 0.765 0.013333333333333334 0.016666666666666666
0 0.555 0.4466666666666667 0.023333333333333334 0.02
0 0.5283333333333333 0.47500000000000003 0.023333333333333334 0.023333333333333334
0 0.5083333333333334 0.4966666666666667 0.016666666666666666 0.013333333333333334
0 0.43500000000000005 0.5850000000000001 0.023333333333333334 0.030000000000000002
0 0.135 0.9433333333333334 0.03666666666666667 0.02666666666666667
0 0.46166666666666667 0.5516666666666667 0.016666666666666666 0.016666666666666666
0 0.4766666666666667 0.5333333333333333 0.013333333333333334 0.013333333333333334
