0 0.8566666666666667 0.21833333333333335 0.02 0.023333333333333334
0 0.8250000000000001 0.24666666666666667 0.03666666666666667 0.02666666666666667
0 0.7933333333333333 0.2783333333333334 0.03333333333333333 0.023333333333333334
0 0.765 0.31 0.03666666666666667 0.02666666666666667
0 0.7333333333333334 0.33166666666666667 0.02 0.023333333333333334
0 0.7083333333333334 0.35833333333333334 0.023333333333333334 0.023333333333333334
0 0.6833333333333333 0.37833333333333335 0.03333333333333333 0.023333333333333334
0 0.6516666666666667 0.4066666666666667 0.03666666666666667 0.02666666666666667
0 0.63 0.43500000000000005 0.04 0.030000000000000002
0 0.6066666666666667 0.4633333333333334 0.02666666666666667 0.03333333333333333
0 0.5750000000000001 0.49500000000000005 0.03666666666666667 0.030000000000000002
0 0.5416666666666667 0.5233333333333333 0.043333333333333335 0.02666666666666667
0 0.5166666666666667 0.545 0.03333333333333333 0.030000000000000002
0 0.48833333333333334 0.5783333333333334 0.043333333333333335 0.023333333333333334
0 0.455 0.6116666666666667 0.07 0.043333333333333335
0 0.3566666666666667 0.7233333333333334 0.07333333333333333 0.04666666666666667
0 0.445 0.6516666666666667 0.016666666666666666 0.016666666666666666
0 0.3433333333333334 0.5166666666666667 0.03333333333333333 0.02
0 0.31333333333333335 0.5483333333333333 0.02666666666666667 0.023333333333333334
