5 0.4797661870503597 0.03484712230215827 0.012589928057553958 0.03372302158273381
5 0.5433902877697842 0.012814748201438849 0.01393884892086331 0.014838129496402879
5 0.5496852517985612 0.051034172661870505 0.015737410071942445 0.023830935251798562
5 0.5600269784172662 0.08925359712230216 0.01393884892086331 0.03732014388489209
5 0.6002697841726619 0.26326438848920863 0.01079136690647482 0.015737410071942445
5 0.6117356115107914 0.2990107913669065 0.012140287769784174 0.04316546762589928
5 0.6276978417266187 0.3891636690647482 0.012589928057553958 0.04181654676258993
5 0.6022931654676259 0.35386690647482016 0.012140287769784174 0.02068345323741007
5 0.639613309352518 0.5510341726618705 0.011241007194244606 0.02023381294964029
5 0.7263938848920863 0.8734262589928058 0.009442446043165468 0.014838129496402879
5 0.7410071942446044 0.9264838129496403 0.013489208633093526 0.022032374100719426
