5 0.3286802030456853 0.016751269035532996 0.012690355329949238 0.017258883248730966
5 0.35659898477157365 0.019796954314720814 0.014720812182741117 0.0233502538071066
5 0.3616751269035533 0.09543147208121829 0.0116751269035533 0.015228426395939087
5 0.367005076142132 0.13477157360406092 0.011167512690355331 0.012690355329949238
5 0.3771573604060914 0.19771573604060916 0.014213197969543147 0.03401015228426396
5 0.3649746192893401 0.19771573604060916 0.018274111675126905 0.016751269035532996
5 0.3477157360406092 0.19467005076142133 0.014213197969543147 0.019796954314720814
5 0.3474619289340102 0.22284263959390865 0.010659898477157361 0.022335025380710662
5 0.4403553299492386 0.40812182741116754 0.008629441624365483 0.048730964467005075
5 0.4390862944162437 0.667005076142132 0.014213197969543147 0.016243654822335026
5 0.4418781725888325 0.6852791878172589 0.019796954314720814 0.020304568527918784
