5 0.7822115384615385 0.006730769230769231 0.011858974358974358 0.013461538461538462
5 0.770673076923077 0.038301282051282054 0.020833333333333332 0.020833333333333332
5 0.7309294871794871 0.028365384615384615 0.016987179487179486 0.008653846153846154
5 0.7221153846153846 0.04246794871794872 0.010256410256410256 0.014423076923076924
5 0.6959935897435897 0.06041666666666667 0.014423076923076924 0.015064102564102564
5 0.6860576923076923 0.07996794871794871 0.020192307692307693 0.011217948717948718
5 0.6721153846153847 0.10721153846153846 0.016025641025641024 0.027243589743589744
5 0.6612179487179487 0.13782051282051283 0.015384615384615385 0.01282051282051282
5 0.6427884615384616 0.16810897435897437 0.01826923076923077 0.03685897435897436
5 0.6376602564102564 0.1971153846153846 0.011217948717948718 0.01282051282051282
5 0.6182692307692308 0.2246794871794872 0.01282051282051282 0.015384615384615385
5 0.5794871794871795 0.2916666666666667 0.01858974358974359 0.01282051282051282
5 0.5357371794871795 0.3581730769230769 0.017628205128205128 0.017628205128205128
5 0.5549679487179487 0.3732371794871795 0.014423076923076924 0.014423076923076924
5 0.5193910256410257 0.38974358974358975 0.013782051282051282 0.016666666666666666
5 0.44326923076923075 0.5136217948717948 0.010256410256410256 0.014423076923076924
5 0.4064102564102564 0.6530448717948718 0.01217948717948718 0.020833333333333332
5 0.37724358974358974 0.6870192307692308 0.028846153846153848 0.03621794871794872
