5 0.6635864135864136 0.2634865134865135 0.013486513486513486 0.02147852147852148
5 0.8538961038961039 0.01048951048951049 0.016483516483516484 0.015984015984015984
5 0.771978021978022 0.12887112887112886 0.032467532467532464 0.03896103896103896
5 0.580919080919081 0.3101898101898102 0.01898101898101898 0.01898101898101898
5 0.5232267732267732 0.3856143856143856 0.013486513486513486 0.011988011988011988
5 0.5469530469530469 0.39285714285714285 0.011988011988011988 0.026473526473526472
5 0.527972027972028 0.47027972027972026 0.00999000999000999 0.015484515484515484
5 0.5157342657342657 0.48276723276723277 0.012487512487512488 0.017482517482517484
5 0.5052447552447552 0.4975024975024975 0.012487512487512488 0.01998001998001998
5 0.4915084915084915 0.5212287712287712 0.016983016983016984 0.013486513486513486
5 0.492007992007992 0.5342157842157842 0.012987012987012988 0.013486513486513486
5 0.4772727272727273 0.5262237762237763 0.011488511488511488 0.016483516483516484
5 0.4645354645354645 0.5367132867132867 0.00999000999000999 0.014485514485514486
5 0.4478021978021978 0.5294705294705294 0.01848151848151848 0.014985014985014984
5 0.4303196803196803 0.5472027972027972 0.013486513486513486 0.023476523476523476
5 0.4110889110889111 0.5704295704295704 0.022977022977022976 0.027972027972027972
5 0.3876123876123876 0.593906093906094 0.014985014985014984 0.016983016983016984
5 0.3741258741258741 0.6138861138861139 0.017982017982017984 0.01898101898101898
5 0.3528971028971029 0.6383616383616384 0.013486513486513486 0.021978021978021976
5 0.3309190809190809 0.6510989010989011 0.017482517482517484 0.022477522477522476
5 0.4677822177822178 0.5659340659340659 0.013486513486513486 0.01898101898101898
5 0.45104895104895104 0.5826673326673326 0.011988011988011988 0.017482517482517484
5 0.43606393606393606 0.6048951048951049 0.008991008991008992 0.03496503496503497
5 0.3409090909090909 0.6960539460539461 0.008491508491508492 0.017482517482517484
5 0.3261738261738262 0.7524975024975025 0.010989010989010988 0.02047952047952048
5 0.3276723276723277 0.7282717282717283 0.012987012987012988 0.030969030969030968
5 0.3111888111888112 0.7557442557442557 0.013986013986013986 0.015984015984015984
5 0.3026973026973027 0.7737262737262737 0.017982017982017984 0.015984015984015984
5 0.2837162837162837 0.8014485514485514 0.017982017982017984 0.032467532467532464
