5 0.8426938369781312 0.03454274353876739 0.010437375745526839 0.013419483101391648
5 0.7852882703777335 0.04498011928429423 0.010934393638170973 0.017395626242544728
5 0.7703777335984094 0.06610337972166998 0.010934393638170973 0.014910536779324053
5 0.761182902584493 0.08300198807157057 0.009443339960238568 0.015904572564612324
5 0.7440357852882703 0.2092445328031809 0.011928429423459244 0.016898608349900594
5 0.7052683896620278 0.2137176938369781 0.014910536779324053 0.014910536779324053
5 0.680168986083499 0.21868787276341947 0.018389662027833 0.018886679920477135
5 0.6714711729622266 0.24130218687872762 0.009940357852882702 0.013419483101391648
5 0.6781809145129224 0.3059145129224652 0.012425447316103379 0.01540755467196819
5 0.6669980119284293 0.3210735586481113 0.010934393638170973 0.018886679920477135
5 0.6120775347912524 0.33399602385685884 0.009443339960238568 0.015904572564612324
5 0.6038767395626242 0.35437375745526833 0.015904572564612324 0.018886679920477135
5 0.5944333996023856 0.3851888667992047 0.013916500994035784 0.021868787276341946
5 0.6110834990059641 0.4038270377733598 0.011431411530815108 0.01640159045725646
5 0.5633697813121272 0.41575546719681905 0.011431411530815108 0.013419483101391648
5 0.5417495029821073 0.4435884691848906 0.012922465208747513 0.012425447316103379
5 0.5253479125248508 0.4343936381709741 0.011928429423459244 0.019880715705765405
5 0.5096918489065606 0.45626242544731604 0.01640159045725646 0.015904572564612324
5 0.49999999999999994 0.4734095427435387 0.018886679920477135 0.017395626242544728
5 0.4863320079522862 0.4888170974155069 0.017395626242544728 0.013419483101391648
5 0.4865805168986083 0.5074552683896619 0.015904572564612324 0.020874751491053677
5 0.46197813121272363 0.514910536779324 0.012425447316103379 0.017892644135188866
5 0.4490556660039761 0.5362823061630219 0.013419483101391648 0.016898608349900594
5 0.4336481113320079 0.555168986083499 0.014413518886679919 0.016898608349900594
5 0.41824055666003973 0.5777833001988071 0.013419483101391648 0.014413518886679919
5 0.4957753479125248 0.5350397614314115 0.012425447316103379 0.02037773359840954
5 0.4828528827037773 0.5579025844930416 0.011431411530815108 0.01540755467196819
5 0.4756461232604373 0.5782803180914512 0.014910536779324053 0.02037773359840954
5 0.4659542743538767 0.5984095427435387 0.01540755467196819 0.011928429423459244
5 0.4515407554671968 0.6135685884691848 0.013419483101391648 0.013419483101391648
5 0.4438369781312127 0.6279821073558648 0.010934393638170973 0.013419483101391648
5 0.42718687872763417 0.6538270377733598 0.017395626242544728 0.027335984095427434
5 0.4197316103379721 0.6814115308151093 0.01640159045725646 0.016898608349900594
5 0.39214711729622265 0.6704771371769384 0.014910536779324053 0.011928429423459244
5 0.36530815109343934 0.6963220675944334 0.017892644135188866 0.022862823061630216
5 0.32206759443339955 0.739314115308151 0.011928429423459244 0.017395626242544728
5 0.3173459244532803 0.7547216699801192 0.01640159045725646 0.01640159045725646
5 0.33648111332007946 0.735834990059642 0.013916500994035784 0.01938369781312127
5 0.27708747514910537 0.8076540755467196 0.018389662027833 0.03876739562624254
