5 0.9788557213930348 0.38681592039800994 0.03233830845771144 0.017412935323383085
5 0.7333333333333333 0.4798507462686567 0.011940298507462685 0.014427860696517412
5 0.5713930348258706 0.5263681592039801 0.03731343283582089 0.012935323383084577
5 0.5248756218905473 0.545771144278607 0.046766169154228855 0.014925373134328358
5 0.44751243781094524 0.6124378109452736 0.048258706467661686 0.031840796019900496
5 0.30771144278606966 0.6751243781094527 0.016417910447761194 0.011940298507462685
5 0.2803482587064676 0.6835820895522388 0.017412935323383085 0.013930348258706466
5 0.2597014925373134 0.6898009950248756 0.01890547263681592 0.00945273631840796
5 0.24676616915422883 0.6950248756218905 0.022885572139303482 0.011940298507462685
5 0.2181592039800995 0.6843283582089552 0.016417910447761194 0.01243781094527363
5 0.19875621890547263 0.6962686567164179 0.017412935323383085 0.014427860696517412
5 0.17761194029850746 0.7087064676616915 0.015920398009950248 0.00945273631840796
5 0.14054726368159204 0.7313432835820896 0.023383084577114428 0.008955223880597014
5 0.15 0.7144278606965173 0.015422885572139302 0.0059701492537313425
5 0.1345771144278607 0.7460199004975124 0.013432835820895522 0.006467661691542288
5 0.08880597014925373 0.7584577114427861 0.013432835820895522 0.00945273631840796
5 0.0681592039800995 0.7669154228855721 0.014925373134328358 0.01044776119402985
5 0.04850746268656716 0.7731343283582089 0.015422885572139302 0.011940298507462685
5 0.026865671641791045 0.785323383084577 0.02388059701492537 0.014427860696517412
