5 0.78587319243604 0.3818131256952169 0.00778642936596218 0.009454949944382647
5 0.7294215795328143 0.41546162402669634 0.013904338153503892 0.011123470522803115
5 0.6387652947719689 0.4710789766407119 0.04949944382647386 0.013348164627363737
5 0.5956618464961068 0.4949944382647386 0.024471635150166853 0.010011123470522803
5 0.5647942157953282 0.5038932146829811 0.01835372636262514 0.012235817575083427
5 0.5069521690767519 0.4922135706340378 0.01946607341490545 0.011123470522803115
5 0.4844271412680756 0.49972191323692994 0.034482758620689655 0.01167964404894327
5 0.45912124582869857 0.5086206896551724 0.01835372636262514 0.01167964404894327
5 0.34454949944382646 0.5597886540600667 0.015016685205784204 0.012791991101223582
5 0.32397107897664074 0.5667408231368187 0.01835372636262514 0.011123470522803115
5 0.29810901001112344 0.5775862068965517 0.026696329254727473 0.01167964404894327
5 0.2761401557285873 0.5942714126807563 0.0339265850945495 0.01167964404894327
5 0.22385984427141267 0.6087319243604005 0.01835372636262514 0.01167964404894327
5 0.2505561735261402 0.6259733036707452 0.01835372636262514 0.015016685205784204
5 0.23053392658509456 0.6304226918798665 0.016129032258064516 0.012791991101223582
5 0.21357063403781978 0.6384872080088988 0.01668520578420467 0.011123470522803115
5 0.17853170189099 0.6490545050055617 0.05450500556173526 0.011123470522803115
5 0.14126807563959956 0.6459955506117909 0.01668520578420467 0.01167964404894327
5 0.11457174638487208 0.6523915461624027 0.03781979977753059 0.01668520578420467
5 0.09872080088987764 0.6690767519466073 0.012791991101223582 0.012235817575083427
5 0.05978865406006674 0.6946607341490545 0.020578420467185762 0.011123470522803115
5 0.023081201334816462 0.6988320355951056 0.020578420467185762 0.013904338153503892
5 0.026696329254727473 0.6977196885428254 0.0011123470522803114 0.0005561735261401557
