5 0.04628463476070529 0.2496851385390428 0.011964735516372796 0.010705289672544081
5 0.0491183879093199 0.2723551637279597 0.011335012594458438 0.015743073047858942
5 0.11870277078085642 0.2931360201511335 0.005667506297229219 0.009445843828715364
5 0.14546599496221663 0.3079345088161209 0.0163727959697733 0.013853904282115869
5 0.19395465994962216 0.3003778337531486 0.012594458438287152 0.013853904282115869
5 0.2632241813602015 0.3409949622166247 0.01889168765743073 0.01322418136020151
5 0.48079345088161207 0.47323677581863977 0.018261964735516372 0.017002518891687655
5 0.5179471032745592 0.5025188916876574 0.01952141057934509 0.015113350125944584
5 0.5724181360201511 0.5204659949622166 0.010075566750629723 0.011964735516372796
5 0.5856423173803527 0.528337531486146 0.0163727959697733 0.011335012594458438
5 0.6161838790931989 0.5412468513853904 0.01322418136020151 0.010705289672544081
5 0.7402392947103275 0.5954030226700252 0.017002518891687655 0.01322418136020151
5 0.04030226700251889 0.2858942065491184 0.07556675062972291 0.041561712846347604
