5 0.9520865533230294 0.336424523441525 0.04533745492014426 0.020607934054611025
5 0.8887171561051005 0.38845955692941786 0.02163833075734158 0.02163833075734158
5 0.8253477588871716 0.41421947449768165 0.019577537351880475 0.014425553838227719
5 0.7928902627511593 0.4276146316331788 0.025759917568263783 0.015455950540958269
5 0.773827923750644 0.4366306027820711 0.02266872746007213 0.014940752189592994
5 0.7292632663575477 0.4605873261205564 0.03967027305512623 0.01648634724368882
5 0.7019577537351881 0.4806800618238022 0.029366306027820713 0.015455950540958269
5 0.670015455950541 0.505667181865018 0.02627511591962906 0.024214322514167955
5 0.640133951571355 0.5193199381761978 0.02524471921689851 0.020607934054611025
5 0.6138588356517259 0.5883565172591448 0.02009273570324575 0.01751674394641937
5 0.41293147861926843 0.6354971664090675 0.030396702730551263 0.022153529108706854
5 0.40674909840288515 0.5618238021638331 0.023183925811437404 0.014940752189592994
5 0.38562596599690885 0.67284904688305 0.03554868624420402 0.02266872746007213
5 0.3178773827923751 0.6991241628026791 0.01751674394641937 0.015455950540958269
5 0.2771767130345183 0.676455435342607 0.020607934054611025 0.012364760432766617
5 0.270994332818135 0.6051004636785162 0.015455950540958269 0.013910355486862442
5 0.20401854714064915 0.7009273570324576 0.018547140649149925 0.0190623390005152
5 0.20865533230293665 0.7429160226687275 0.02266872746007213 0.01751674394641937
5 0.2424008243173622 0.759659969088099 0.015971148892323546 0.012879958784131892
5 0.11205564142194746 0.7181865018031942 0.03245749613601236 0.013395157135497167
5 0.13858835651725915 0.7398248325605359 0.02266872746007213 0.012364760432766617
5 0.1151468315301391 0.7493560020607934 0.017001545595054096 0.012879958784131892
5 0.03580628541988666 0.7521895929933025 0.02627511591962906 0.015455950540958269
5 0.05486862442040186 0.7660999484801649 0.01184956208140134 0.012364760432766617
5 0.059763008758371976 0.7928902627511593 0.027820710973724884 0.011334363730036065
5 0.030139103554868627 0.8060278207109738 0.022153529108706854 0.013910355486862442
5 0.03683668212261721 0.773827923750644 0.02009273570324575 0.014425553838227719
5 0.011591962905718702 0.7908294693456981 0.0190623390005152 0.01751674394641937
