5 0.9473229706390328 0.7967184801381693 0.015544041450777202 0.013471502590673574
5 0.8974093264248705 0.8272884283246977 0.015198618307426597 0.016580310880829015
5 0.8307426597582037 0.7272884283246978 0.015198618307426597 0.011398963730569948
5 0.7215889464594127 0.6936096718480138 0.016580310880829015 0.015889464594127805
5 0.6734024179620034 0.6397236614853195 0.0231433506044905 0.014507772020725389
5 0.5880829015544041 0.5987910189982728 0.012089810017271156 0.012780656303972366
5 0.5595854922279793 0.5818652849740933 0.014507772020725389 0.011398963730569948
5 0.4677029360967185 0.5272884283246977 0.013816925734024179 0.01623488773747841
5 0.3922279792746114 0.5221070811744387 0.012089810017271156 0.016925734024179618
5 0.3652849740932642 0.5169257340241796 0.017616580310880828 0.011398963730569948
5 0.34231433506044906 0.5072538860103627 0.024870466321243522 0.012780656303972366
5 0.3146804835924007 0.4355785837651122 0.014507772020725389 0.009671848013816925
5 0.17461139896373057 0.38877374784110535 0.018307426597582038 0.013471502590673574
5 0.19101899827288427 0.4012089810017271 0.014507772020725389 0.012780656303972366
5 0.21053540587219344 0.40604490500863555 0.016925734024179618 0.012780656303972366
5 0.2236614853195164 0.414853195164076 0.012089810017271156 0.015889464594127805
5 0.24075993091537132 0.4260794473229706 0.01934369602763385 0.021070811744386873
