5 0.019 0.3355 0.016 0.015
5 0.006 0.38675 0.011 0.0145
5 0.17325000000000002 0.375 0.0155 0.011
5 0.14025 0.42575 0.0145 0.0115
5 0.15975 0.43725 0.0105 0.0085
5 0.177 0.44675000000000004 0.016 0.0155
5 0.2965 0.462 0.012 0.012
5 0.339 0.46825 0.02 0.0105
5 0.376 0.4805 0.011 0.011
5 0.26675 0.51275 0.0165 0.0185
5 0.45575 0.58875 0.0165 0.0085
5 0.47050000000000003 0.60675 0.016 0.0175
5 0.49275 0.6105 0.0205 0.016
5 0.7045 0.644 0.011 0.016
5 0.78725 0.7020000000000001 0.0125 0.013000000000000001
5 0.8315 0.7312500000000001 0.014 0.0125
5 0.7555000000000001 0.74875 0.011 0.0155
