5 0.06633663366336634 0.30816831683168316 0.01485148514851485 0.018316831683168316
5 0.08168316831683169 0.34430693069306934 0.01089108910891089 0.018316831683168316
5 0.10346534653465346 0.34381188118811884 0.01485148514851485 0.009405940594059406
5 0.12029702970297029 0.36287128712871286 0.015841584158415842 0.01881188118811881
5 0.19876237623762377 0.4141089108910891 0.012376237623762377 0.009405940594059406
5 0.2896039603960396 0.5185643564356436 0.01485148514851485 0.009405940594059406
5 0.40643564356435646 0.48935643564356435 0.013861386138613862 0.009405940594059406
5 0.3873762376237624 0.5450495049504951 0.017326732673267328 0.012871287128712872
5 0.4386138613861386 0.5591584158415842 0.012871287128712872 0.012376237623762377
5 0.451980198019802 0.5373762376237624 0.013861386138613862 0.014356435643564357
5 0.48316831683168315 0.5534653465346535 0.015841584158415842 0.017821782178217824
5 0.5769801980198019 0.5680693069306931 0.012376237623762377 0.012376237623762377
5 0.6079207920792079 0.6116336633663366 0.02277227722772277 0.016336633663366337
5 0.6547029702970297 0.6358910891089109 0.015346534653465346 0.013366336633663366
5 0.718069306930693 0.6324257425742574 0.013366336633663366 0.012376237623762377
5 0.7381188118811881 0.6440594059405941 0.015841584158415842 0.012871287128712872
5 0.7153465346534653 0.6846534653465347 0.011881188118811881 0.01485148514851485
5 0.804950495049505 0.679950495049505 0.033663366336633666 0.02128712871287129
5 0.9138613861386139 0.7289603960396039 0.013861386138613862 0.012376237623762377
5 0.8537128712871287 0.752970297029703 0.013366336633663366 0.016831683168316833
