5 0.020066889632107024 0.26226309921962093 0.0379041248606466 0.028428093645484948
5 0.035395763656633224 0.306298773690078 0.020624303232998884 0.015050167224080268
5 0.15189520624303232 0.27842809364548493 0.020624303232998884 0.015050167224080268
5 0.16917502787068003 0.2931995540691193 0.023968784838350056 0.012263099219620958
5 0.18255295429208473 0.3054626532887402 0.02508361204013378 0.012263099219620958
5 0.20652173913043478 0.3280379041248606 0.022853957636566332 0.00947603121516165
5 0.3232998885172798 0.3857302118171683 0.013377926421404682 0.014492753623188406
5 0.2140468227424749 0.35172798216276474 0.014492753623188406 0.010033444816053512
5 0.2709030100334448 0.41025641025641024 0.020066889632107024 0.010033444816053512
5 0.38238573021181715 0.4018952062430323 0.021181716833890748 0.015607580824972128
5 0.4149944258639911 0.47519509476031213 0.015050167224080268 0.015050167224080268
5 0.45540691192865107 0.4701783723522854 0.014492753623188406 0.01282051282051282
5 0.4551282051282051 0.48494983277591974 0.020624303232998884 0.014492753623188406
5 0.4640468227424749 0.4986064659977703 0.020624303232998884 0.016164994425863992
5 0.5721850613154961 0.5574136008918618 0.028428093645484948 0.016722408026755852
5 0.6806020066889632 0.576644370122631 0.021181716833890748 0.016164994425863992
5 0.705685618729097 0.532608695652174 0.013377926421404682 0.011705685618729096
5 0.9751950947603122 0.6538461538461539 0.02508361204013378 0.0189520624303233
5 0.830546265328874 0.6123188405797101 0.024526198439241916 0.015050167224080268
5 0.8993868450390189 0.6577480490523969 0.018394648829431436 0.014492753623188406
5 0.9568004459308806 0.7112597547380156 0.01282051282051282 0.0189520624303233
