5 0.13412514484356894 0.30677867902665124 0.022595596755504054 0.014484356894553881
5 0.12282734646581692 0.31488991888760137 0.01738122827346466 0.009849362688296639
5 0.14310544611819234 0.33227114716106604 0.015063731170336037 0.014484356894553881
5 0.1593279258400927 0.33951332560834296 0.016222479721900347 0.012746234067207415
5 0.18337195828505215 0.3519698725376593 0.019119351100811123 0.00869061413673233
5 0.2033603707995365 0.3600811123986095 0.015063731170336037 0.014484356894553881
5 0.21813441483198145 0.38006952491309387 0.017960602549246814 0.012746234067207415
5 0.24768250289687138 0.39310544611819237 0.04577056778679026 0.026071842410196985
5 0.27114716106604864 0.43568945538818077 0.02549246813441483 0.010428736964078795
5 0.369351100811124 0.4017960602549247 0.024913093858632676 0.01216685979142526
5 0.3887601390498262 0.42033603707995365 0.01738122827346466 0.01100811123986095
5 0.39976825028968715 0.4313441483198146 0.02549246813441483 0.015643105446118192
5 0.4241019698725377 0.45538818076477405 0.023174971031286212 0.012746234067207415
5 0.4362688296639629 0.4762456546929316 0.015063731170336037 0.010428736964078795
5 0.48899188876013905 0.5327346465816918 0.01738122827346466 0.00869061413673233
5 0.5405561993047509 0.5060834298957126 0.012746234067207415 0.01100811123986095
5 0.5947276940903824 0.5208574739281576 0.009849362688296639 0.015063731170336037
5 0.6373117033603708 0.537369640787949 0.0220162224797219 0.013325608342989572
5 0.7844727694090382 0.574739281575898 0.013904982618771726 0.011587485515643106
5 0.6694669756662804 0.5854577056778679 0.017960602549246814 0.015643105446118192
5 0.6318076477404403 0.5926998841251448 0.014484356894553881 0.013904982618771726
5 0.6657010428736964 0.5984936268829664 0.012746234067207415 0.010428736964078795
5 0.671784472769409 0.6092120509849362 0.013325608342989572 0.01100811123986095
5 0.8867323290845887 0.6112398609501738 0.02954808806488992 0.015063731170336037
5 0.787369640787949 0.6694669756662804 0.027809965237543453 0.014484356894553881
5 0.8948435689455388 0.6874275782155272 0.01216685979142526 0.01216685979142526
