5 0.5810897435897436 0.5003205128205128 0.016666666666666666 0.029487179487179487
5 0.4592948717948718 0.06041666666666667 0.010256410256410256 0.015064102564102564
5 0.4669871794871795 0.08685897435897436 0.01282051282051282 0.015384615384615385
5 0.4733974358974359 0.1330128205128205 0.01282051282051282 0.01282051282051282
5 0.46121794871794874 0.21153846153846154 0.009615384615384616 0.009615384615384616
5 0.5137820512820512 0.2482371794871795 0.008974358974358974 0.014423076923076924
5 0.4841346153846154 0.2644230769230769 0.010576923076923078 0.019230769230769232
5 0.4953525641025641 0.29086538461538464 0.010576923076923078 0.011217948717948718
5 0.514102564102564 0.3088141025641026 0.01282051282051282 0.015064102564102564
5 0.5346153846153846 0.3841346153846154 0.01217948717948718 0.016987179487179486
