5 0.10800326663944468 0.39608003266639447 0.01755818701510821 0.013883217639853002
5 0.07982850142915476 0.39608003266639447 0.020824826459779504 0.012249897917517355
5 0.04001633319722336 0.39342588811759904 0.02694977541853818 0.012658227848101267
5 0.20089832584728462 0.38219681502654146 0.013066557778685178 0.008166598611678236
5 0.35300122498979175 0.42486729277256025 0.009391588403429973 0.008574928542262147
5 0.4706002449979584 0.43609636586361783 0.02245814618211515 0.012249897917517355
5 0.5500204164965292 0.47590853409554923 0.01796651694569212 0.012658227848101267
5 0.6682319314005717 0.523478971008575 0.016741527153940384 0.012249897917517355
5 0.6864026133115557 0.5265414454879543 0.00898325847284606 0.016741527153940384
5 0.791547570436913 0.559820334830543 0.021641486320947326 0.016333197223356473
5 0.9904042466312781 0.588199265006125 0.014291547570436915 0.011841567986933442
