5 0.15151515151515152 0.45161290322580644 0.01759530791788856 0.015640273704789834
5 0.15566959921798632 0.46529814271749753 0.021016617790811338 0.011730205278592375
5 0.1823069403714565 0.4572336265884653 0.015640273704789834 0.009286412512218964
5 0.2001466275659824 0.46309872922776146 0.014173998044965786 0.010263929618768328
5 0.22311827956989247 0.47214076246334313 0.016129032258064516 0.015640273704789834
5 0.24437927663734116 0.4767839687194526 0.012707722385141739 0.01710654936461388
5 0.2702834799608993 0.4772727272727273 0.03616813294232649 0.014173998044965786
5 0.30669599217986315 0.48655913978494625 0.020039100684261974 0.010263929618768328
5 0.323802541544477 0.46896383186705765 0.018084066471163247 0.012218963831867057
5 0.5293255131964809 0.5281036168132942 0.013685239491691105 0.011241446725317693
5 0.4430596285434995 0.5413000977517106 0.01906158357771261 0.014173998044965786
5 0.41544477028348 0.5427663734115347 0.015640273704789834 0.010263929618768328
5 0.3787878787878788 0.5403225806451613 0.02932551319648094 0.012218963831867057
5 0.553763440860215 0.5706256109481916 0.01466275659824047 0.016129032258064516
5 0.5982404692082112 0.5913978494623656 0.012707722385141739 0.011730205278592375
5 0.6598240469208211 0.5647605083088955 0.015640273704789834 0.012218963831867057
5 0.7035679374389052 0.5747800586510264 0.013196480938416423 0.012707722385141739
5 0.6881720430107527 0.5750244379276638 0.015640273704789834 0.012218963831867057
5 0.6864613880742912 0.5865102639296188 0.014173998044965786 0.009775171065493646
5 0.8123167155425219 0.592375366568915 0.02737047898338221 0.011730205278592375
5 0.8966275659824047 0.6378299120234604 0.013196480938416423 0.012707722385141739
5 0.9020039100684262 0.6857282502443792 0.01710654936461388 0.010752688172043012
