5 0.09541511771995044 0.39312267657992567 0.023543990086741018 0.00929368029739777
5 0.15861214374225527 0.42967781908302355 0.009913258983890954 0.011771995043370509
5 0.3952912019826518 0.4628252788104089 0.023543990086741018 0.011152416356877323
5 0.35718711276332094 0.5065055762081785 0.019206939281288724 0.011771995043370509
5 0.6703841387856257 0.5254027261462205 0.011152416356877323 0.012391573729863693
5 0.7307930607187113 0.548636926889715 0.014250309789343246 0.0080545229244114
5 0.7623915737298637 0.5597893432465924 0.00929368029739777 0.0080545229244114
5 0.718091697645601 0.5833333333333334 0.01486988847583643 0.013011152416356878
5 0.49380421313506817 0.5285006195786865 0.01486988847583643 0.012391573729863693
5 0.5226146220570013 0.5337670384138785 0.019206939281288724 0.011771995043370509
5 0.9631350681536556 0.6471499380421314 0.014250309789343246 0.011771995043370509
