5 0.027673293927995703 0.29124126813541107 0.01665771090811392 0.018269747447608814
5 0.07818377216550243 0.3296614723267061 0.013433637829124127 0.015583019881783988
5 0.18377216550241807 0.3600214938205266 0.017195056421278884 0.008597528210639442
5 0.23777538957549707 0.3927995701235895 0.02525523911875336 0.013970983342289092
5 0.17356260075228372 0.40085975282106395 0.020419129500268675 0.012896292315959162
5 0.09269210102095649 0.36700698549167116 0.019881783987103708 0.017195056421278884
5 0.055077915099408924 0.34551316496507256 0.018807092960773777 0.007522837184309511
5 0.15341214400859754 0.40865126276195596 0.029554003224073082 0.017732401934443847
5 0.20096722192369695 0.4363245566899517 0.022568511552928536 0.017195056421278884
5 0.2724341751746373 0.4406233207952714 0.012896292315959162 0.008597528210639442
5 0.29043524986566366 0.45378828586781306 0.01665771090811392 0.015583019881783988
5 0.31998925308973675 0.4739387426114992 0.018807092960773777 0.016120365394948953
5 0.43847393874261154 0.5429876410531972 0.013970983342289092 0.012358946802794198
5 0.3866200967221924 0.5464803868887695 0.013433637829124127 0.015045674368619023
5 0.32885545405695865 0.5177324019344439 0.015045674368619023 0.011284255776464268
5 0.6534121440085976 0.6665771090811392 0.016120365394948953 0.013433637829124127
5 0.6569048898441698 0.7130574959699088 0.017732401934443847 0.012896292315959162
5 0.7751209027404622 0.754970445996776 0.018807092960773777 0.013970983342289092
5 0.8481998925308974 0.7477162815690489 0.019881783987103708 0.015583019881783988
5 0.7877485222998388 0.7721655024180548 0.017195056421278884 0.016120365394948953
5 0.8272434175174638 0.8092423428264375 0.018807092960773777 0.017195056421278884
5 0.8444384739387427 0.8181085437936594 0.015583019881783988 0.009134873723804407
5 0.8584094572810318 0.8259000537345513 0.017732401934443847 0.016120365394948953
