5 0.7283027965284474 0.7273384763741563 0.012054001928640309 0.01591128254580521
5 0.6345226615236259 0.5901639344262295 0.01446480231436837 0.01832208293153327
5 0.6769527483124398 0.6219864995178399 0.013500482160077145 0.012536162005785922
5 0.031099324975891997 0.18514946962391515 0.012054001928640309 0.012536162005785922
5 0.04652844744455159 0.19382835101253618 0.011089681774349084 0.012536162005785922
5 0.08220829315332691 0.2143201542912247 0.011089681774349084 0.01591128254580521
5 0.044840887174541946 0.24324975891996142 0.012536162005785922 0.014946962391513984
5 0.06195756991321119 0.2528929604628737 0.012054001928640309 0.01591128254580521
5 0.07666345226615237 0.26735776277724205 0.017357762777242044 0.013982642237222759
5 0.08992285438765671 0.27555448408871747 0.013018322082931534 0.012054001928640309
5 0.10559305689488911 0.2890549662487946 0.012536162005785922 0.014946962391513984
5 0.22107039537126327 0.32569913211186113 0.01591128254580521 0.013018322082931534
5 0.2543394406943105 0.33413693346190937 0.023625843780135006 0.01639344262295082
5 0.23529411764705882 0.3787367405978785 0.017357762777242044 0.013018322082931534
5 0.7668756027000965 0.6810511089681774 0.012054001928640309 0.016875602700096432
5 0.7876084860173578 0.7046769527483124 0.01012536162005786 0.016875602700096432
