5 0.08080808080808081 0.1133557800224467 0.01346801346801347 0.017957351290684626
5 0.1251402918069585 0.15656565656565657 0.010101010101010102 0.01234567901234568
5 0.08024691358024692 0.17873176206509542 0.014590347923681258 0.014029180695847365
5 0.18602693602693604 0.21043771043771045 0.015151515151515152 0.01346801346801347
5 0.20089786756453426 0.24971941638608308 0.014590347923681258 0.019079685746352416
5 0.1442199775533109 0.23597081930415265 0.01234567901234568 0.015151515151515152
5 0.2730078563411897 0.3159371492704826 0.011784511784511786 0.017957351290684626
5 0.29012345679012347 0.3714927048260382 0.020202020202020204 0.019079685746352416
5 0.3316498316498317 0.37177328843995516 0.015712682379349047 0.015151515151515152
5 0.35746352413019084 0.39197530864197533 0.008978675645342313 0.010662177328843996
5 0.35830527497194165 0.4088103254769922 0.01739618406285073 0.016273849607182943
