5 0.019146608315098467 0.20432166301969365 0.015317286652078774 0.014770240700218817
5 0.023796498905908094 0.26449671772428884 0.013676148796498906 0.010393873085339168
5 0.09682713347921225 0.2809080962800875 0.01312910284463895 0.012582056892778993
5 0.0826039387308534 0.25054704595185995 0.016411378555798686 0.014223194748358862
5 0.11187089715536104 0.26723194748358864 0.021334792122538294 0.019146608315098467
5 0.13977024070021882 0.28938730853391686 0.030087527352297593 0.024070021881838072
5 0.137582056892779 0.3227571115973742 0.012582056892778993 0.015317286652078774
5 0.11132385120350109 0.33725382932166303 0.019146608315098467 0.010393873085339168
5 0.14195842450765864 0.35530634573304154 0.016958424507658644 0.01586433260393873
5 0.2314004376367615 0.361870897155361 0.019693654266958426 0.01586433260393873
5 0.275164113785558 0.3908643326039387 0.02735229759299781 0.022428884026258204
5 0.21416849015317285 0.39688183807439825 0.014770240700218817 0.010393873085339168
5 0.18271334792122537 0.39414660831509846 0.0350109409190372 0.03446389496717724
5 0.2314004376367615 0.43435448577680524 0.022975929978118162 0.0175054704595186
5 0.30470459518599563 0.4515864332603939 0.0262582056892779 0.021334792122538294
5 0.3399890590809628 0.47921225382932164 0.01586433260393873 0.019693654266958426
5 0.34409190371991244 0.5188730853391684 0.015317286652078774 0.014770240700218817
5 0.3966083150984683 0.5530634573304157 0.015317286652078774 0.015317286652078774
5 0.4195842450765864 0.5544310722100656 0.015317286652078774 0.012582056892778993
5 0.44091903719912473 0.5577133479212254 0.01312910284463895 0.014770240700218817
5 0.5473194748358862 0.649070021881838 0.010393873085339168 0.010393873085339168
5 0.6280087527352297 0.6955689277899343 0.018599562363238512 0.012582056892778993
5 0.6241794310722101 0.736597374179431 0.019693654266958426 0.016958424507658644
5 0.6958424507658643 0.7437089715536105 0.0175054704595186 0.01586433260393873
5 0.7964989059080962 0.7893873085339168 0.0175054704595186 0.015317286652078774
