5 0.10445615716339243 0.2846190704360326 0.015333013895543843 0.014374700527072353
5 0.29060852898897943 0.42189746046957355 0.02156205079060853 0.016770483948251078
5 0.08840440824149497 0.3291806420699569 0.011978917105893628 0.010541447053186392
5 0.10373742213703882 0.3387637757546718 0.011978917105893628 0.008624820316243412
5 0.060613320555821755 0.3030666027791088 0.011978917105893628 0.012937230474365118
5 0.07402970771442262 0.27168183996166745 0.013895543842836608 0.010541447053186392
5 0.2453282223287015 0.42261619549592716 0.016291327264015335 0.013416387158600863
5 0.4432199329180642 0.5177287973167226 0.014374700527072353 0.011978917105893628
5 0.3814087206516531 0.5007187350263537 0.015333013895543843 0.013416387158600863
5 0.4144705318639195 0.4940105414470532 0.009583133684714902 0.014374700527072353
