5 0.36746794871794874 0.32211538461538464 0.017628205128205128 0.016025641025641024
5 0.5610576923076923 0.4794871794871795 0.020192307692307693 0.010256410256410256
5 0.5110576923076923 0.48028846153846155 0.02403846153846154 0.020192307692307693
5 0.6344551282051282 0.5243589743589744 0.014423076923076924 0.015384615384615385
5 0.6940705128205128 0.5604166666666667 0.011858974358974358 0.015064102564102564
5 0.6551282051282051 0.566025641025641 0.016025641025641024 0.01217948717948718
5 0.22532051282051282 0.28958333333333336 0.016666666666666666 0.015064102564102564
5 0.3503205128205128 0.3701923076923077 0.01217948717948718 0.01282051282051282
5 0.3631410256410256 0.3782051282051282 0.013461538461538462 0.00641025641025641
5 0.37756410256410255 0.38974358974358975 0.013461538461538462 0.007051282051282051
