5 0.13324112494236975 0.227293683725219 0.02305209774089442 0.015675426463808206
5 0.0714615029967727 0.16436145689257722 0.011065006915629321 0.007837713231904103
5 0.21784232365145229 0.29483633010603966 0.012448132780082987 0.01429230059935454
5 0.37136929460580914 0.3531581373905025 0.01429230059935454 0.011987090825265098
5 0.42254495159059474 0.3953434762563393 0.00875979714153988 0.01705855232826187
5 0.532964499769479 0.42577224527431995 0.011987090825265098 0.00875979714153988
5 0.5802213001383125 0.4520516366989396 0.009681881051175657 0.007837713231904103
5 0.5942830797602582 0.46334716459197783 0.018441678192715538 0.012909174734900875
5 0.6440756108805901 0.520977408944214 0.02858460119870908 0.02028584601198709
5 0.6839557399723375 0.549100968188105 0.010603964960811434 0.011065006915629321
5 0.8204241585984324 0.6307053941908713 0.012448132780082987 0.010142923005993546
5 0.7909174734900876 0.6286307053941909 0.012448132780082987 0.005993545412632549
5 0.7623328722913785 0.6297833102812356 0.012448132780082987 0.007376671277086215
5 0.5232826187183034 0.4681881051175657 0.011987090825265098 0.01429230059935454
5 0.42992162286768093 0.4354541263254956 0.02074688796680498 0.01429230059935454
5 0.491701244813278 0.4492853849700323 0.013370216689718764 0.00875979714153988
5 0.2888427846934071 0.343015214384509 0.0198248040571692 0.011987090825265098
