5 0.06506410256410257 0.1233974358974359 0.01217948717948718 0.01282051282051282
5 0.3855769230769231 0.3280448717948718 0.015384615384615385 0.007371794871794872
5 0.4032051282051282 0.3419871794871795 0.025 0.019230769230769232
5 0.42403846153846153 0.3592948717948718 0.016666666666666666 0.015384615384615385
5 0.5850961538461539 0.47996794871794873 0.020192307692307693 0.011217948717948718
5 0.6174679487179487 0.5123397435897435 0.011217948717948718 0.016987179487179486
5 0.5346153846153846 0.4791666666666667 0.01217948717948718 0.009615384615384616
5 0.6371794871794871 0.5120192307692307 0.007051282051282051 0.014423076923076924
5 0.6636217948717948 0.5375 0.010576923076923078 0.016025641025641024
5 0.6959935897435897 0.5608974358974359 0.027243589743589744 0.02564102564102564
5 0.8695512820512821 0.6669871794871794 0.04423076923076923 0.032692307692307694
