5 0.6288461538461538 0.2498397435897436 0.00641025641025641 0.017628205128205128
5 0.6254807692307692 0.2708333333333333 0.011217948717948718 0.01282051282051282
5 0.6262820512820513 0.29086538461538464 0.009615384615384616 0.020833333333333332
5 0.5879807692307693 0.4375 0.011217948717948718 0.016025641025641024
5 0.6118589743589744 0.4754807692307692 0.01282051282051282 0.015064102564102564
5 0.6075320512820512 0.5136217948717948 0.013782051282051282 0.011217948717948718
5 0.6147435897435898 0.5262820512820513 0.010256410256410256 0.009615384615384616
5 0.604326923076923 0.5625 0.010576923076923078 0.009615384615384616
5 0.6046474358974359 0.6017628205128205 0.011217948717948718 0.03365384615384615
5 0.6080128205128205 0.7863782051282051 0.00641025641025641 0.06314102564102564
