5 0.30996801705756927 0.4877398720682303 0.022921108742004263 0.009594882729211086
5 0.3272921108742004 0.4994669509594883 0.019189765458422173 0.014925373134328358
5 0.35421108742004265 0.5106609808102345 0.028251599147121536 0.02025586353944563
5 0.5298507462686567 0.625 0.019189765458422173 0.01652452025586354
5 0.5892857142857143 0.6167377398720683 0.015458422174840085 0.01279317697228145
5 0.6412579957356077 0.6449893390191898 0.01279317697228145 0.01812366737739872
5 0.6609808102345416 0.6412579957356077 0.011727078891257996 0.009594882729211086
5 0.7046908315565031 0.6703091684434968 0.013859275053304903 0.014392324093816631
5 0.7497334754797441 0.69136460554371 0.030383795309168442 0.021321961620469083
5 0.9757462686567164 0.7785181236673774 0.033582089552238806 0.020788912579957356
