5 0.8678909952606636 0.3498222748815166 0.06398104265402844 0.032582938388625596
5 0.6309241706161138 0.4505331753554503 0.016587677725118485 0.011255924170616115
5 0.6143364928909953 0.461196682464455 0.024881516587677725 0.01481042654028436
5 0.5704976303317536 0.47630331753554506 0.014218009478672987 0.015402843601895736
5 0.5260663507109005 0.5130331753554502 0.014218009478672987 0.009478672985781991
5 0.5002962085308057 0.5103672985781991 0.01599526066350711 0.01481042654028436
5 0.4499407582938389 0.541765402843602 0.01481042654028436 0.010071090047393365
5 0.38477488151658773 0.537914691943128 0.021919431279620854 0.013033175355450238
5 0.15936018957345974 0.6996445497630333 0.024881516587677725 0.011848341232227489
5 0.19549763033175357 0.678021327014218 0.05213270142180095 0.01599526066350711
