0 0.635 0.1716666666666667 0.030000000000000002 0.030000000000000002
0 0.5983333333333334 0.19166666666666668 0.03666666666666667 0.03666666666666667
0 0.555 0.21166666666666667 0.043333333333333335 0.030000000000000002
0 0.515 0.23333333333333334 0.043333333333333335 0.02666666666666667
0 0.47500000000000003 0.2516666666666667 0.03666666666666667 0.030000000000000002
0 0.64 0.24000000000000002 0.02 0.02666666666666667
0 0.6166666666666667 0.27166666666666667 0.02 0.023333333333333334
0 0.5933333333333334 0.30833333333333335 0.02 0.023333333333333334
0 0.6883333333333334 0.18166666666666667 0.016666666666666666 0.016666666666666666
0 0.7216666666666667 0.11333333333333334 0.023333333333333334 0.02
0 0.29500000000000004 0.4 0.030000000000000002 0.04
