0 0.24166666666666667 0.2566666666666667 0.05 0.06666666666666667
0 0.2816666666666667 0.33666666666666667 0.05 0.06666666666666667
0 0.3216666666666667 0.41000000000000003 0.05 0.05333333333333334
0 0.3666666666666667 0.48000000000000004 0.07333333333333333 0.07333333333333333
0 0.4266666666666667 0.5566666666666668 0.08666666666666667 0.04666666666666667
0 0.44333333333333336 0.6066666666666667 0.05333333333333334 0.04
0 0.49000000000000005 0.645 0.05333333333333334 0.043333333333333335
0 0.5333333333333333 0.7016666666666667 0.060000000000000005 0.05666666666666667
0 0.5566666666666668 0.795 0.08 0.11
0 0.7150000000000001 0.78 0.05666666666666667 0.060000000000000005
0 0.7366666666666667 0.8483333333333334 0.02666666666666667 0.05666666666666667
0 0.7683333333333334 0.9083333333333334 0.03666666666666667 0.05666666666666667
0 0.8266666666666668 0.9466666666666668 0.05333333333333334 0.04
0 0.8816666666666667 0.9533333333333334 0.043333333333333335 0.05333333333333334
0 0.5733333333333334 0.49333333333333335 0.04666666666666667 0.07333333333333333
0 0.6000000000000001 0.5733333333333334 0.03333333333333333 0.060000000000000005
0 0.535 0.43833333333333335 0.03666666666666667 0.043333333333333335
