0 0.30000000000000004 0.24500000000000002 0.03333333333333333 0.030000000000000002
0 0.32833333333333337 0.28833333333333333 0.030000000000000002 0.03666666666666667
0 0.3616666666666667 0.33 0.030000000000000002 0.03333333333333333
0 0.38833333333333336 0.37000000000000005 0.030000000000000002 0.04
0 0.42333333333333334 0.41000000000000003 0.03333333333333333 0.03333333333333333
0 0.4416666666666667 0.455 0.03666666666666667 0.03666666666666667
0 0.465 0.5 0.023333333333333334 0.04
0 0.48833333333333334 0.5483333333333333 0.023333333333333334 0.03666666666666667
0 0.515 0.5850000000000001 0.043333333333333335 0.03666666666666667
0 0.56 0.6233333333333334 0.04 0.04
0 0.5933333333333334 0.6666666666666667 0.04 0.04
0 0.6366666666666667 0.7166666666666667 0.04666666666666667 0.06666666666666667
0 0.6783333333333333 0.7516666666666667 0.03666666666666667 0.03666666666666667
0 0.7083333333333334 0.7833333333333334 0.03666666666666667 0.02666666666666667
0 0.2016666666666667 0.19666666666666668 0.05 0.04666666666666667
0 0.2516666666666667 0.18833333333333335 0.043333333333333335 0.043333333333333335
0 0.4566666666666667 0.6033333333333334 0.02666666666666667 0.02666666666666667
0 0.48000000000000004 0.6366666666666667 0.02 0.03333333333333333
0 0.505 0.6716666666666667 0.03666666666666667 0.03666666666666667
0 0.535 0.7133333333333334 0.030000000000000002 0.04
0 0.5650000000000001 0.75 0.016666666666666666 0.02666666666666667
0 0.5850000000000001 0.7816666666666667 0.016666666666666666 0.030000000000000002
0 0.6116666666666667 0.8200000000000001 0.030000000000000002 0.04
0 0.6483333333333334 0.8616666666666667 0.03666666666666667 0.030000000000000002
0 0.6883333333333334 0.89 0.030000000000000002 0.03333333333333333
0 0.665 0.9066666666666667 0.023333333333333334 0.04
0 0.7000000000000001 0.9416666666666668 0.03333333333333333 0.06333333333333334
