5 0.13399648917495613 0.2750146284376829 0.014043300175541253 0.014043300175541253
5 0.323581041544763 0.40813341135166764 0.017554125219426564 0.011117612638970159
5 0.3411351667641896 0.4189584552369807 0.017554125219426564 0.010532475131655939
5 0.37068461088355764 0.43622001170275015 0.01930953774136922 0.013458162668227034
5 0.3899941486249269 0.4511410181392627 0.012287887653598596 0.009362200117027502
5 0.40842598010532477 0.46401404330017554 0.019894675248683442 0.016383850204798128
5 0.5944997074312464 0.58806319485079 0.01521357519016969 0.009362200117027502
5 0.7837916910473961 0.6612053832650673 0.016968987712112346 0.01521357519016969
5 0.8107080163838503 0.6811000585137508 0.028671737858396724 0.023405500292568753
5 0.8999414862492686 0.7870099473376243 0.022235225277940317 0.018724400234055003
5 0.9242246928028087 0.8042715038033939 0.014628437682855471 0.013458162668227034
