5 0.32698863636363634 0.07698863636363636 0.04375 0.03465909090909091
5 0.35568181818181815 0.11136363636363636 0.01818181818181818 0.022727272727272728
5 0.3826704545454545 0.13948863636363637 0.028977272727272727 0.03465909090909091
5 0.43323863636363635 0.19119318181818182 0.013068181818181817 0.01534090909090909
5 0.4039772727272727 0.18693181818181817 0.03977272727272727 0.046590909090909086
5 0.4130681818181818 0.253125 0.015909090909090907 0.025568181818181816
5 0.43948863636363633 0.27499999999999997 0.016477272727272726 0.01818181818181818
5 0.46789772727272727 0.3045454545454545 0.04034090909090909 0.04090909090909091
5 0.5553977272727273 0.3943181818181818 0.01534090909090909 0.019318181818181818
5 0.48693181818181813 0.3332386363636363 0.01818181818181818 0.01534090909090909
5 0.634090909090909 0.4883522727272727 0.015909090909090907 0.025568181818181816
5 0.6536931818181818 0.5193181818181818 0.03125 0.029545454545454545
5 0.6801136363636363 0.5434659090909091 0.01818181818181818 0.025568181818181816
5 0.7105113636363636 0.5627840909090909 0.013068181818181817 0.01534090909090909
