0 0.7150000000000001 0.17666666666666667 0.030000000000000002 0.03333333333333333
0 0.6816666666666668 0.21166666666666667 0.030000000000000002 0.023333333333333334
0 0.645 0.24333333333333335 0.030000000000000002 0.02666666666666667
0 0.62 0.2733333333333334 0.05333333333333334 0.04
0 0.5966666666666667 0.315 0.06666666666666667 0.030000000000000002
0 0.5433333333333333 0.34833333333333333 0.04 0.030000000000000002
0 0.49000000000000005 0.39 0.05333333333333334 0.04
0 0.4516666666666667 0.44 0.07 0.05333333333333334
0 0.385 0.49000000000000005 0.05666666666666667 0.04666666666666667
0 0.34833333333333333 0.5483333333333333 0.05 0.03666666666666667
0 0.31 0.6050000000000001 0.04666666666666667 0.05666666666666667
0 0.27166666666666667 0.6433333333333334 0.05 0.04
0 0.24500000000000002 0.6933333333333334 0.043333333333333335 0.02666666666666667
0 0.21500000000000002 0.7333333333333334 0.03666666666666667 0.03333333333333333
0 0.18500000000000003 0.7666666666666667 0.030000000000000002 0.02666666666666667
0 0.17 0.795 0.02666666666666667 0.023333333333333334
0 0.14 0.8250000000000001 0.02666666666666667 0.016666666666666666
0 0.115 0.8616666666666667 0.043333333333333335 0.030000000000000002
0 0.06833333333333334 0.9116666666666667 0.08333333333333334 0.05
0 0.03833333333333334 0.9633333333333334 0.03666666666666667 0.04666666666666667
0 0.7416666666666667 0.15666666666666668 0.030000000000000002 0.02666666666666667
0 0.7683333333333334 0.14 0.030000000000000002 0.03333333333333333
0 0.8 0.10833333333333334 0.03333333333333333 0.023333333333333334
0 0.8333333333333334 0.08833333333333333 0.02666666666666667 0.030000000000000002
