5 0.10504201680672269 0.25378151260504206 0.05714285714285715 0.03865546218487395
5 0.31134453781512605 0.42605042016806727 0.012605042016806723 0.013445378151260505
5 0.3378151260504202 0.4420168067226891 0.015126050420168069 0.015126050420168069
5 0.43109243697478994 0.4781512605042017 0.013445378151260505 0.011764705882352941
5 0.6126050420168068 0.5936974789915966 0.016806722689075633 0.01764705882352941
5 0.6273109243697479 0.6159663865546219 0.01596638655462185 0.015126050420168069
5 0.6336134453781513 0.6298319327731092 0.015126050420168069 0.012605042016806723
5 0.14369747899159666 0.31680672268907567 0.011764705882352941 0.015126050420168069
5 0.8760504201680673 0.7550420168067228 0.014285714285714287 0.01092436974789916
5 0.9176470588235295 0.7777310924369748 0.015126050420168069 0.012605042016806723
