0 0.43833333333333335 0.42000000000000004 0.2566666666666667 0.12000000000000001
0 0.46 0.5750000000000001 0.21333333333333335 0.17
0 0.3516666666666667 0.6966666666666667 0.06333333333333334 0.06666666666666667
0 0.5133333333333334 0.6950000000000001 0.26 0.05666666666666667
0 0.6000000000000001 0.6216666666666667 0.05333333333333334 0.08333333333333334
0 0.5016666666666667 0.7633333333333334 0.09666666666666668 0.06666666666666667
0 0.55 0.8300000000000001 0.09333333333333334 0.05333333333333334
0 0.6683333333333333 0.6950000000000001 0.03666666666666667 0.06333333333333334
0 0.7033333333333334 0.7400000000000001 0.060000000000000005 0.06666666666666667
0 0.7300000000000001 0.8083333333333333 0.04 0.06333333333333334
0 0.7733333333333334 0.8550000000000001 0.04666666666666667 0.05666666666666667
0 0.8166666666666668 0.91 0.04666666666666667 0.08
0 0.5116666666666667 0.33166666666666667 0.19 0.07
0 0.5766666666666667 0.24000000000000002 0.08 0.11333333333333334
0 0.6416666666666667 0.14 0.09666666666666668 0.07333333333333333
0 0.49000000000000005 0.27 0.07333333333333333 0.05333333333333334
