0 0.545 0.2566666666666667 0.11666666666666667 0.060000000000000005
0 0.51 0.4683333333333334 0.13333333333333333 0.03666666666666667
0 0.15333333333333335 0.7616666666666667 0.1 0.023333333333333334
0 0.10166666666666667 0.7116666666666667 0.05666666666666667 0.03666666666666667
0 0.13 0.8083333333333333 0.07333333333333333 0.03666666666666667
0 0.09166666666666667 0.8600000000000001 0.05666666666666667 0.060000000000000005
0 0.03333333333333333 0.9483333333333334 0.060000000000000005 0.09666666666666668
0 0.33333333333333337 0.315 0.07333333333333333 0.030000000000000002
0 0.36833333333333335 0.265 0.05 0.05666666666666667
0 0.37333333333333335 0.2066666666666667 0.060000000000000005 0.04
0 0.38 0.16166666666666668 0.02666666666666667 0.03666666666666667
0 0.405 0.12333333333333334 0.03666666666666667 0.04
0 0.42500000000000004 0.08833333333333333 0.030000000000000002 0.023333333333333334
0 0.325 0.3516666666666667 0.07 0.030000000000000002
0 0.28500000000000003 0.4 0.07 0.03333333333333333
0 0.2366666666666667 0.4566666666666667 0.060000000000000005 0.05333333333333334
0 0.20500000000000002 0.5133333333333334 0.05666666666666667 0.05333333333333334
0 0.15833333333333335 0.5633333333333334 0.05 0.05333333333333334
0 0.13333333333333333 0.6183333333333334 0.05333333333333334 0.03666666666666667
