0 0.45 0.5383333333333333 0.04666666666666667 0.03666666666666667
0 0.4866666666666667 0.5766666666666667 0.04 0.04
0 0.5166666666666667 0.615 0.04666666666666667 0.03666666666666667
0 0.27666666666666667 0.5966666666666667 0.05333333333333334 0.11333333333333334
0 0.315 0.7083333333333334 0.06333333333333334 0.09666666666666668
0 0.5483333333333333 0.6516666666666667 0.043333333333333335 0.030000000000000002
0 0.5833333333333334 0.685 0.04 0.030000000000000002
0 0.62 0.7166666666666667 0.06666666666666667 0.02666666666666667
0 0.66 0.7533333333333334 0.07333333333333333 0.04
0 0.7033333333333334 0.7916666666666667 0.06666666666666667 0.043333333333333335
0 0.7433333333333334 0.8366666666666667 0.05333333333333334 0.03333333333333333
0 0.7783333333333334 0.8700000000000001 0.043333333333333335 0.04666666666666667
0 0.8133333333333334 0.8966666666666667 0.04 0.02666666666666667
0 0.8516666666666667 0.9216666666666667 0.030000000000000002 0.030000000000000002
0 0.8766666666666667 0.9500000000000001 0.03333333333333333 0.02666666666666667
0 0.4066666666666667 0.49333333333333335 0.060000000000000005 0.04
0 0.3566666666666667 0.4516666666666667 0.04 0.03666666666666667
0 0.3216666666666667 0.4166666666666667 0.030000000000000002 0.02666666666666667
0 0.2966666666666667 0.38333333333333336 0.04 0.04
0 0.25833333333333336 0.3466666666666667 0.043333333333333335 0.05333333333333334
