5 0.47355958958168903 0.31176006314127863 0.020520915548539857 0.026835043409629045
5 0.5232833464877664 0.27900552486187846 0.017363851617995266 0.026045777426992895
5 0.4925019731649566 0.5130228887134964 0.012628255722178374 0.026835043409629045
5 0.6925808997632202 0.8133385951065509 0.01499605367008682 0.027624309392265192
5 0.6953433307024467 0.8658247829518547 0.014206787687450671 0.042620363062352014
5 0.6894238358326756 0.9443567482241515 0.01499605367008682 0.05130228887134965
5 0.5603788476716653 0.6558800315706393 0.014206787687450671 0.03157063930544594
5 0.6152328334648777 0.06629834254143646 0.016574585635359115 0.026835043409629045
5 0.6120757695343331 0.021310181531176007 0.018153117600631413 0.03314917127071823
5 0.5071033938437254 0.6878453038674033 0.022888713496448304 0.022888713496448304
5 0.5126282557221784 0.7186266771902131 0.016574585635359115 0.03393843725335438
5 0.5236779794790845 0.7415153906866614 0.013417521704814523 0.016574585635359115
5 0.5331491712707183 0.7651933701657458 0.01499605367008682 0.01499605367008682
5 0.4964483030781373 0.5686661404893449 0.01578531965272297 0.026045777426992895
5 0.489344909234412 0.5880031570639306 0.007892659826361484 0.014206787687450671
5 0.5256511444356748 0.3164956590370955 0.01578531965272297 0.01894238358326756
