0 0.25833333333333336 0.2966666666666667 0.05666666666666667 0.02
0 0.21666666666666667 0.2733333333333334 0.04 0.02666666666666667
0 0.3066666666666667 0.3166666666666667 0.03333333333333333 0.02
0 0.3416666666666667 0.36333333333333334 0.043333333333333335 0.02666666666666667
0 0.385 0.3766666666666667 0.030000000000000002 0.02
0 0.43000000000000005 0.4116666666666667 0.03333333333333333 0.016666666666666666
0 0.4633333333333334 0.4416666666666667 0.02 0.030000000000000002
0 0.52 0.4916666666666667 0.05333333333333334 0.023333333333333334
0 0.5683333333333334 0.52 0.03666666666666667 0.04
0 0.615 0.55 0.043333333333333335 0.02666666666666667
0 0.66 0.5866666666666667 0.04666666666666667 0.03333333333333333
0 0.7016666666666667 0.61 0.03666666666666667 0.03333333333333333
0 0.7483333333333334 0.6483333333333334 0.07 0.03666666666666667
0 0.7883333333333333 0.68 0.05 0.02666666666666667
0 0.8200000000000001 0.7166666666666667 0.06666666666666667 0.02666666666666667
0 0.8666666666666667 0.7566666666666667 0.07333333333333333 0.04666666666666667
0 0.9416666666666668 0.7733333333333334 0.07 0.04
0 0.14500000000000002 0.21333333333333335 0.030000000000000002 0.03333333333333333
0 0.10166666666666667 0.18833333333333335 0.03666666666666667 0.030000000000000002
0 0.03666666666666667 0.7133333333333334 0.02666666666666667 0.02
0 0.055 0.7466666666666667 0.023333333333333334 0.02666666666666667
0 0.06833333333333334 0.785 0.03666666666666667 0.03666666666666667
0 0.08833333333333333 0.8350000000000001 0.030000000000000002 0.043333333333333335
0 0.11166666666666668 0.8833333333333334 0.030000000000000002 0.03333333333333333
