5 0.5097037793667007 0.40730337078651685 0.018386108273748723 0.026046986721144024
5 0.5058733401430031 0.6754341164453525 0.010725229826353423 0.018896833503575076
5 0.48850868232890704 0.6664964249233912 0.010725229826353423 0.01327885597548519
5 0.4925944841675179 0.6869254341164454 0.01174668028600613 0.015321756894790603
5 0.5360061287027579 0.7379979570990807 0.01787538304392237 0.05107252298263534
5 0.5423901940755873 0.7729826353421859 0.021450459652706845 0.018896833503575076
5 0.5354954034729316 0.8059244126659857 0.021961184882533197 0.04085801838610827
5 0.5403472931562819 0.8516343207354443 0.011235955056179775 0.012768130745658836
5 0.5615423901940756 0.8575076608784474 0.009703779366700716 0.01634320735444331
5 0.5704800817160368 0.9198161389172625 0.01634320735444331 0.02553626149131767
5 0.5694586312563841 0.9634831460674158 0.012257405515832483 0.029111338100102146
5 0.5804392236976507 0.985444330949949 0.007660878447395302 0.016853932584269662
