5 0.1582774049217002 0.13777032065622669 0.020507084265473527 0.01826994780014914
5 0.2321029082774049 0.17375093214019388 0.01081282624906786 0.023862788963460103
5 0.3169276659209545 0.2367636092468307 0.009694258016405667 0.011931394481730051
5 0.3618568232662192 0.2764727815063385 0.008575689783743474 0.015287099179716629
5 0.436428038777032 0.30984340044742725 0.015287099179716629 0.013422818791946308
5 0.3907531692766592 0.296607009694258 0.009694258016405667 0.016032811334824756
5 0.4030574198359433 0.31375838926174493 0.014914243102162564 0.01826994780014914
5 0.4192766592095451 0.33072334079045485 0.017524235645041013 0.015659955257270694
5 0.48284862043251303 0.3715510812826249 0.015659955257270694 0.015287099179716629
5 0.5376584638329605 0.4077181208053691 0.014168530947054435 0.013049962714392243
5 0.5736390753169276 0.4375466070096942 0.02796420581655481 0.016778523489932886
5 0.5771812080536912 0.45451155853840414 0.023862788963460103 0.015659955257270694
5 0.6045861297539149 0.4673750932140194 0.019761372110365397 0.01901565995525727
5 0.6291946308724832 0.459731543624161 0.010067114093959731 0.010439970171513794
5 0.6439224459358687 0.47595078299776283 0.011185682326621923 0.0145413870246085
5 0.6912751677852349 0.4988814317673378 0.01267710663683818 0.014168530947054435
5 0.6987322893363161 0.51193139448173 0.01267710663683818 0.011931394481730051
5 0.7250186428038776 0.5659955257270693 0.03094705443698732 0.020134228187919462
5 0.768083519761372 0.5930275913497389 0.03728560775540641 0.03392990305741983
5 0.8077926920208799 0.6232289336316181 0.03243847874720358 0.019761372110365397
5 0.8286726323639074 0.6424310216256525 0.016032811334824756 0.01267710663683818
