5 0.5826923076923077 0.09759615384615385 0.01217948717948718 0.020833333333333332
5 0.6195512820512821 0.31682692307692306 0.008974358974358974 0.015064102564102564
5 0.6075320512820512 0.3841346153846154 0.015064102564102564 0.01826923076923077
5 0.6011217948717948 0.3 0.015064102564102564 0.041025641025641026
5 0.6171474358974359 0.48381410256410257 0.01826923076923077 0.027243589743589744
5 0.6219551282051282 0.5267628205128205 0.013782051282051282 0.013782051282051282
5 0.6551282051282051 0.5948717948717949 0.01282051282051282 0.015384615384615385
5 0.6344551282051282 0.663301282051282 0.014423076923076924 0.030448717948717948
5 0.6432692307692308 0.7418269230769231 0.022435897435897436 0.11057692307692307
5 0.6793269230769231 0.8256410256410256 0.011217948717948718 0.01858974358974359
5 0.6825320512820513 0.9801282051282051 0.017628205128205128 0.0391025641025641
