5 0.4636270491803279 0.042520491803278694 0.015368852459016395 0.023565573770491805
5 0.5471311475409837 0.16931352459016394 0.02459016393442623 0.13575819672131148
5 0.49180327868852464 0.14523565573770492 0.010245901639344263 0.019979508196721313
5 0.5112704918032788 0.24257172131147542 0.015368852459016395 0.025102459016393443
5 0.4992315573770492 0.21132172131147542 0.014856557377049181 0.02305327868852459
5 0.49282786885245905 0.2420594262295082 0.01639344262295082 0.02612704918032787
5 0.5148565573770492 0.2932889344262295 0.01639344262295082 0.038422131147540985
5 0.5673668032786886 0.2858606557377049 0.010758196721311475 0.012295081967213115
5 0.5473872950819673 0.31736680327868855 0.011782786885245903 0.022028688524590164
5 0.5578893442622951 0.34759221311475413 0.012295081967213115 0.022028688524590164
5 0.5904200819672132 0.4234118852459017 0.01793032786885246 0.03227459016393443
5 0.5712090163934427 0.44672131147540983 0.011270491803278689 0.014344262295081968
5 0.5589139344262295 0.5389344262295083 0.01639344262295082 0.0584016393442623
5 0.5776127049180328 0.6262807377049181 0.015881147540983607 0.07223360655737705
5 0.5947745901639344 0.6941598360655739 0.012295081967213115 0.0430327868852459
5 0.6034836065573771 0.7387295081967213 0.017418032786885248 0.0389344262295082
5 0.6639344262295083 0.8130122950819673 0.010245901639344263 0.017418032786885248
