5 0.26778846153846153 0.45913461538461536 0.016987179487179486 0.014423076923076924
5 0.3326923076923077 0.4581730769230769 0.013461538461538462 0.011217948717948718
5 0.39118589743589743 0.4634615384615385 0.021474358974358974 0.015384615384615385
5 0.38990384615384616 0.47275641025641024 0.017628205128205128 0.016025641025641024
5 0.3698717948717949 0.45737179487179486 0.01282051282051282 0.01282051282051282
5 0.4232371794871795 0.46634615384615385 0.023397435897435898 0.01282051282051282
5 0.5818910256410257 0.475 0.0342948717948718 0.016025641025641024
5 0.6379807692307692 0.4791666666666667 0.05352564102564102 0.01282051282051282
5 0.700801282051282 0.4807692307692308 0.0625 0.01282051282051282
5 0.9665064102564103 0.4794871794871795 0.05352564102564102 0.016666666666666666
5 0.2012820512820513 0.42932692307692305 0.01987179487179487 0.011217948717948718
5 0.07147435897435897 0.44310897435897434 0.01217948717948718 0.011217948717948718
5 0.12115384615384615 0.4461538461538462 0.015384615384615385 0.009615384615384616
5 0.16923076923076924 0.4514423076923077 0.047435897435897434 0.020192307692307693
