5 0.23525641025641025 0.4514423076923077 0.05448717948717949 0.021474358974358974
5 0.3243589743589744 0.4666666666666667 0.019230769230769232 0.013461538461538462
5 0.25096153846153846 0.47467948717948716 0.01858974358974359 0.01217948717948718
5 0.38798076923076924 0.4814102564102564 0.008653846153846154 0.009615384615384616
5 0.4328525641025641 0.4891025641025641 0.033012820512820513 0.015384615384615385
5 0.475 0.49150641025641023 0.019230769230769232 0.011858974358974358
5 0.5581730769230769 0.5315705128205128 0.014423076923076924 0.010576923076923078
5 0.6219551282051282 0.5139423076923076 0.04391025641025641 0.020192307692307693
5 0.6900641025641026 0.5264423076923077 0.08269230769230769 0.017628205128205128
5 0.7469551282051282 0.5355769230769231 0.0266025641025641 0.013461538461538462
5 0.7942307692307692 0.5719551282051282 0.01858974358974359 0.017628205128205128
5 0.9705128205128205 0.5884615384615385 0.04871794871794872 0.01987179487179487
