5 0.21415607985480942 0.11411070780399274 0.019056261343012703 0.018602540834845735
5 0.3105716878402904 0.14042649727767695 0.02041742286751361 0.027676950998185117
5 0.32123411978221417 0.161524500907441 0.018148820326678763 0.023593466424682394
5 0.3684210526315789 0.20598911070780399 0.021778584392014518 0.02722323049001815
5 0.4217332123411978 0.2808529945553539 0.008620689655172414 0.010889292196007259
5 0.4478221415607985 0.33257713248638837 0.018148820326678763 0.023593466424682394
5 0.6007259528130672 0.6608439201451906 0.021778584392014518 0.023139745916515426
5 0.7384301270417423 0.8452813067150635 0.02132486388384755 0.02722323049001815
5 0.8718239564428312 0.9407894736842105 0.030399274047186932 0.022232304900181486
5 0.8901996370235934 0.962568058076225 0.023593466424682394 0.023139745916515426
