5 0.28110773899848257 0.2560698027314112 0.061456752655538696 0.03717754172989378
5 0.5690440060698028 0.41805766312594844 0.021244309559939303 0.018209408194233688
5 0.5861153262518969 0.4339908952959029 0.03110773899848255 0.015174506828528073
5 0.6441578148710168 0.4544764795144158 0.019726858877086494 0.024279210925644917
5 0.7625189681335357 0.5265553869499241 0.018209408194233688 0.022761760242792112
5 0.4707890743550835 0.4389226100151745 0.02655538694992413 0.01441578148710167
5 0.1612291350531108 0.27352048558421854 0.032625189681335355 0.015933232169954476
5 0.10318664643399089 0.2496206373292868 0.018209408194233688 0.013657056145675266
5 0.010622154779969651 0.15667678300455234 0.018209408194233688 0.012898330804248861
5 0.039833080424886196 0.17640364188163885 0.028072837632776935 0.023520485584218515
5 0.0637329286798179 0.20106221547799696 0.06980273141122914 0.022761760242792112
5 0.7583459787556904 0.608877086494689 0.0204855842185129 0.017450682852807285
