5 0.4825320512820513 0.5 0.027884615384615386 0.022435897435897436
5 0.8778846153846154 0.8291666666666667 0.028846153846153848 0.02564102564102564
5 0.9740384615384615 0.9177884615384615 0.016025641025641024 0.016987179487179486
5 0.5802884615384616 0.6290064102564102 0.0266025641025641 0.020833333333333332
5 0.604326923076923 0.6488782051282052 0.020192307692307693 0.020833333333333332
5 0.6243589743589744 0.6665064102564102 0.01987179487179487 0.014423076923076924
5 0.6435897435897436 0.6825320512820513 0.021794871794871794 0.014423076923076924
5 0.6652243589743589 0.7035256410256411 0.020192307692307693 0.022435897435897436
5 0.6879807692307692 0.722275641025641 0.02403846153846154 0.015064102564102564
5 0.6993589743589743 0.7326923076923076 0.0 0.000641025641025641
5 0.7105769230769231 0.7415064102564103 0.019230769230769232 0.01826923076923077
5 0.7370192307692308 0.7647435897435897 0.03365384615384615 0.028205128205128206
