5 0.413633119200571 0.3094218415417559 0.044967880085653104 0.044967880085653104
5 0.4511063526052819 0.3333333333333333 0.018558172733761598 0.02426837972876517
5 0.49464668094218417 0.36759457530335476 0.055674518201284794 0.05281941470378301
5 0.57209136331192 0.5278372591006424 0.03783012134189864 0.030692362598144184
5 0.6142041399000714 0.5274803711634547 0.02069950035688794 0.021413276231263382
5 0.6045681655960029 0.5535331905781584 0.03140613847251963 0.02926481084939329
5 0.635260528194147 0.5806566738044254 0.029978586723768737 0.02926481084939329
5 0.6723768736616702 0.6109921484653819 0.04425410421127766 0.03140613847251963
5 0.711277658815132 0.6470378301213419 0.03354746609564597 0.04068522483940043
5 0.7487508922198429 0.6841541755888652 0.03854389721627409 0.03640256959314775
5 0.784796573875803 0.7134189864382584 0.026409707351891507 0.02212705210563883
5 0.8162027123483226 0.7398286937901499 0.026409707351891507 0.024982155603140613
5 0.8468950749464668 0.7676659528907923 0.02212705210563883 0.027837259100642397
5 0.8722341184867951 0.784796573875803 0.02569593147751606 0.02926481084939329
