0 0.8583333333333334 0.13833333333333334 0.05 0.043333333333333335
0 0.795 0.16 0.016666666666666666 0.02666666666666667
0 0.7733333333333334 0.18500000000000003 0.02666666666666667 0.023333333333333334
0 0.7466666666666667 0.20500000000000002 0.02 0.016666666666666666
0 0.7233333333333334 0.22666666666666668 0.02 0.02
0 0.6966666666666667 0.24833333333333335 0.013333333333333334 0.01
0 0.6733333333333333 0.26 0.02 0.013333333333333334
0 0.6516666666666667 0.2783333333333334 0.023333333333333334 0.01
0 0.6383333333333334 0.2966666666666667 0.016666666666666666 0.013333333333333334
0 0.615 0.3166666666666667 0.023333333333333334 0.02
0 0.5916666666666667 0.3383333333333334 0.023333333333333334 0.01
0 0.5716666666666667 0.35833333333333334 0.023333333333333334 0.023333333333333334
0 0.5483333333333333 0.38333333333333336 0.016666666666666666 0.013333333333333334
0 0.8516666666666667 0.18000000000000002 0.01 0.013333333333333334
0 0.61 0.4316666666666667 0.02666666666666667 0.023333333333333334
0 0.6366666666666667 0.41833333333333333 0.013333333333333334 0.01
0 0.6583333333333333 0.39 0.016666666666666666 0.006666666666666667
0 0.6816666666666668 0.3716666666666667 0.016666666666666666 0.01
0 0.7183333333333334 0.32833333333333337 0.023333333333333334 0.016666666666666666
0 0.7433333333333334 0.30333333333333334 0.02666666666666667 0.02
0 0.765 0.2816666666666667 0.016666666666666666 0.016666666666666666
0 0.7816666666666667 0.26 0.016666666666666666 0.013333333333333334
0 0.8 0.2366666666666667 0.013333333333333334 0.013333333333333334
0 0.8200000000000001 0.225 0.02 0.016666666666666666
0 0.5750000000000001 0.4716666666666667 0.016666666666666666 0.016666666666666666
0 0.5583333333333333 0.49500000000000005 0.016666666666666666 0.016666666666666666
0 0.5233333333333333 0.4033333333333334 0.02666666666666667 0.02
0 0.51 0.42833333333333334 0.02666666666666667 0.016666666666666666
0 0.48333333333333334 0.45 0.013333333333333334 0.013333333333333334
0 0.5366666666666667 0.5133333333333334 0.013333333333333334 0.013333333333333334
0 0.525 0.53 0.016666666666666666 0.013333333333333334
