5 0.10409993593850095 0.1383728379244074 0.03395259449071108 0.04484304932735426
5 0.27162075592568863 0.3235105701473414 0.025624599615631002 0.020499679692504803
5 0.4990390775144138 0.5233824471492633 0.025624599615631002 0.038436899423446504
5 0.45003203074951953 0.5038436899423446 0.016015374759769378 0.016015374759769378
5 0.6329276105060858 0.7427930813581037 0.020499679692504803 0.018577834721332478
5 0.5518898142216527 0.7114029468289558 0.02370275464445868 0.02370275464445868
5 0.5768737988468929 0.7328635490070468 0.02498398462524023 0.020499679692504803
5 0.6057014734144779 0.7568866111467007 0.02498398462524023 0.02626521460602178
5 0.6287636130685458 0.7780269058295963 0.02370275464445868 0.01985906470211403
5 0.6556694426649583 0.8001281229980781 0.03010890454836643 0.024343369634849454
5 0.6960281870595771 0.8420884048686739 0.02498398462524023 0.02882767456758488
