0 0.4416666666666667 0.3166666666666667 0.05 0.07333333333333333
0 0.385 0.25833333333333336 0.030000000000000002 0.03666666666666667
0 0.37833333333333335 0.38 0.07 0.16
0 0.42833333333333334 0.43833333333333335 0.030000000000000002 0.05666666666666667
0 0.4066666666666667 0.49000000000000005 0.04666666666666667 0.04666666666666667
0 0.4516666666666667 0.51 0.043333333333333335 0.060000000000000005
0 0.5016666666666667 0.6050000000000001 0.016666666666666666 0.023333333333333334
0 0.5 0.68 0.04666666666666667 0.04666666666666667
0 0.5433333333333333 0.7316666666666667 0.04666666666666667 0.030000000000000002
0 0.455 0.6166666666666667 0.023333333333333334 0.02666666666666667
0 0.5766666666666667 0.7566666666666667 0.02666666666666667 0.02666666666666667
0 0.6000000000000001 0.7883333333333333 0.03333333333333333 0.023333333333333334
0 0.6333333333333334 0.8200000000000001 0.04 0.02666666666666667
0 0.6933333333333334 0.8616666666666667 0.02 0.023333333333333334
