0 0.4 0.275 0.11333333333333334 0.16333333333333333
0 0.49333333333333335 0.28 0.07333333333333333 0.16
0 0.8333333333333334 0.23833333333333334 0.26666666666666666 0.09666666666666668
0 0.555 0.2566666666666667 0.043333333333333335 0.13333333333333333
0 0.6333333333333334 0.19833333333333333 0.11333333333333334 0.05666666666666667
0 0.2783333333333334 0.4166666666666667 0.07666666666666667 0.10666666666666667
0 0.21500000000000002 0.15166666666666667 0.06333333333333334 0.03666666666666667
0 0.3216666666666667 0.2366666666666667 0.05 0.21333333333333335
0 0.395 0.7183333333333334 0.07 0.03666666666666667
0 0.2966666666666667 0.7583333333333334 0.03333333333333333 0.03666666666666667
0 0.6783333333333333 0.5866666666666667 0.07666666666666667 0.04666666666666667
0 0.9550000000000001 0.3066666666666667 0.03666666666666667 0.04666666666666667
0 0.8616666666666667 0.38833333333333336 0.09666666666666668 0.19666666666666668
