0 0.6866666666666668 0.34 0.04 0.03333333333333333
0 0.7166666666666667 0.3166666666666667 0.03333333333333333 0.04
0 0.75 0.27166666666666667 0.04 0.05666666666666667
0 0.7866666666666667 0.24333333333333335 0.03333333333333333 0.05333333333333334
0 0.8366666666666667 0.20500000000000002 0.060000000000000005 0.05666666666666667
0 0.8816666666666667 0.16666666666666669 0.05666666666666667 0.060000000000000005
0 0.925 0.12000000000000001 0.05666666666666667 0.06666666666666667
0 0.6566666666666667 0.3866666666666667 0.02666666666666667 0.04666666666666667
0 0.45833333333333337 0.56 0.03666666666666667 0.02
0 0.49000000000000005 0.5433333333333333 0.03333333333333333 0.013333333333333334
0 0.5116666666666667 0.5283333333333333 0.03666666666666667 0.023333333333333334
0 0.5416666666666667 0.5183333333333333 0.030000000000000002 0.016666666666666666
0 0.3766666666666667 0.63 0.04666666666666667 0.04
0 0.2816666666666667 0.7616666666666667 0.030000000000000002 0.03666666666666667
0 0.23500000000000001 0.8316666666666667 0.043333333333333335 0.03666666666666667
0 0.19 0.9216666666666667 0.04 0.030000000000000002
