0 0.6383333333333334 0.49500000000000005 0.03666666666666667 0.07666666666666667
0 0.625 0.5483333333333333 0.03666666666666667 0.05
0 0.6016666666666667 0.5983333333333334 0.043333333333333335 0.03666666666666667
0 0.5683333333333334 0.65 0.043333333333333335 0.03333333333333333
0 0.5416666666666667 0.685 0.03666666666666667 0.043333333333333335
0 0.5183333333333333 0.7200000000000001 0.030000000000000002 0.03333333333333333
0 0.5 0.7466666666666667 0.03333333333333333 0.03333333333333333
0 0.6666666666666667 0.45 0.03333333333333333 0.060000000000000005
0 0.6933333333333334 0.4066666666666667 0.02 0.02666666666666667
0 0.7200000000000001 0.36333333333333334 0.02666666666666667 0.04666666666666667
0 0.75 0.33666666666666667 0.02 0.04
0 0.7766666666666667 0.29500000000000004 0.02 0.016666666666666666
0 0.895 0.08166666666666667 0.023333333333333334 0.03666666666666667
0 0.8616666666666667 0.16166666666666668 0.03666666666666667 0.03666666666666667
