5 0.7341346153846153 0.18990384615384615 0.0919871794871795 0.09775641025641026
5 0.603525641025641 0.3644230769230769 0.013461538461538462 0.016025641025641024
5 0.5822115384615385 0.3701923076923077 0.017628205128205128 0.016025641025641024
5 0.5415064102564102 0.4157051282051282 0.017628205128205128 0.019230769230769232
5 0.5266025641025641 0.44583333333333336 0.03141025641025641 0.023076923076923078
5 0.4483974358974359 0.5030448717948718 0.019230769230769232 0.017628205128205128
5 0.4200320512820513 0.5110576923076923 0.013782051282051282 0.014423076923076924
5 0.26778846153846153 0.740224358974359 0.03621794871794872 0.03365384615384615
5 0.20817307692307693 0.7767628205128205 0.020833333333333332 0.02980769230769231
5 0.1828525641025641 0.7895833333333333 0.021474358974358974 0.023397435897435898
5 0.1780448717948718 0.8157051282051282 0.016987179487179486 0.016025641025641024
5 0.14919871794871795 0.8413461538461539 0.010576923076923078 0.01282051282051282
5 0.12804487179487178 0.9318910256410257 0.017628205128205128 0.020833333333333332
5 0.13237179487179487 0.8913461538461539 0.01217948717948718 0.013461538461538462
5 0.10432692307692308 0.8918269230769231 0.020192307692307693 0.014423076923076924
