5 0.6306098964326812 0.24626006904487915 0.017644802454929037 0.03605677023398542
5 0.7974683544303797 0.09225163022631376 0.08975834292289989 0.08477176831607211
5 0.5654008438818565 0.3103183736095128 0.04372842347525892 0.03989259685462217
5 0.5030686612965094 0.39566551591868043 0.01649405446873801 0.024932873034138856
5 0.2825086306098964 0.5930187955504411 0.03260452627541235 0.04065976217874952
5 0.30763329497506714 0.5696202531645569 0.022247794399693134 0.019946298427311084
5 0.25335634829305714 0.6451860375911008 0.028768699654775604 0.03989259685462217
5 0.25009589566551593 0.6752972765630993 0.019179133103183737 0.02186421173762946
5 0.22938243191407748 0.6789413118527042 0.017644802454929037 0.022247794399693134
5 0.20349060222477944 0.7096279248177982 0.010356731875719217 0.02454929037207518
5 0.1689681626390487 0.7495205216724203 0.023398542385884156 0.04219409282700422
5 0.11660912926735711 0.7435749904104334 0.01304181051016494 0.027234369006520903
