0 0.2566666666666667 0.22333333333333336 0.04 0.04
0 0.2966666666666667 0.25333333333333335 0.04 0.05333333333333334
0 0.33666666666666667 0.2816666666666667 0.02666666666666667 0.030000000000000002
0 0.36833333333333335 0.3216666666666667 0.05666666666666667 0.030000000000000002
0 0.4116666666666667 0.35333333333333333 0.043333333333333335 0.03333333333333333
0 0.4633333333333334 0.3983333333333334 0.03333333333333333 0.023333333333333334
0 0.505 0.43833333333333335 0.05 0.03666666666666667
0 0.5483333333333333 0.4766666666666667 0.05 0.02666666666666667
0 0.5850000000000001 0.5083333333333334 0.043333333333333335 0.023333333333333334
0 0.6216666666666667 0.5383333333333333 0.023333333333333334 0.016666666666666666
0 0.6283333333333334 0.5733333333333334 0.03666666666666667 0.02666666666666667
0 0.6666666666666667 0.6016666666666667 0.03333333333333333 0.023333333333333334
0 0.7083333333333334 0.63 0.030000000000000002 0.02666666666666667
0 0.5850000000000001 0.5416666666666667 0.023333333333333334 0.023333333333333334
0 0.22333333333333336 0.18000000000000002 0.02666666666666667 0.02666666666666667
0 0.18666666666666668 0.155 0.03333333333333333 0.016666666666666666
