5 0.372041827187672 0.48486516235553107 0.040726472206934504 0.014309301045679691
5 0.375894331315355 0.5280682443588333 0.029719317556411665 0.012658227848101266
5 0.26527242707760046 0.5110071546505228 0.01981287837094111 0.014859658778205833
5 0.4259768849752339 0.5297193175564117 0.03852504127682994 0.012658227848101266
5 0.4014859658778206 0.5410016510731975 0.021463951568519535 0.024215740231150248
5 0.48321408915795266 0.4862410566868464 0.017611447440836543 0.009356081452944413
5 0.7237204182718767 0.48293891029168956 0.030820033021463952 0.010456796917996697
5 0.6678591084204732 0.4870665932856357 0.06989543203082003 0.017611447440836543
5 0.5305448541552009 0.5244909190974133 0.01651073197578426 0.012107870115575124
5 0.47853604843148045 0.5283434232250963 0.018161805173362685 0.009906439185470555
5 0.5877820583379196 0.5198128783709411 0.05393505778756191 0.014859658778205833
5 0.5608145294441387 0.538800220143093 0.044028618602091354 0.01651073197578426
