0 0.545 0.5033333333333334 0.05 0.04
0 0.5833333333333334 0.4666666666666667 0.05333333333333334 0.04666666666666667
0 0.6183333333333334 0.42333333333333334 0.05 0.04666666666666667
0 0.6483333333333334 0.3766666666666667 0.05666666666666667 0.04
0 0.6950000000000001 0.33333333333333337 0.06333333333333334 0.04666666666666667
0 0.7533333333333334 0.3066666666666667 0.06666666666666667 0.060000000000000005
0 0.765 0.24500000000000002 0.05 0.030000000000000002
0 0.8183333333333334 0.26 0.05666666666666667 0.05333333333333334
0 0.5 0.5433333333333333 0.02666666666666667 0.02
0 0.21000000000000002 0.8500000000000001 0.03333333333333333 0.02666666666666667
0 0.2516666666666667 0.8283333333333334 0.03666666666666667 0.023333333333333334
0 0.2916666666666667 0.8083333333333333 0.030000000000000002 0.016666666666666666
0 0.32666666666666666 0.79 0.02666666666666667 0.02
0 0.385 0.7366666666666667 0.030000000000000002 0.02
0 0.4216666666666667 0.7133333333333334 0.023333333333333334 0.02
0 0.395 0.6000000000000001 0.023333333333333334 0.02
0 0.3716666666666667 0.62 0.023333333333333334 0.02666666666666667
0 0.34500000000000003 0.63 0.023333333333333334 0.013333333333333334
0 0.25333333333333335 0.685 0.03333333333333333 0.023333333333333334
0 0.28833333333333333 0.6616666666666667 0.030000000000000002 0.016666666666666666
0 0.16333333333333333 0.7533333333333334 0.060000000000000005 0.02
