5 0.8619296577946768 0.32438212927756654 0.0185361216730038 0.01188212927756654
5 0.8856939163498099 0.3296102661596958 0.02614068441064639 0.01568441064638783
5 0.785884030418251 0.34862167300380226 0.02328897338403042 0.010931558935361217
5 0.7585551330798479 0.36525665399239543 0.0741444866920152 0.012832699619771864
5 0.6259505703422054 0.375 0.01806083650190114 0.015209125475285171
5 0.28730988593155893 0.502138783269962 0.09268060836501901 0.02043726235741445
5 0.19724334600760457 0.500712927756654 0.049429657794676805 0.01568441064638783
5 0.1651615969581749 0.49500950570342206 0.04230038022813688 0.01568441064638783
5 0.14377376425855512 0.5142585551330798 0.013783269961977186 0.014258555133079848
5 0.04776615969581749 0.5563212927756654 0.02138783269961977 0.016634980988593156
5 0.02614068441064639 0.5370722433460076 0.019011406844106463 0.012357414448669201
