0 0.9600000000000001 0.4416666666666667 0.06666666666666667 0.023333333333333334
0 0.92 0.49000000000000005 0.08666666666666667 0.04
0 0.8883333333333334 0.5466666666666667 0.09000000000000001 0.05333333333333334
0 0.8666666666666667 0.6033333333333334 0.1 0.05333333333333334
0 0.8333333333333334 0.6916666666666668 0.07333333333333333 0.043333333333333335
0 0.8666666666666667 0.65 0.04666666666666667 0.03333333333333333
0 0.7816666666666667 0.7633333333333334 0.06333333333333334 0.04
0 0.8250000000000001 0.7333333333333334 0.03666666666666667 0.02666666666666667
0 0.7566666666666667 0.8066666666666668 0.060000000000000005 0.03333333333333333
0 0.625 0.9283333333333333 0.043333333333333335 0.030000000000000002
