5 0.9881209503239741 0.01331893448524118 0.01655867530597552 0.017998560115190784
5 0.4636429085673146 0.42332613390928725 0.04607631389488841 0.04751619870410367
5 0.4319654427645788 0.4481641468682505 0.030237580993520516 0.033837293016558675
5 0.4089272858171346 0.4643628509719222 0.024478041756659467 0.03167746580273578
5 0.3927285817134629 0.4769618430525558 0.013678905687544997 0.023758099352051833
5 0.38012958963282933 0.48848092152627787 0.011519078473722102 0.019438444924406047
5 0.36573074154067675 0.4974802015838733 0.018718502519798414 0.01583873290136789
5 0.34737221022318215 0.5133189344852411 0.023758099352051833 0.014398848092152628
5 0.6022318214542837 0.302735781137509 0.02663786897048236 0.028077753779697623
5 0.6238300935925126 0.2897768178545716 0.022318214542836574 0.023758099352051833
5 0.6375089992800576 0.2757379409647228 0.02663786897048236 0.01727861771058315
5 0.6497480201583873 0.2638588912886969 0.017998560115190784 0.017998560115190784
5 0.6655867530597552 0.25197984161267095 0.022318214542836574 0.020158387329013677
5 0.6753059755219583 0.23290136789056876 0.023038156947444204 0.01655867530597552
