0 0.8383333333333334 0.23500000000000001 0.016666666666666666 0.023333333333333334
0 0.7083333333333334 0.35833333333333334 0.03666666666666667 0.023333333333333334
0 0.7383333333333334 0.32666666666666666 0.030000000000000002 0.02666666666666667
0 0.7716666666666667 0.30000000000000004 0.030000000000000002 0.03333333333333333
0 0.8066666666666668 0.27666666666666667 0.02666666666666667 0.02
0 0.8250000000000001 0.2566666666666667 0.016666666666666666 0.02
0 0.6916666666666668 0.3816666666666667 0.03666666666666667 0.030000000000000002
0 0.655 0.40166666666666667 0.023333333333333334 0.023333333333333334
0 0.62 0.43833333333333335 0.02666666666666667 0.016666666666666666
0 0.6466666666666667 0.4266666666666667 0.02 0.02666666666666667
0 0.6000000000000001 0.465 0.03333333333333333 0.023333333333333334
0 0.5683333333333334 0.49833333333333335 0.03666666666666667 0.023333333333333334
0 0.5366666666666667 0.5266666666666667 0.02 0.02
0 0.5083333333333334 0.5466666666666667 0.023333333333333334 0.02
0 0.4716666666666667 0.5800000000000001 0.030000000000000002 0.02666666666666667
0 0.46166666666666667 0.6166666666666667 0.03666666666666667 0.04
0 0.38333333333333336 0.7000000000000001 0.04 0.03333333333333333
0 0.35333333333333333 0.7366666666666667 0.03333333333333333 0.03333333333333333
0 0.3216666666666667 0.775 0.03666666666666667 0.023333333333333334
