5 0.7912332838038633 0.5928677563150074 0.03566121842496285 0.010401188707280832
5 0.4390787518573551 0.6693907875185735 0.04903417533432392 0.010401188707280832
5 0.3926448736998514 0.6686478454680534 0.03640416047548291 0.008915304606240713
5 0.37667161961367013 0.6779346210995542 0.04309063893016345 0.008172362555720653
5 0.3138930163447251 0.675705794947994 0.03789004457652303 0.006686478454680535
5 0.20059435364041603 0.6831352154531947 0.0713224368499257 0.009658246656760773
5 0.11998514115898959 0.7139673105497771 0.046805349182763745 0.008915304606240713
5 0.040118870728083206 0.7210252600297177 0.06240713224368499 0.01263001485884101
5 0.5066864784546805 0.700965824665676 0.20802377414561662 0.017087667161961365
5 0.676448736998514 0.6846210995542348 0.12852897473997027 0.014115898959881128
5 0.7893759286775631 0.6749628528974739 0.08841010401188706 0.008172362555720653
