5 0.272212543554007 0.28702090592334495 0.037456445993031356 0.042682926829268296
5 0.31794425087108014 0.33797909407665505 0.04529616724738676 0.05400696864111498
5 0.375 0.4024390243902439 0.03048780487804878 0.041811846689895474
5 0.39547038327526135 0.4403310104529617 0.024390243902439025 0.018292682926829267
5 0.3162020905923345 0.47822299651567945 0.013937282229965157 0.017421602787456445
5 0.492595818815331 0.6585365853658537 0.013066202090592335 0.012195121951219513
5 0.5104529616724739 0.6816202090592335 0.024390243902439025 0.028745644599303136
5 0.5487804878048781 0.7378048780487805 0.029616724738675958 0.036585365853658534
5 0.5810104529616724 0.7848432055749129 0.027874564459930314 0.04355400696864112
5 0.6158536585365854 0.8266550522648084 0.020905923344947737 0.033101045296167246
5 0.6367595818815331 0.8645470383275261 0.0156794425087108 0.023519163763066203
5 0.6476480836236934 0.9050522648083623 0.03571428571428571 0.05226480836236934
5 0.6898954703832753 0.9677700348432056 0.02613240418118467 0.03832752613240418
