0 0.5433333333333333 0.7083333333333334 0.12000000000000001 0.20333333333333334
0 0.63 0.7183333333333334 0.04666666666666667 0.19666666666666668
0 0.7100000000000001 0.5833333333333334 0.08 0.09333333333333334
0 0.675 0.7466666666666667 0.03666666666666667 0.24666666666666667
0 0.45333333333333337 0.765 0.06666666666666667 0.09000000000000001
0 0.36000000000000004 0.8083333333333333 0.12000000000000001 0.06333333333333334
0 0.23500000000000001 0.76 0.13 0.12000000000000001
0 0.09000000000000001 0.7616666666666667 0.17333333333333334 0.09666666666666668
0 0.03666666666666667 0.6766666666666667 0.04666666666666667 0.08666666666666667
0 0.5883333333333334 0.26666666666666666 0.07 0.04
0 0.6916666666666668 0.24333333333333335 0.043333333333333335 0.03333333333333333
0 0.2966666666666667 0.4083333333333334 0.02 0.05
