0 0.29333333333333333 0.5516666666666667 0.06666666666666667 0.07666666666666667
0 0.3116666666666667 0.4666666666666667 0.03666666666666667 0.06666666666666667
0 0.3466666666666667 0.4066666666666667 0.02 0.02666666666666667
0 0.19666666666666668 0.6000000000000001 0.02 0.02666666666666667
0 0.21000000000000002 0.5633333333333334 0.013333333333333334 0.02
0 0.22333333333333336 0.5166666666666667 0.02 0.02
0 0.18000000000000002 0.64 0.02666666666666667 0.03333333333333333
0 0.15000000000000002 0.7400000000000001 0.02 0.07333333333333333
0 0.5316666666666667 0.19833333333333333 0.030000000000000002 0.023333333333333334
0 0.5 0.22 0.03333333333333333 0.02
0 0.4633333333333334 0.24833333333333335 0.02666666666666667 0.016666666666666666
0 0.4366666666666667 0.26666666666666666 0.02666666666666667 0.02
0 0.4133333333333334 0.28833333333333333 0.02666666666666667 0.016666666666666666
0 0.38833333333333336 0.305 0.030000000000000002 0.016666666666666666
0 0.3666666666666667 0.33 0.02666666666666667 0.02
0 0.5633333333333334 0.18500000000000003 0.02666666666666667 0.023333333333333334
0 0.5883333333333334 0.17333333333333334 0.023333333333333334 0.013333333333333334
0 0.615 0.16 0.023333333333333334 0.013333333333333334
0 0.6383333333333334 0.15000000000000002 0.016666666666666666 0.02
0 0.30000000000000004 0.615 0.013333333333333334 0.030000000000000002
0 0.24500000000000002 0.9183333333333334 0.030000000000000002 0.15000000000000002
