0 0.6716666666666667 0.5016666666666667 0.030000000000000002 0.043333333333333335
0 0.5583333333333333 0.6683333333333333 0.03666666666666667 0.030000000000000002
0 0.5283333333333333 0.7016666666666667 0.03666666666666667 0.023333333333333334
0 0.5 0.7250000000000001 0.03333333333333333 0.030000000000000002
0 0.465 0.7516666666666667 0.030000000000000002 0.030000000000000002
0 0.43000000000000005 0.7683333333333334 0.02666666666666667 0.05666666666666667
0 0.4466666666666667 0.675 0.013333333333333334 0.043333333333333335
0 0.38333333333333336 0.745 0.013333333333333334 0.030000000000000002
0 0.40166666666666667 0.7816666666666667 0.016666666666666666 0.030000000000000002
0 0.3666666666666667 0.7816666666666667 0.013333333333333334 0.023333333333333334
0 0.39666666666666667 0.8133333333333334 0.03333333333333333 0.02
0 0.35000000000000003 0.8116666666666668 0.013333333333333334 0.01
0 0.37333333333333335 0.8416666666666667 0.02666666666666667 0.016666666666666666
0 0.32833333333333337 0.8466666666666667 0.01 0.013333333333333334
0 0.3416666666666667 0.8716666666666667 0.016666666666666666 0.01
0 0.6033333333333334 0.125 0.013333333333333334 0.016666666666666666
