0 0.5850000000000001 0.255 0.09000000000000001 0.13
0 0.5933333333333334 0.42500000000000004 0.16666666666666669 0.1366666666666667
0 0.6000000000000001 0.7383333333333334 0.17333333333333334 0.49000000000000005
0 0.2966666666666667 0.9566666666666668 0.44 0.08
0 0.39333333333333337 0.9033333333333334 0.04666666666666667 0.013333333333333334
0 0.3983333333333334 0.8533333333333334 0.05 0.02
0 0.8366666666666667 0.17500000000000002 0.060000000000000005 0.11666666666666667
0 0.8266666666666668 0.03166666666666667 0.03333333333333333 0.023333333333333334
0 0.7933333333333333 0.3216666666666667 0.02666666666666667 0.07
0 0.18000000000000002 0.07666666666666667 0.03333333333333333 0.15333333333333335
0 0.11833333333333335 0.14 0.08333333333333334 0.04666666666666667
0 0.1 0.21333333333333335 0.11333333333333334 0.08
0 0.09333333333333334 0.33166666666666667 0.10666666666666667 0.14333333333333334
0 0.10166666666666667 0.4566666666666667 0.07666666666666667 0.09333333333333334
0 0.15833333333333335 0.43833333333333335 0.030000000000000002 0.0033333333333333335
0 0.2066666666666667 0.5283333333333333 0.02666666666666667 0.01
0 0.16833333333333333 0.5316666666666667 0.016666666666666666 0.0033333333333333335
0 0.19333333333333336 0.54 0.02666666666666667 0.006666666666666667
0 0.225 0.5466666666666667 0.023333333333333334 0.006666666666666667
0 0.19833333333333333 0.5516666666666667 0.030000000000000002 0.01
0 0.2733333333333334 0.555 0.02666666666666667 0.01
0 0.2783333333333334 0.5633333333333334 0.023333333333333334 0.013333333333333334
0 0.29833333333333334 0.5633333333333334 0.01 0.006666666666666667
0 0.2366666666666667 0.56 0.03333333333333333 0.006666666666666667
0 0.24666666666666667 0.5833333333333334 0.04666666666666667 0.006666666666666667
0 0.17666666666666667 0.63 0.02 0.006666666666666667
0 0.3016666666666667 0.6383333333333334 0.01 0.016666666666666666
0 0.265 0.6516666666666667 0.03666666666666667 0.01
0 0.24500000000000002 0.6583333333333333 0.023333333333333334 0.01
0 0.32 0.7233333333333334 0.02 0.006666666666666667
0 0.2833333333333333 0.7400000000000001 0.05333333333333334 0.013333333333333334
0 0.3016666666666667 0.7516666666666667 0.05666666666666667 0.016666666666666666
0 0.26 0.7616666666666667 0.02 0.01
0 0.2866666666666667 0.7666666666666667 0.02 0.006666666666666667
0 0.26833333333333337 0.7733333333333334 0.023333333333333334 0.006666666666666667
0 0.25833333333333336 0.805 0.05 0.016666666666666666
0 0.125 0.7116666666666667 0.18333333333333335 0.38333333333333336
0 0.2916666666666667 0.8200000000000001 0.043333333333333335 0.006666666666666667
0 0.3416666666666667 0.8216666666666668 0.03666666666666667 0.016666666666666666
0 0.3016666666666667 0.8633333333333334 0.12333333333333334 0.060000000000000005
