0 0.7350000000000001 0.5983333333333334 0.030000000000000002 0.03666666666666667
0 0.4666666666666667 0.795 0.04 0.03666666666666667
0 0.5016666666666667 0.785 0.030000000000000002 0.030000000000000002
0 0.5283333333333333 0.775 0.023333333333333334 0.030000000000000002
0 0.555 0.7583333333333334 0.023333333333333334 0.030000000000000002
0 0.5833333333333334 0.7366666666666667 0.03333333333333333 0.02666666666666667
0 0.3983333333333334 0.7966666666666667 0.016666666666666666 0.02
0 0.4316666666666667 0.8183333333333334 0.023333333333333334 0.030000000000000002
0 0.4166666666666667 0.8416666666666667 0.02 0.023333333333333334
0 0.385 0.8216666666666668 0.016666666666666666 0.016666666666666666
0 0.37000000000000005 0.8416666666666667 0.013333333333333334 0.016666666666666666
0 0.39666666666666667 0.8600000000000001 0.013333333333333334 0.013333333333333334
0 0.3716666666666667 0.8700000000000001 0.016666666666666666 0.02
0 0.3516666666666667 0.8866666666666667 0.023333333333333334 0.02666666666666667
0 0.35000000000000003 0.655 0.03333333333333333 0.016666666666666666
0 0.27666666666666667 0.7250000000000001 0.03333333333333333 0.016666666666666666
