0 0.8600000000000001 0.035 0.12666666666666668 0.07
0 0.7816666666666667 0.11333333333333334 0.12333333333333334 0.07333333333333333
0 0.6983333333333334 0.19833333333333333 0.12333333333333334 0.08333333333333334
0 0.62 0.3016666666666667 0.12666666666666668 0.10333333333333335
0 0.5633333333333334 0.4116666666666667 0.12666666666666668 0.11666666666666667
0 0.48500000000000004 0.5133333333333334 0.14333333333333334 0.09333333333333334
0 0.41833333333333333 0.6050000000000001 0.12333333333333334 0.09000000000000001
0 0.3566666666666667 0.7016666666666667 0.10666666666666667 0.10333333333333335
0 0.27666666666666667 0.7916666666666667 0.12000000000000001 0.08333333333333334
0 0.22333333333333336 0.8883333333333334 0.09333333333333334 0.07
0 0.18666666666666668 0.9683333333333334 0.09333333333333334 0.05666666666666667
0 0.17500000000000002 0.79 0.023333333333333334 0.03333333333333333
0 0.2733333333333334 0.7083333333333334 0.013333333333333334 0.016666666666666666
0 0.3383333333333334 0.6050000000000001 0.016666666666666666 0.030000000000000002
0 0.48000000000000004 0.4166666666666667 0.02666666666666667 0.07333333333333333
0 0.5383333333333333 0.31833333333333336 0.030000000000000002 0.043333333333333335
