0 0.42333333333333334 0.48500000000000004 0.03333333333333333 0.030000000000000002
0 0.455 0.515 0.030000000000000002 0.030000000000000002
0 0.4783333333333334 0.54 0.016666666666666666 0.02666666666666667
0 0.385 0.45333333333333337 0.03666666666666667 0.02666666666666667
0 0.35500000000000004 0.4216666666666667 0.03666666666666667 0.030000000000000002
0 0.33 0.3916666666666667 0.02666666666666667 0.030000000000000002
0 0.3066666666666667 0.3666666666666667 0.02 0.03333333333333333
0 0.2833333333333333 0.33666666666666667 0.03333333333333333 0.03333333333333333
0 0.255 0.29833333333333334 0.023333333333333334 0.030000000000000002
0 0.23500000000000001 0.275 0.023333333333333334 0.03666666666666667
0 0.21166666666666667 0.24500000000000002 0.023333333333333334 0.030000000000000002
0 0.18666666666666668 0.22166666666666668 0.02666666666666667 0.03666666666666667
0 0.16166666666666668 0.195 0.016666666666666666 0.023333333333333334
0 0.13833333333333334 0.1716666666666667 0.023333333333333334 0.030000000000000002
0 0.5683333333333334 0.5 0.030000000000000002 0.013333333333333334
0 0.5966666666666667 0.5183333333333333 0.02666666666666667 0.023333333333333334
0 0.54 0.47500000000000003 0.02 0.023333333333333334
0 0.5133333333333334 0.455 0.02666666666666667 0.023333333333333334
0 0.48833333333333334 0.43000000000000005 0.023333333333333334 0.02666666666666667
0 0.465 0.4066666666666667 0.023333333333333334 0.02
0 0.44 0.3866666666666667 0.02666666666666667 0.02666666666666667
0 0.4083333333333334 0.36500000000000005 0.023333333333333334 0.043333333333333335
0 0.3216666666666667 0.27 0.030000000000000002 0.02666666666666667
0 0.30000000000000004 0.24000000000000002 0.02666666666666667 0.02666666666666667
0 0.27 0.22833333333333336 0.02 0.023333333333333334
0 0.2516666666666667 0.21000000000000002 0.023333333333333334 0.02
0 0.23 0.19 0.02 0.02666666666666667
0 0.21000000000000002 0.17 0.02 0.02666666666666667
0 0.17833333333333334 0.14500000000000002 0.030000000000000002 0.023333333333333334
0 0.14833333333333334 0.12333333333333334 0.03666666666666667 0.02666666666666667
0 0.655 0.5900000000000001 0.030000000000000002 0.02666666666666667
0 0.68 0.6183333333333334 0.02666666666666667 0.023333333333333334
0 0.7000000000000001 0.6383333333333334 0.013333333333333334 0.023333333333333334
0 0.5266666666666667 0.5933333333333334 0.02666666666666667 0.013333333333333334
0 0.55 0.615 0.02 0.023333333333333334
0 0.5750000000000001 0.6433333333333334 0.023333333333333334 0.02
0 0.6033333333333334 0.6683333333333333 0.03333333333333333 0.023333333333333334
