0 0.2066666666666667 0.9533333333333334 0.06666666666666667 0.08666666666666667
0 0.25333333333333335 0.9816666666666667 0.04 0.030000000000000002
0 0.14666666666666667 0.9766666666666667 0.060000000000000005 0.04
0 0.07833333333333334 0.9850000000000001 0.06333333333333334 0.023333333333333334
0 0.07 0.9450000000000001 0.013333333333333334 0.03666666666666667
0 0.09166666666666667 0.9500000000000001 0.016666666666666666 0.02666666666666667
0 0.10333333333333335 0.92 0.02 0.04
0 0.07833333333333334 0.9083333333333334 0.016666666666666666 0.023333333333333334
0 0.12166666666666667 0.8666666666666667 0.016666666666666666 0.03333333333333333
0 0.14666666666666667 0.8250000000000001 0.02 0.05666666666666667
0 0.11166666666666668 0.8400000000000001 0.023333333333333334 0.04
0 0.21666666666666667 0.7033333333333334 0.02 0.03333333333333333
0 0.18833333333333335 0.7066666666666667 0.03666666666666667 0.04666666666666667
0 0.16166666666666668 0.7533333333333334 0.030000000000000002 0.03333333333333333
0 0.2066666666666667 0.6566666666666667 0.03333333333333333 0.03333333333333333
0 0.23833333333333334 0.6416666666666667 0.023333333333333334 0.043333333333333335
0 0.25 0.6066666666666667 0.03333333333333333 0.03333333333333333
0 0.275 0.5800000000000001 0.030000000000000002 0.02
0 0.2966666666666667 0.5583333333333333 0.02666666666666667 0.023333333333333334
0 0.31833333333333336 0.5366666666666667 0.030000000000000002 0.02666666666666667
0 0.3383333333333334 0.5083333333333334 0.03666666666666667 0.03666666666666667
0 0.35500000000000004 0.4716666666666667 0.05666666666666667 0.05
0 0.37333333333333335 0.43833333333333335 0.05333333333333334 0.05
0 0.3866666666666667 0.3916666666666667 0.04666666666666667 0.043333333333333335
0 0.3916666666666667 0.35833333333333334 0.016666666666666666 0.030000000000000002
0 0.4133333333333334 0.33166666666666667 0.02666666666666667 0.016666666666666666
0 0.43500000000000005 0.31833333333333336 0.023333333333333334 0.016666666666666666
0 0.45 0.2966666666666667 0.02 0.013333333333333334
0 0.465 0.2783333333333334 0.016666666666666666 0.016666666666666666
0 0.4866666666666667 0.2516666666666667 0.02 0.016666666666666666
0 0.48000000000000004 0.225 0.013333333333333334 0.016666666666666666
0 0.48333333333333334 0.19333333333333336 0.02 0.02666666666666667
0 0.49333333333333335 0.16833333333333333 0.02 0.016666666666666666
0 0.5033333333333334 0.13833333333333334 0.02 0.030000000000000002
0 0.7083333333333334 0.04666666666666667 0.043333333333333335 0.05333333333333334
0 0.6716666666666667 0.11666666666666667 0.030000000000000002 0.04666666666666667
0 0.6516666666666667 0.165 0.043333333333333335 0.030000000000000002
0 0.6433333333333334 0.19333333333333336 0.03333333333333333 0.03333333333333333
0 0.6366666666666667 0.23500000000000001 0.04666666666666667 0.043333333333333335
0 0.6216666666666667 0.2733333333333334 0.030000000000000002 0.03333333333333333
0 0.6000000000000001 0.29500000000000004 0.03333333333333333 0.016666666666666666
0 0.5833333333333334 0.33 0.03333333333333333 0.03333333333333333
0 0.555 0.3666666666666667 0.043333333333333335 0.04
0 0.5333333333333333 0.4066666666666667 0.05333333333333334 0.04
0 0.515 0.45833333333333337 0.05 0.043333333333333335
0 0.49333333333333335 0.5016666666666667 0.05333333333333334 0.043333333333333335
0 0.4566666666666667 0.5433333333333333 0.060000000000000005 0.04
0 0.4316666666666667 0.5816666666666667 0.05 0.043333333333333335
0 0.4133333333333334 0.6266666666666667 0.060000000000000005 0.04666666666666667
0 0.385 0.6683333333333333 0.05666666666666667 0.043333333333333335
0 0.37000000000000005 0.7100000000000001 0.060000000000000005 0.04
0 0.35000000000000003 0.745 0.04666666666666667 0.030000000000000002
0 0.32833333333333337 0.7716666666666667 0.043333333333333335 0.023333333333333334
0 0.3166666666666667 0.8 0.04666666666666667 0.03333333333333333
0 0.30333333333333334 0.8283333333333334 0.060000000000000005 0.030000000000000002
0 0.27666666666666667 0.8666666666666667 0.05333333333333334 0.02666666666666667
0 0.24500000000000002 0.8966666666666667 0.03666666666666667 0.02666666666666667
0 0.28833333333333333 0.9783333333333334 0.023333333333333334 0.016666666666666666
0 0.3066666666666667 0.9516666666666668 0.02 0.023333333333333334
0 0.31333333333333335 0.93 0.013333333333333334 0.013333333333333334
0 0.33333333333333337 0.9116666666666667 0.013333333333333334 0.016666666666666666
0 0.3516666666666667 0.89 0.016666666666666666 0.013333333333333334
0 0.37333333333333335 0.8583333333333334 0.02 0.016666666666666666
0 0.39 0.8333333333333334 0.02 0.013333333333333334
0 0.4116666666666667 0.8266666666666668 0.023333333333333334 0.02
0 0.43000000000000005 0.7966666666666667 0.02666666666666667 0.013333333333333334
0 0.4683333333333334 0.7616666666666667 0.023333333333333334 0.01
0 0.48000000000000004 0.7416666666666667 0.013333333333333334 0.01
0 0.4966666666666667 0.7250000000000001 0.013333333333333334 0.01
0 0.5133333333333334 0.7083333333333334 0.02666666666666667 0.016666666666666666
0 0.5316666666666667 0.6766666666666667 0.030000000000000002 0.04
0 0.5616666666666666 0.6516666666666667 0.023333333333333334 0.016666666666666666
0 0.5866666666666667 0.6183333333333334 0.02666666666666667 0.043333333333333335
0 0.6133333333333334 0.5950000000000001 0.02 0.016666666666666666
0 0.62 0.5766666666666667 0.02 0.02
0 0.64 0.5516666666666667 0.03333333333333333 0.030000000000000002
0 0.6633333333333333 0.5333333333333333 0.02666666666666667 0.02
0 0.6766666666666667 0.5133333333333334 0.013333333333333334 0.013333333333333334
0 0.6950000000000001 0.48833333333333334 0.016666666666666666 0.016666666666666666
0 0.7250000000000001 0.45 0.016666666666666666 0.02
0 0.7516666666666667 0.3983333333333334 0.016666666666666666 0.023333333333333334
0 0.7683333333333334 0.375 0.01 0.016666666666666666
