0 0.5016666666666667 0.06666666666666667 0.030000000000000002 0.13333333333333333
0 0.49000000000000005 0.21166666666666667 0.02 0.06333333333333334
0 0.49833333333333335 0.15333333333333335 0.016666666666666666 0.04
0 0.48500000000000004 0.30000000000000004 0.023333333333333334 0.1
0 0.4783333333333334 0.47500000000000003 0.030000000000000002 0.24333333333333335
0 0.4766666666666667 0.795 0.05333333333333334 0.38333333333333336
0 0.6766666666666667 0.12833333333333335 0.02666666666666667 0.24333333333333335
0 0.6683333333333333 0.30000000000000004 0.016666666666666666 0.08
0 0.67 0.3666666666666667 0.04 0.05333333333333334
0 0.6566666666666667 0.42833333333333334 0.02 0.05
0 0.6583333333333333 0.55 0.023333333333333334 0.2
0 0.6383333333333334 0.7283333333333334 0.030000000000000002 0.14333333333333334
0 0.6083333333333334 0.91 0.023333333333333334 0.16666666666666669
0 0.6816666666666668 0.7366666666666667 0.023333333333333334 0.14666666666666667
0 0.6983333333333334 0.625 0.023333333333333334 0.14333333333333334
0 0.7116666666666667 0.51 0.016666666666666666 0.08
0 0.7250000000000001 0.4166666666666667 0.023333333333333334 0.10666666666666667
0 0.7400000000000001 0.315 0.02 0.09000000000000001
0 0.75 0.21333333333333335 0.02 0.060000000000000005
0 0.7566666666666667 0.09333333333333334 0.013333333333333334 0.18000000000000002
0 0.6666666666666667 0.8550000000000001 0.02 0.07666666666666667
0 0.6533333333333333 0.9483333333333334 0.02 0.07
