0 0.043333333333333335 0.27 0.03333333333333333 0.03333333333333333
0 0.11166666666666668 0.2783333333333334 0.05 0.03666666666666667
0 0.21166666666666667 0.2916666666666667 0.11666666666666667 0.043333333333333335
0 0.2783333333333334 0.4416666666666667 0.03666666666666667 0.17666666666666667
0 0.29000000000000004 0.5650000000000001 0.04666666666666667 0.043333333333333335
0 0.2516666666666667 0.6116666666666667 0.043333333333333335 0.03666666666666667
0 0.225 0.655 0.043333333333333335 0.03666666666666667
0 0.19333333333333336 0.79 0.07333333333333333 0.16
0 0.16666666666666669 0.9016666666666667 0.05333333333333334 0.05
0 0.11333333333333334 0.9583333333333334 0.060000000000000005 0.05666666666666667
0 0.6366666666666667 0.13833333333333334 0.05333333333333334 0.05666666666666667
0 0.5916666666666667 0.25 0.05 0.14666666666666667
0 0.53 0.3766666666666667 0.02666666666666667 0.06666666666666667
0 0.5116666666666667 0.48333333333333334 0.030000000000000002 0.13333333333333333
0 0.5 0.5650000000000001 0.060000000000000005 0.03666666666666667
0 0.48000000000000004 0.6016666666666667 0.02666666666666667 0.03666666666666667
0 0.4666666666666667 0.655 0.04666666666666667 0.06333333333333334
0 0.43833333333333335 0.7333333333333334 0.07 0.08
0 0.4116666666666667 0.8183333333333334 0.06333333333333334 0.07
0 0.3816666666666667 0.8983333333333334 0.08333333333333334 0.07
0 0.3516666666666667 0.9683333333333334 0.09000000000000001 0.05666666666666667
0 0.7283333333333334 0.795 0.023333333333333334 0.030000000000000002
0 0.76 0.7283333333333334 0.02666666666666667 0.05
0 0.6466666666666667 0.9166666666666667 0.04 0.04
