6 0.1841204654346338 0.7744695414099931 0.02053388090349076 0.022587268993839834
6 0.2005475701574264 0.7929500342231348 0.02190280629705681 0.017111567419575632
6 0.19336071184120465 0.8107460643394935 0.023956194387405885 0.018480492813141684
6 0.8788501026694046 0.37132101300479126 0.012320328542094456 0.01026694045174538
6 0.8247775496235455 0.42334017796030116 0.009582477754962354 0.01026694045174538
6 0.8292265571526352 0.43463381245722105 0.014373716632443531 0.010951403148528405
6 0.7275838466803559 0.45037645448323066 0.019164955509924708 0.012320328542094456
6 0.7183436002737851 0.46167008898015055 0.019849418206707735 0.01026694045174538
6 0.7392197125256673 0.4839151266255989 0.01642710472279261 0.013689253935660506
6 0.687542778918549 0.5331964407939768 0.023956194387405885 0.02053388090349076
6 0.4928131416837782 0.6314168377823408 0.02600958247775496 0.019849418206707735
6 0.37542778918548936 0.6690622861054073 0.01574264202600958 0.017111567419575632
6 0.2926078028747433 0.7166324435318275 0.017111567419575632 0.01642710472279261
6 0.23956194387405885 0.7368240930869268 0.02190280629705681 0.018480492813141684
6 0.29055441478439425 0.7525667351129364 0.01300479123887748 0.014373716632443531
6 0.25598904859685145 0.7813141683778234 0.01779603011635866 0.01163586584531143
6 0.16358658453114305 0.7953456536618754 0.019164955509924708 0.015058179329226557
6 0.08418891170431211 0.8336755646817249 0.010951403148528405 0.010951403148528405
6 0.06023271731690623 0.8586584531143052 0.024640657084188913 0.022587268993839834
6 0.044147843942505136 0.8850102669404517 0.01163586584531143 0.01642710472279261
6 0.03285420944558522 0.920602327173169 0.013689253935660506 0.012320328542094456
