6 0.4946236559139785 0.03799283154121864 0.011469534050179211 0.018637992831541217
6 0.503584229390681 0.2021505376344086 0.010752688172043012 0.011469534050179211
6 0.5100358422939069 0.26272401433691756 0.017921146953405017 0.02078853046594982
6 0.48422939068100357 0.44408602150537635 0.015053763440860214 0.026523297491039426
6 0.45089605734767024 0.5408602150537635 0.011469534050179211 0.016487455197132617
6 0.44516129032258067 0.6204301075268818 0.015770609318996417 0.01935483870967742
6 0.46559139784946235 0.6433691756272402 0.012186379928315411 0.017921146953405017
6 0.46810035842293907 0.6774193548387096 0.012903225806451613 0.015770609318996417
6 0.4336917562724014 0.6645161290322581 0.015770609318996417 0.024372759856630823
6 0.44731182795698926 0.7150537634408602 0.011469534050179211 0.013620071684587814
6 0.45806451612903226 0.7326164874551971 0.01003584229390681 0.021505376344086023
6 0.43405017921146954 0.7189964157706094 0.017921146953405017 0.011469534050179211
6 0.43261648745519715 0.7405017921146954 0.013620071684587814 0.015770609318996417
6 0.42401433691756274 0.8354838709677419 0.015053763440860214 0.016487455197132617
6 0.43584229390681006 0.864516129032258 0.012903225806451613 0.015770609318996417
6 0.44695340501792113 0.8845878136200717 0.012186379928315411 0.015770609318996417
6 0.43010752688172044 0.9186379928315412 0.011469534050179211 0.022222222222222223
6 0.44767025089605733 0.9419354838709677 0.013620071684587814 0.02007168458781362
