6 0.6319102353585112 0.43596059113300495 0.01477832512315271 0.02353585112205802
6 0.629720853858785 0.7323481116584565 0.008210180623973728 0.0120415982484948
6 0.6379310344827587 0.743568691844554 0.011494252873563218 0.01477832512315271
6 0.6198686371100165 0.7364532019704434 0.013683634373289547 0.011494252873563218
6 0.6193212917350849 0.675424192665572 0.010399562123700055 0.01751505199781062
6 0.6371100164203612 0.68336070060208 0.00875752599890531 0.010399562123700055
6 0.6409414340448824 0.7063492063492064 0.007662835249042146 0.012588943623426382
6 0.6119321291735085 0.1986863711001642 0.010946907498631636 0.0120415982484948
6 0.6146688560481665 0.620415982484948 0.005473453749315818 0.010399562123700055
6 0.6176792556102901 0.7033388067870827 0.009304871373836891 0.018609742747673783
6 0.6267104542966612 0.815544608648057 0.00875752599890531 0.01751505199781062
6 0.6455938697318008 0.8407224958949098 0.0060207991242474 0.005473453749315818
6 0.6518883415435139 0.8836891078270389 0.00875752599890531 0.015873015873015872
