0 0.6666666666666667 0.4966666666666667 0.03333333333333333 0.04
0 0.5466666666666667 0.675 0.04666666666666667 0.030000000000000002
0 0.5283333333333333 0.7033333333333334 0.030000000000000002 0.02
0 0.5066666666666667 0.7216666666666667 0.02666666666666667 0.023333333333333334
0 0.4716666666666667 0.745 0.03666666666666667 0.030000000000000002
0 0.42833333333333334 0.7633333333333334 0.030000000000000002 0.04666666666666667
0 0.3866666666666667 0.7616666666666667 0.02666666666666667 0.043333333333333335
0 0.3866666666666667 0.8033333333333333 0.04666666666666667 0.03333333333333333
0 0.3466666666666667 0.8250000000000001 0.013333333333333334 0.016666666666666666
0 0.37333333333333335 0.8316666666666667 0.013333333333333334 0.01
0 0.3716666666666667 0.8516666666666667 0.023333333333333334 0.01
0 0.3433333333333334 0.5616666666666666 0.013333333333333334 0.023333333333333334
0 0.32833333333333337 0.5833333333333334 0.016666666666666666 0.013333333333333334
