0 0.6683333333333333 0.5 0.030000000000000002 0.04
0 0.655 0.5383333333333333 0.016666666666666666 0.023333333333333334
0 0.43000000000000005 0.7616666666666667 0.02666666666666667 0.06333333333333334
0 0.46 0.7533333333333334 0.02666666666666667 0.03333333333333333
0 0.4916666666666667 0.7266666666666667 0.023333333333333334 0.02666666666666667
0 0.5166666666666667 0.7133333333333334 0.013333333333333334 0.02
0 0.37000000000000005 0.7666666666666667 0.013333333333333334 0.02666666666666667
0 0.405 0.7766666666666667 0.016666666666666666 0.02666666666666667
0 0.35500000000000004 0.8 0.016666666666666666 0.02
0 0.4716666666666667 0.535 0.01 0.023333333333333334
0 0.35000000000000003 0.56 0.02 0.02
