0 0.6666666666666667 0.4966666666666667 0.02666666666666667 0.03333333333333333
0 0.655 0.54 0.01 0.02666666666666667
0 0.555 0.68 0.030000000000000002 0.02666666666666667
0 0.5266666666666667 0.7066666666666667 0.02 0.02
0 0.4966666666666667 0.7300000000000001 0.02666666666666667 0.02
0 0.4733333333333334 0.75 0.013333333333333334 0.02
0 0.445 0.765 0.030000000000000002 0.030000000000000002
0 0.375 0.7516666666666667 0.01 0.016666666666666666
0 0.36333333333333334 0.7783333333333334 0.013333333333333334 0.016666666666666666
0 0.36333333333333334 0.8016666666666667 0.013333333333333334 0.016666666666666666
0 0.3466666666666667 0.8166666666666668 0.006666666666666667 0.013333333333333334
0 0.335 0.8383333333333334 0.016666666666666666 0.016666666666666666
0 0.3516666666666667 0.5650000000000001 0.023333333333333334 0.023333333333333334
0 0.32666666666666666 0.5916666666666667 0.02666666666666667 0.023333333333333334
0 0.6050000000000001 0.12333333333333334 0.016666666666666666 0.013333333333333334
