0 0.5183333333333333 0.465 0.030000000000000002 0.030000000000000002
0 0.5516666666666667 0.49333333333333335 0.023333333333333334 0.02666666666666667
0 0.5766666666666667 0.52 0.02 0.02666666666666667
0 0.6000000000000001 0.545 0.02666666666666667 0.023333333333333334
0 0.6283333333333334 0.5650000000000001 0.023333333333333334 0.030000000000000002
0 0.6566666666666667 0.6033333333333334 0.02666666666666667 0.04
0 0.6866666666666668 0.6366666666666667 0.02666666666666667 0.04666666666666667
0 0.7183333333333334 0.67 0.030000000000000002 0.04666666666666667
0 0.755 0.7166666666666667 0.030000000000000002 0.04666666666666667
0 0.7916666666666667 0.7566666666666667 0.023333333333333334 0.04666666666666667
0 0.8200000000000001 0.7966666666666667 0.03333333333333333 0.05333333333333334
0 0.8566666666666667 0.8266666666666668 0.02666666666666667 0.04666666666666667
0 0.3716666666666667 0.4516666666666667 0.023333333333333334 0.030000000000000002
0 0.40166666666666667 0.47500000000000003 0.023333333333333334 0.016666666666666666
0 0.4266666666666667 0.4966666666666667 0.02 0.02
0 0.45333333333333337 0.5183333333333333 0.02666666666666667 0.023333333333333334
0 0.48000000000000004 0.545 0.02 0.016666666666666666
0 0.505 0.5683333333333334 0.023333333333333334 0.023333333333333334
0 0.5366666666666667 0.5966666666666667 0.02666666666666667 0.02
0 0.5633333333333334 0.6166666666666667 0.02666666666666667 0.02666666666666667
0 0.5866666666666667 0.6433333333333334 0.02 0.013333333333333334
0 0.6616666666666667 0.7150000000000001 0.023333333333333334 0.016666666666666666
0 0.6766666666666667 0.7400000000000001 0.02 0.02
0 0.6983333333333334 0.7516666666666667 0.016666666666666666 0.023333333333333334
0 0.7216666666666667 0.7733333333333334 0.016666666666666666 0.02
0 0.7400000000000001 0.79 0.013333333333333334 0.013333333333333334
0 0.7583333333333334 0.8083333333333333 0.023333333333333334 0.01
0 0.7816666666666667 0.8216666666666668 0.01 0.016666666666666666
0 0.8016666666666667 0.8400000000000001 0.016666666666666666 0.013333333333333334
0 0.8183333333333334 0.8616666666666667 0.016666666666666666 0.016666666666666666
0 0.8683333333333334 0.8766666666666667 0.06333333333333334 0.03333333333333333
