0 0.6733333333333333 0.455 0.03333333333333333 0.023333333333333334
0 0.6666666666666667 0.4966666666666667 0.03333333333333333 0.04
0 0.6533333333333333 0.5366666666666667 0.02666666666666667 0.02666666666666667
0 0.545 0.68 0.043333333333333335 0.03333333333333333
0 0.5133333333333334 0.7116666666666667 0.03333333333333333 0.016666666666666666
0 0.48333333333333334 0.7400000000000001 0.04666666666666667 0.02666666666666667
0 0.45333333333333337 0.7683333333333334 0.02666666666666667 0.023333333333333334
0 0.42833333333333334 0.75 0.016666666666666666 0.02666666666666667
0 0.4216666666666667 0.78 0.016666666666666666 0.02
0 0.3766666666666667 0.7533333333333334 0.013333333333333334 0.02666666666666667
0 0.3666666666666667 0.78 0.013333333333333334 0.02
0 0.3566666666666667 0.8033333333333333 0.02 0.02
0 0.3416666666666667 0.8183333333333334 0.016666666666666666 0.016666666666666666
0 0.33166666666666667 0.8400000000000001 0.016666666666666666 0.02
0 0.3166666666666667 0.8550000000000001 0.013333333333333334 0.016666666666666666
0 0.40166666666666667 0.7983333333333333 0.023333333333333334 0.023333333333333334
0 0.3866666666666667 0.8266666666666668 0.02 0.02666666666666667
0 0.36833333333333335 0.8483333333333334 0.016666666666666666 0.016666666666666666
0 0.34833333333333333 0.8666666666666667 0.023333333333333334 0.02
0 0.34500000000000003 0.5633333333333334 0.023333333333333334 0.02
0 0.32666666666666666 0.5900000000000001 0.02 0.02
0 0.29000000000000004 0.6416666666666667 0.02 0.016666666666666666
0 0.26833333333333337 0.665 0.023333333333333334 0.016666666666666666
0 0.4916666666666667 0.4683333333333334 0.016666666666666666 0.016666666666666666
0 0.48833333333333334 0.49500000000000005 0.01 0.016666666666666666
0 0.4766666666666667 0.5166666666666667 0.013333333333333334 0.013333333333333334
0 0.465 0.545 0.01 0.016666666666666666
0 0.45333333333333337 0.5716666666666667 0.013333333333333334 0.016666666666666666
0 0.44 0.5983333333333334 0.013333333333333334 0.016666666666666666
0 0.43000000000000005 0.6233333333333334 0.013333333333333334 0.02
0 0.41833333333333333 0.6533333333333333 0.01 0.02666666666666667
