6 0.2668269230769231 0.3017628205128205 0.008653846153846154 0.008653846153846154
6 0.4580128205128205 0.483974358974359 0.01282051282051282 0.014102564102564103
6 0.03766025641025641 0.17243589743589743 0.013782051282051282 0.01282051282051282
6 0.5125 0.5149038461538461 0.010897435897435897 0.011858974358974358
6 0.5846153846153846 0.6458333333333334 0.011538461538461539 0.014743589743589743
6 0.6727564102564103 0.6511217948717949 0.01282051282051282 0.015064102564102564
6 0.6342948717948718 0.7056089743589744 0.01282051282051282 0.015064102564102564
6 0.7700320512820513 0.7259615384615384 0.008653846153846154 0.01282051282051282
6 0.9008012820512821 0.8509615384615384 0.011858974358974358 0.014743589743589743
6 0.8169871794871795 0.8317307692307693 0.01730769230769231 0.01730769230769231
6 0.9671474358974359 0.9102564102564102 0.013782051282051282 0.011538461538461539
