6 0.08051140290255701 0.3673116793365584 0.015894955079474776 0.013130615065653075
6 0.2643400138217001 0.40186592950932964 0.017277125086385625 0.020041465100207326
6 0.35798203178991017 0.38873531444367654 0.0387007601935038 0.035245335176226675
6 0.49827228749136143 0.4367657221838286 0.0221147201105736 0.01796821008984105
6 0.4281271596406358 0.5404284727021423 0.024187975120939873 0.02626123013130615
6 0.6195577055977886 0.6579129232895646 0.014512785072563926 0.01520387007601935
6 0.8355217691776088 0.6589495507947477 0.0138217000691085 0.010366275051831375
6 0.9201796821008984 0.7950932964754664 0.020041465100207326 0.021423635107118175
6 0.9737387698686938 0.7961299239806496 0.00967519004837595 0.01520387007601935
6 0.9512785072563925 0.8386316516931582 0.014512785072563926 0.017277125086385625
