0 0.06666666666666667 0.18166666666666667 0.03333333333333333 0.030000000000000002
0 0.11166666666666668 0.20833333333333334 0.030000000000000002 0.030000000000000002
0 0.15333333333333335 0.22166666666666668 0.03333333333333333 0.030000000000000002
0 0.011666666666666667 0.16333333333333333 0.023333333333333334 0.02
0 0.04 0.19 0.02 0.02
0 0.07833333333333334 0.21000000000000002 0.023333333333333334 0.02
0 0.12666666666666668 0.2316666666666667 0.02 0.016666666666666666
0 0.15666666666666668 0.25 0.02 0.02
0 0.18000000000000002 0.26166666666666666 0.02 0.016666666666666666
0 0.2016666666666667 0.2783333333333334 0.016666666666666666 0.016666666666666666
0 0.22666666666666668 0.2916666666666667 0.02 0.016666666666666666
0 0.25333333333333335 0.3116666666666667 0.02666666666666667 0.016666666666666666
0 0.2816666666666667 0.32666666666666666 0.023333333333333334 0.02
0 0.3066666666666667 0.34500000000000003 0.02 0.016666666666666666
0 0.325 0.3616666666666667 0.016666666666666666 0.016666666666666666
0 0.3416666666666667 0.38 0.016666666666666666 0.013333333333333334
0 0.3616666666666667 0.3766666666666667 0.016666666666666666 0.02
0 0.4166666666666667 0.4466666666666667 0.02 0.02666666666666667
0 0.4366666666666667 0.4783333333333334 0.02666666666666667 0.030000000000000002
0 0.4466666666666667 0.5083333333333334 0.02 0.016666666666666666
0 0.46 0.53 0.02 0.02
0 0.4766666666666667 0.55 0.02 0.02666666666666667
0 0.4966666666666667 0.5766666666666667 0.02 0.02
0 0.5133333333333334 0.6000000000000001 0.013333333333333334 0.02666666666666667
0 0.53 0.6083333333333334 0.013333333333333334 0.016666666666666666
0 0.5883333333333334 0.5666666666666667 0.01 0.02666666666666667
0 0.6000000000000001 0.5883333333333334 0.013333333333333334 0.023333333333333334
0 0.615 0.61 0.016666666666666666 0.02
0 0.6283333333333334 0.6333333333333334 0.016666666666666666 0.02
0 0.62 0.665 0.08 0.023333333333333334
0 0.6666666666666667 0.7016666666666667 0.05333333333333334 0.043333333333333335
0 0.7183333333333334 0.745 0.03666666666666667 0.07666666666666667
0 0.6816666666666668 0.7433333333333334 0.030000000000000002 0.02666666666666667
0 0.7616666666666667 0.7983333333333333 0.030000000000000002 0.09000000000000001
