0 0.32666666666666666 0.33 0.02 0.013333333333333334
0 0.33 0.3516666666666667 0.013333333333333334 0.01
0 0.4216666666666667 0.5433333333333333 0.016666666666666666 0.03333333333333333
0 0.39666666666666667 0.5533333333333333 0.013333333333333334 0.03333333333333333
0 0.39333333333333337 0.6166666666666667 0.02 0.06666666666666667
0 0.27166666666666667 0.325 0.01 0.016666666666666666
0 0.4466666666666667 0.26666666666666666 0.013333333333333334 0.03333333333333333
0 0.46 0.30000000000000004 0.013333333333333334 0.02666666666666667
0 0.5033333333333334 0.37333333333333335 0.02 0.02
0 0.525 0.42833333333333334 0.016666666666666666 0.05666666666666667
0 0.5383333333333333 0.48000000000000004 0.01 0.03333333333333333
0 0.5433333333333333 0.5216666666666667 0.013333333333333334 0.030000000000000002
0 0.5566666666666668 0.56 0.006666666666666667 0.04
0 0.5666666666666667 0.615 0.013333333333333334 0.05
0 0.5716666666666667 0.68 0.01 0.060000000000000005
0 0.5783333333333334 0.7766666666666667 0.016666666666666666 0.12000000000000001
0 0.36333333333333334 0.655 0.02 0.07666666666666667
0 0.36000000000000004 0.5633333333333334 0.013333333333333334 0.09333333333333334
0 0.33666666666666667 0.4116666666666667 0.013333333333333334 0.030000000000000002
0 0.32 0.38833333333333336 0.02 0.016666666666666666
0 0.29833333333333334 0.32833333333333337 0.016666666666666666 0.030000000000000002
0 0.23 0.28 0.02 0.04
