0 0.3866666666666667 0.13333333333333333 0.16666666666666669 0.08
0 0.4266666666666667 0.21666666666666667 0.15333333333333335 0.06666666666666667
0 0.48000000000000004 0.29333333333333333 0.15333333333333335 0.08
0 0.5216666666666667 0.375 0.07666666666666667 0.07
0 0.5650000000000001 0.45833333333333337 0.06333333333333334 0.07
0 0.6083333333333334 0.5166666666666667 0.07666666666666667 0.06666666666666667
0 0.6933333333333334 0.5700000000000001 0.1 0.060000000000000005
0 0.8466666666666667 0.5333333333333333 0.14 0.060000000000000005
0 0.895 0.5916666666666667 0.08333333333333334 0.043333333333333335
0 0.9550000000000001 0.6333333333333334 0.07666666666666667 0.04
0 0.7983333333333333 0.375 0.11 0.05
0 0.8400000000000001 0.44 0.04666666666666667 0.060000000000000005
0 0.7183333333333334 0.3066666666666667 0.06333333333333334 0.06666666666666667
0 0.6733333333333333 0.22166666666666668 0.10666666666666667 0.09000000000000001
0 0.62 0.12333333333333334 0.12000000000000001 0.09333333333333334
0 0.6483333333333334 0.03833333333333334 0.09666666666666668 0.06333333333333334
