0 0.095 0.06166666666666667 0.05666666666666667 0.07
0 0.15666666666666668 0.10333333333333335 0.05333333333333334 0.08666666666666667
0 0.3766666666666667 0.33666666666666667 0.05333333333333334 0.03333333333333333
0 0.4633333333333334 0.38 0.013333333333333334 0.02
0 0.48333333333333334 0.39666666666666667 0.013333333333333334 0.013333333333333334
0 0.4966666666666667 0.4133333333333334 0.013333333333333334 0.02
0 0.51 0.4316666666666667 0.013333333333333334 0.016666666666666666
0 0.525 0.455 0.016666666666666666 0.023333333333333334
0 0.54 0.48000000000000004 0.02 0.02
0 0.5483333333333333 0.5016666666666667 0.023333333333333334 0.023333333333333334
0 0.56 0.5283333333333333 0.02 0.016666666666666666
0 0.5650000000000001 0.5416666666666667 0.01 0.016666666666666666
0 0.6133333333333334 0.5900000000000001 0.02 0.02
0 0.6316666666666667 0.61 0.023333333333333334 0.02
0 0.6516666666666667 0.63 0.023333333333333334 0.02
0 0.8300000000000001 0.755 0.03333333333333333 0.030000000000000002
