0 0.6433333333333334 0.2733333333333334 0.04666666666666667 0.04
0 0.5950000000000001 0.3166666666666667 0.05 0.04
0 0.7083333333333334 0.41500000000000004 0.16333333333333333 0.09666666666666668
0 0.635 0.5366666666666667 0.17666666666666667 0.16666666666666669
0 0.6533333333333333 0.6766666666666667 0.06666666666666667 0.1
0 0.5783333333333334 0.805 0.12333333333333334 0.17666666666666667
0 0.5716666666666667 0.9466666666666668 0.06333333333333334 0.08666666666666667
0 0.3766666666666667 0.9366666666666668 0.08666666666666667 0.06666666666666667
0 0.27 0.395 0.04666666666666667 0.016666666666666666
0 0.26 0.43333333333333335 0.03333333333333333 0.02
