0 0.30000000000000004 0.12333333333333334 0.03333333333333333 0.02666666666666667
0 0.34833333333333333 0.16666666666666669 0.043333333333333335 0.04666666666666667
0 0.3866666666666667 0.2066666666666667 0.03333333333333333 0.03333333333333333
0 0.4166666666666667 0.2366666666666667 0.02666666666666667 0.02666666666666667
0 0.44833333333333336 0.26333333333333336 0.030000000000000002 0.02
0 0.48500000000000004 0.3066666666666667 0.030000000000000002 0.03333333333333333
0 0.49000000000000005 0.38333333333333336 0.03333333333333333 0.03333333333333333
0 0.53 0.36333333333333334 0.02 0.03333333333333333
0 0.5466666666666667 0.3916666666666667 0.02 0.023333333333333334
0 0.5433333333333333 0.46166666666666667 0.07333333333333333 0.05666666666666667
0 0.5800000000000001 0.5483333333333333 0.07333333333333333 0.12333333333333334
0 0.6133333333333334 0.6483333333333334 0.07333333333333333 0.07666666666666667
0 0.5366666666666667 0.6433333333333334 0.04 0.08
0 0.615 0.7116666666666667 0.12333333333333334 0.043333333333333335
0 0.26166666666666666 0.26833333333333337 0.043333333333333335 0.01
0 0.6783333333333333 0.7683333333333334 0.05 0.023333333333333334
