0 0.28 0.6683333333333333 0.03333333333333333 0.03666666666666667
0 0.2566666666666667 0.7066666666666667 0.04666666666666667 0.04
0 0.21666666666666667 0.7400000000000001 0.060000000000000005 0.04666666666666667
0 0.16 0.785 0.05333333333333334 0.05666666666666667
0 0.10500000000000001 0.8266666666666668 0.05666666666666667 0.05333333333333334
0 0.615 0.36500000000000005 0.03666666666666667 0.023333333333333334
0 0.7616666666666667 0.16166666666666668 0.023333333333333334 0.030000000000000002
0 0.795 0.06833333333333334 0.030000000000000002 0.030000000000000002
0 0.53 0.4266666666666667 0.03333333333333333 0.02
0 0.49500000000000005 0.445 0.03666666666666667 0.016666666666666666
0 0.45333333333333337 0.4633333333333334 0.02666666666666667 0.013333333333333334
0 0.4316666666666667 0.4783333333333334 0.030000000000000002 0.016666666666666666
0 0.40166666666666667 0.5 0.023333333333333334 0.02
0 0.37833333333333335 0.5216666666666667 0.023333333333333334 0.016666666666666666
0 0.3816666666666667 0.6083333333333334 0.030000000000000002 0.016666666666666666
0 0.4133333333333334 0.5900000000000001 0.02666666666666667 0.02
