0 0.6883333333333334 0.08166666666666667 0.023333333333333334 0.023333333333333334
0 0.5850000000000001 0.14 0.023333333333333334 0.02666666666666667
0 0.5633333333333334 0.17 0.02666666666666667 0.02666666666666667
0 0.5266666666666667 0.22333333333333336 0.03333333333333333 0.02
0 0.48833333333333334 0.25333333333333335 0.030000000000000002 0.02666666666666667
0 0.4683333333333334 0.2833333333333333 0.030000000000000002 0.02666666666666667
0 0.4516666666666667 0.3116666666666667 0.030000000000000002 0.030000000000000002
0 0.43500000000000005 0.3383333333333334 0.03666666666666667 0.023333333333333334
0 0.39666666666666667 0.39 0.03333333333333333 0.03333333333333333
0 0.4083333333333334 0.3566666666666667 0.030000000000000002 0.02
0 0.375 0.42000000000000004 0.023333333333333334 0.02
0 0.36833333333333335 0.4666666666666667 0.03666666666666667 0.05333333333333334
0 0.36000000000000004 0.5083333333333334 0.02666666666666667 0.023333333333333334
0 0.32833333333333337 0.5316666666666667 0.030000000000000002 0.023333333333333334
0 0.2966666666666667 0.5850000000000001 0.02 0.016666666666666666
0 0.125 0.8283333333333334 0.030000000000000002 0.023333333333333334
0 0.09333333333333334 0.9083333333333334 0.02666666666666667 0.030000000000000002
