0 0.48000000000000004 0.45833333333333337 0.04666666666666667 0.07
0 0.4266666666666667 0.505 0.05333333333333334 0.06333333333333334
0 0.3816666666666667 0.5616666666666666 0.07 0.07666666666666667
0 0.3433333333333334 0.6133333333333334 0.06666666666666667 0.06666666666666667
0 0.28 0.655 0.07333333333333333 0.06333333333333334
0 0.22833333333333336 0.7066666666666667 0.07666666666666667 0.08
0 0.5916666666666667 0.38333333333333336 0.023333333333333334 0.02
0 0.6216666666666667 0.3666666666666667 0.023333333333333334 0.02666666666666667
0 0.7266666666666667 0.30833333333333335 0.02666666666666667 0.023333333333333334
0 0.7783333333333334 0.26833333333333337 0.016666666666666666 0.016666666666666666
0 0.8716666666666667 0.04833333333333334 0.03666666666666667 0.03666666666666667
0 0.9016666666666667 0.018333333333333333 0.030000000000000002 0.030000000000000002
0 0.7816666666666667 0.13166666666666668 0.030000000000000002 0.023333333333333334
0 0.7466666666666667 0.15166666666666667 0.02666666666666667 0.030000000000000002
0 0.7083333333333334 0.17333333333333334 0.030000000000000002 0.02666666666666667
0 0.6766666666666667 0.19 0.03333333333333333 0.02666666666666667
0 0.49833333333333335 0.38833333333333336 0.016666666666666666 0.023333333333333334
