0 0.9233333333333333 0.04 0.04 0.03333333333333333
0 0.89 0.07166666666666667 0.03333333333333333 0.023333333333333334
0 0.8650000000000001 0.09833333333333334 0.023333333333333334 0.023333333333333334
0 0.8400000000000001 0.12166666666666667 0.02666666666666667 0.023333333333333334
0 0.8083333333333333 0.14500000000000002 0.030000000000000002 0.023333333333333334
0 0.7833333333333334 0.17333333333333334 0.03333333333333333 0.02666666666666667
0 0.755 0.20333333333333334 0.030000000000000002 0.02
0 0.7316666666666667 0.23 0.023333333333333334 0.02
0 0.66 0.3416666666666667 0.03333333333333333 0.023333333333333334
0 0.6816666666666668 0.315 0.023333333333333334 0.016666666666666666
0 0.7083333333333334 0.2866666666666667 0.016666666666666666 0.02
0 0.5700000000000001 0.445 0.013333333333333334 0.016666666666666666
0 0.3016666666666667 0.5366666666666667 0.05 0.06666666666666667
0 0.28500000000000003 0.615 0.05666666666666667 0.08333333333333334
0 0.25833333333333336 0.7016666666666667 0.07 0.09000000000000001
0 0.28 0.7716666666666667 0.04 0.03666666666666667
0 0.3116666666666667 0.7833333333333334 0.023333333333333334 0.03333333333333333
0 0.3383333333333334 0.7583333333333334 0.023333333333333334 0.023333333333333334
0 0.36333333333333334 0.7416666666666667 0.02 0.023333333333333334
0 0.4066666666666667 0.6916666666666668 0.02 0.043333333333333335
0 0.44 0.6133333333333334 0.02 0.02
0 0.26833333333333337 0.42833333333333334 0.03666666666666667 0.016666666666666666
0 0.325 0.4466666666666667 0.06333333333333334 0.013333333333333334
0 0.4083333333333334 0.4516666666666667 0.06333333333333334 0.023333333333333334
0 0.49333333333333335 0.4666666666666667 0.07333333333333333 0.013333333333333334
0 0.56 0.4783333333333334 0.060000000000000005 0.01
0 0.6283333333333334 0.4866666666666667 0.05666666666666667 0.013333333333333334
0 0.6983333333333334 0.49833333333333335 0.06333333333333334 0.016666666666666666
