0 0.6666666666666667 0.225 0.05333333333333334 0.05
0 0.63 0.27 0.04666666666666667 0.04
0 0.5983333333333334 0.3016666666666667 0.05 0.030000000000000002
0 0.5383333333333333 0.39 0.05 0.06666666666666667
0 0.5616666666666666 0.33166666666666667 0.023333333333333334 0.03666666666666667
0 0.49833333333333335 0.4216666666666667 0.03666666666666667 0.03666666666666667
0 0.4666666666666667 0.45333333333333337 0.03333333333333333 0.04
0 0.4316666666666667 0.48500000000000004 0.030000000000000002 0.030000000000000002
0 0.4 0.5116666666666667 0.03333333333333333 0.030000000000000002
0 0.37333333333333335 0.5433333333333333 0.04 0.04
0 0.3433333333333334 0.5783333333333334 0.04 0.043333333333333335
0 0.3066666666666667 0.6116666666666667 0.04666666666666667 0.043333333333333335
0 0.26666666666666666 0.645 0.03333333333333333 0.03666666666666667
0 0.23833333333333334 0.6783333333333333 0.043333333333333335 0.030000000000000002
0 0.20500000000000002 0.7033333333333334 0.03666666666666667 0.03333333333333333
0 0.17333333333333334 0.7316666666666667 0.02666666666666667 0.030000000000000002
0 0.14833333333333334 0.76 0.030000000000000002 0.04
0 0.6383333333333334 0.4816666666666667 0.03666666666666667 0.030000000000000002
0 0.6733333333333333 0.44333333333333336 0.02666666666666667 0.03333333333333333
