0 0.6666666666666667 0.09333333333333334 0.04666666666666667 0.02666666666666667
0 0.6716666666666667 0.12166666666666667 0.016666666666666666 0.023333333333333334
0 0.7133333333333334 0.17500000000000002 0.06666666666666667 0.07
0 0.7400000000000001 0.2866666666666667 0.05333333333333334 0.14
0 0.7566666666666667 0.41833333333333333 0.06666666666666667 0.12333333333333334
0 0.795 0.5066666666666667 0.03666666666666667 0.060000000000000005
0 0.8033333333333333 0.5683333333333334 0.02666666666666667 0.05
0 0.81 0.6216666666666667 0.02666666666666667 0.043333333333333335
0 0.8183333333333334 0.7000000000000001 0.030000000000000002 0.06666666666666667
0 0.4733333333333334 0.9033333333333334 0.07333333333333333 0.013333333333333334
0 0.4066666666666667 0.49000000000000005 0.02666666666666667 0.02666666666666667
0 0.43000000000000005 0.5216666666666667 0.02666666666666667 0.023333333333333334
