0 0.7000000000000001 0.4216666666666667 0.06666666666666667 0.07
0 0.6916666666666668 0.49500000000000005 0.05666666666666667 0.07
0 0.665 0.5516666666666667 0.03666666666666667 0.03666666666666667
0 0.8483333333333334 0.2516666666666667 0.016666666666666666 0.07
0 0.8216666666666668 0.31833333333333336 0.023333333333333334 0.016666666666666666
0 0.8133333333333334 0.35000000000000003 0.02 0.02666666666666667
0 0.7916666666666667 0.385 0.016666666666666666 0.030000000000000002
0 0.7816666666666667 0.4166666666666667 0.023333333333333334 0.02666666666666667
0 0.77 0.4666666666666667 0.02 0.060000000000000005
0 0.7533333333333334 0.5233333333333333 0.013333333333333334 0.04
0 0.6533333333333333 0.6283333333333334 0.02666666666666667 0.023333333333333334
0 0.62 0.6583333333333333 0.02 0.023333333333333334
0 0.5933333333333334 0.6883333333333334 0.03333333333333333 0.030000000000000002
0 0.56 0.7133333333333334 0.02 0.02
0 0.5316666666666667 0.7383333333333334 0.030000000000000002 0.023333333333333334
0 0.46 0.7883333333333333 0.02666666666666667 0.030000000000000002
0 0.4916666666666667 0.77 0.023333333333333334 0.013333333333333334
0 0.43000000000000005 0.8066666666666668 0.02 0.02
0 0.39333333333333337 0.8266666666666668 0.04666666666666667 0.02
0 0.7416666666666667 0.06166666666666667 0.03666666666666667 0.12333333333333334
0 0.7333333333333334 0.17666666666666667 0.02 0.08666666666666667
0 0.7283333333333334 0.25333333333333335 0.023333333333333334 0.05333333333333334
