6 0.5198466396030672 0.5500676589986468 0.04736129905277402 0.03473161930536761
6 0.7027514659449707 0.4420387911592242 0.05051871898962562 0.038791159224176815
6 0.11118628777627425 0.7922868741542625 0.054578258908434825 0.03473161930536761
6 0.2350022552999549 0.8635543527289129 0.03337843933243121 0.030221019395579612
6 0.3004059539918809 0.8123590437528191 0.007216959855660803 0.013531799729364006
6 0.8198015336039693 0.2877762742444745 0.015787099684258007 0.018042399639152006
6 0.4485791610284168 0.6393775372124493 0.015787099684258007 0.015787099684258007
6 0.5313486693730266 0.6235904375281912 0.011727559765448805 0.015787099684258007
6 0.39918809201623817 0.6046459179070817 0.15426251691474965 0.09517365809652684
6 0.9765448804691024 0.17185385656292287 0.014433919711321606 0.014433919711321606
