0 0.685 0.5866666666666667 0.043333333333333335 0.03333333333333333
0 0.505 0.7400000000000001 0.06333333333333334 0.02666666666666667
0 0.44 0.7716666666666667 0.06666666666666667 0.030000000000000002
0 0.36833333333333335 0.8016666666666667 0.06333333333333334 0.03666666666666667
0 0.30333333333333334 0.8233333333333334 0.04 0.02666666666666667
0 0.33666666666666667 0.8316666666666667 0.02666666666666667 0.016666666666666666
0 0.325 0.7816666666666667 0.023333333333333334 0.023333333333333334
0 0.3433333333333334 0.7516666666666667 0.013333333333333334 0.016666666666666666
0 0.36000000000000004 0.7333333333333334 0.02 0.013333333333333334
0 0.38333333333333336 0.6950000000000001 0.02 0.016666666666666666
0 0.44333333333333336 0.6233333333333334 0.02 0.02
0 0.46 0.5966666666666667 0.02 0.013333333333333334
0 0.6416666666666667 0.29000000000000004 0.016666666666666666 0.02
0 0.33333333333333337 0.6466666666666667 0.04666666666666667 0.02666666666666667
0 0.16666666666666669 0.7783333333333334 0.03333333333333333 0.030000000000000002
