0 0.12833333333333335 0.03333333333333333 0.1366666666666667 0.04666666666666667
0 0.24000000000000002 0.085 0.05333333333333334 0.08333333333333334
0 0.2816666666666667 0.19833333333333333 0.07666666666666667 0.09666666666666668
0 0.41833333333333333 0.18000000000000002 0.07666666666666667 0.10666666666666667
0 0.4033333333333334 0.10333333333333335 0.02666666666666667 0.02
0 0.32666666666666666 0.09333333333333334 0.04 0.02
0 0.4566666666666667 0.26166666666666666 0.04 0.043333333333333335
0 0.4733333333333334 0.3066666666666667 0.02666666666666667 0.03333333333333333
0 0.5016666666666667 0.33333333333333337 0.030000000000000002 0.04
0 0.5416666666666667 0.375 0.03666666666666667 0.05
0 0.5766666666666667 0.4166666666666667 0.02666666666666667 0.04666666666666667
0 0.54 0.4316666666666667 0.04 0.03666666666666667
0 0.5950000000000001 0.49000000000000005 0.07666666666666667 0.07333333333333333
0 0.6516666666666667 0.55 0.05 0.08
0 0.6916666666666668 0.6233333333333334 0.05 0.1
0 0.6483333333333334 0.7016666666666667 0.20333333333333334 0.12333333333333334
0 0.7433333333333334 0.7966666666666667 0.12000000000000001 0.060000000000000005
0 0.7866666666666667 0.8650000000000001 0.08 0.07
0 0.48333333333333334 0.44333333333333336 0.02666666666666667 0.02
