0 0.26333333333333336 0.04833333333333334 0.02 0.030000000000000002
0 0.29000000000000004 0.028333333333333335 0.02 0.016666666666666666
0 0.3116666666666667 0.055 0.023333333333333334 0.023333333333333334
0 0.33166666666666667 0.08333333333333334 0.016666666666666666 0.02
0 0.2866666666666667 0.07166666666666667 0.013333333333333334 0.030000000000000002
0 0.30833333333333335 0.10333333333333335 0.016666666666666666 0.03333333333333333
0 0.33666666666666667 0.12333333333333334 0.02666666666666667 0.04
0 0.37000000000000005 0.16166666666666668 0.02 0.023333333333333334
0 0.39333333333333337 0.2 0.02 0.03333333333333333
0 0.41833333333333333 0.23333333333333334 0.016666666666666666 0.02666666666666667
0 0.445 0.27 0.023333333333333334 0.03333333333333333
0 0.4683333333333334 0.30333333333333334 0.030000000000000002 0.03333333333333333
0 0.5016666666666667 0.3416666666666667 0.03666666666666667 0.05
0 0.5316666666666667 0.3866666666666667 0.030000000000000002 0.02666666666666667
0 0.2966666666666667 0.21666666666666667 0.04666666666666667 0.04
0 0.3416666666666667 0.26333333333333336 0.03666666666666667 0.04666666666666667
0 0.38333333333333336 0.315 0.04666666666666667 0.043333333333333335
0 0.42500000000000004 0.35500000000000004 0.03666666666666667 0.05666666666666667
0 0.4683333333333334 0.39666666666666667 0.043333333333333335 0.060000000000000005
0 0.5016666666666667 0.46 0.030000000000000002 0.04
0 0.5216666666666667 0.5 0.03666666666666667 0.04
0 0.5466666666666667 0.535 0.04 0.030000000000000002
0 0.5733333333333334 0.5750000000000001 0.04 0.03666666666666667
0 0.62 0.5850000000000001 0.03333333333333333 0.030000000000000002
0 0.6000000000000001 0.615 0.04666666666666667 0.030000000000000002
0 0.6266666666666667 0.6583333333333333 0.04666666666666667 0.030000000000000002
0 0.6566666666666667 0.6933333333333334 0.04 0.03333333333333333
0 0.6816666666666668 0.7333333333333334 0.03666666666666667 0.04666666666666667
0 0.7233333333333334 0.79 0.03333333333333333 0.04
0 0.7783333333333334 0.7916666666666667 0.030000000000000002 0.03666666666666667
0 0.8066666666666668 0.8200000000000001 0.03333333333333333 0.03333333333333333
0 0.7666666666666667 0.8350000000000001 0.04 0.030000000000000002
0 0.7933333333333333 0.8700000000000001 0.02 0.03333333333333333
0 0.8233333333333334 0.9066666666666667 0.02666666666666667 0.03333333333333333
0 0.8366666666666667 0.8683333333333334 0.02666666666666667 0.03666666666666667
0 0.5750000000000001 0.44833333333333336 0.030000000000000002 0.023333333333333334
0 0.6016666666666667 0.4816666666666667 0.023333333333333334 0.030000000000000002
0 0.6266666666666667 0.515 0.02666666666666667 0.030000000000000002
0 0.6466666666666667 0.5466666666666667 0.02666666666666667 0.02666666666666667
0 0.675 0.5800000000000001 0.016666666666666666 0.02666666666666667
0 0.7016666666666667 0.61 0.023333333333333334 0.02666666666666667
0 0.2566666666666667 0.17333333333333334 0.02 0.02
0 0.27666666666666667 0.135 0.02 0.023333333333333334
0 0.22 0.12833333333333335 0.02 0.016666666666666666
