0 0.5383333333333333 0.7216666666666667 0.05666666666666667 0.030000000000000002
0 0.8516666666666667 0.6283333333333334 0.05666666666666667 0.05
0 0.8550000000000001 0.6733333333333333 0.07666666666666667 0.02666666666666667
0 0.89 0.8066666666666668 0.04666666666666667 0.24000000000000002
0 0.93 0.9600000000000001 0.05333333333333334 0.07333333333333333
0 0.8333333333333334 0.9033333333333334 0.060000000000000005 0.05333333333333334
0 0.8533333333333334 0.7666666666666667 0.02 0.02
0 0.5800000000000001 0.8716666666666667 0.03333333333333333 0.07
0 0.3716666666666667 0.42333333333333334 0.023333333333333334 0.03333333333333333
0 0.39333333333333337 0.4683333333333334 0.02666666666666667 0.03666666666666667
0 0.41833333333333333 0.515 0.030000000000000002 0.043333333333333335
