0 0.05166666666666667 0.6283333333333334 0.03666666666666667 0.05666666666666667
0 0.11833333333333335 0.6833333333333333 0.03666666666666667 0.04
0 0.155 0.7233333333333334 0.043333333333333335 0.04
0 0.19166666666666668 0.76 0.03666666666666667 0.05333333333333334
0 0.23 0.785 0.03333333333333333 0.06333333333333334
0 0.2866666666666667 0.8250000000000001 0.04666666666666667 0.05
0 0.36833333333333335 0.8433333333333334 0.03666666666666667 0.060000000000000005
0 0.41000000000000003 0.8500000000000001 0.04 0.05333333333333334
0 0.4516666666666667 0.8600000000000001 0.023333333333333334 0.03333333333333333
0 0.47500000000000003 0.8983333333333334 0.03666666666666667 0.03666666666666667
0 0.42333333333333334 0.9 0.060000000000000005 0.03333333333333333
0 0.33166666666666667 0.8616666666666667 0.023333333333333334 0.05
