6 0.6163079470198676 0.2735927152317881 0.07533112582781457 0.10513245033112582
6 0.3079470198675497 0.6825331125827815 0.033112582781456956 0.03559602649006623
6 0.33733443708609273 0.6473509933774835 0.02566225165562914 0.0347682119205298
6 0.36258278145695366 0.6084437086092715 0.039735099337748346 0.03642384105960265
6 0.40811258278145696 0.5525662251655629 0.04470198675496689 0.052152317880794705
6 0.4375 0.519453642384106 0.02566225165562914 0.03394039735099338
6 0.45653973509933776 0.4962748344370861 0.020695364238410598 0.030629139072847682
6 0.46978476821192056 0.472682119205298 0.022350993377483443 0.033112582781456956
6 0.48509933774834435 0.4519867549668874 0.018211920529801324 0.03145695364238411
6 0.49710264900662254 0.43129139072847683 0.02566225165562914 0.0347682119205298
6 0.5153145695364238 0.4139072847682119 0.020695364238410598 0.0347682119205298
6 0.5298013245033113 0.3927980132450331 0.026490066225165563 0.024006622516556293
