6 0.8172949735449735 0.16567460317460317 0.012896825396825396 0.01917989417989418
6 0.9728835978835978 0.07589285714285714 0.02976190476190476 0.023478835978835978
6 0.4193121693121693 0.5438161375661376 0.06415343915343916 0.05257936507936507
6 0.14351851851851852 0.7597552910052909 0.04365079365079365 0.034060846560846555
6 0.35631613756613756 0.5864748677248677 0.03207671957671958 0.028769841269841268
6 0.3936838624338624 0.5778769841269841 0.023478835978835978 0.00958994708994709
6 0.659887566137566 0.3394510582010582 0.013558201058201057 0.01488095238095238
6 0.5537367724867724 0.4158399470899471 0.01488095238095238 0.011574074074074073
6 0.9388227513227513 0.10433201058201058 0.021164021164021163 0.018187830687830687
6 0.9117063492063492 0.1294642857142857 0.022486772486772486 0.01488095238095238
6 0.4657738095238095 0.4887566137566137 0.04133597883597884 0.027777777777777776
6 0.4679232804232804 0.5203373015873015 0.02447089947089947 0.018187830687830687
6 0.384755291005291 0.5891203703703703 0.02017195767195767 0.010912698412698412
6 0.18353174603174602 0.7247023809523809 0.036375661375661374 0.02546296296296296
6 0.10317460317460317 0.8002645502645502 0.02447089947089947 0.03835978835978836
