6 0.65625 0.41534391534391535 0.06183862433862433 0.046957671957671955
6 0.3819444444444444 0.6631944444444444 0.04497354497354497 0.03736772486772487
6 0.42526455026455023 0.6324404761904762 0.041666666666666664 0.028769841269841268
6 0.3480489417989418 0.701058201058201 0.03207671957671958 0.02976190476190476
6 0.611276455026455 0.44146825396825395 0.021494708994708994 0.013888888888888888
6 0.6193783068783069 0.45469576719576715 0.04828042328042328 0.027777777777777776
6 0.6850198412698413 0.3784722222222222 0.021494708994708994 0.022156084656084655
6 0.7131283068783069 0.37731481481481477 0.04596560846560846 0.041666666666666664
6 0.8093584656084656 0.2936507936507936 0.02017195767195767 0.017195767195767195
6 0.9050925925925926 0.20287698412698413 0.013888888888888888 0.01488095238095238
