0 0.9 0.06666666666666667 0.02666666666666667 0.03333333333333333
0 0.8766666666666667 0.13 0.013333333333333334 0.02666666666666667
0 0.8216666666666668 0.19 0.01 0.02666666666666667
0 0.7216666666666667 0.31333333333333335 0.030000000000000002 0.04
0 0.6566666666666667 0.4166666666666667 0.02 0.02666666666666667
0 0.6116666666666667 0.4733333333333334 0.023333333333333334 0.02666666666666667
0 0.55 0.5366666666666667 0.04 0.03333333333333333
0 0.46 0.5933333333333334 0.02 0.02
0 0.4166666666666667 0.6483333333333334 0.02 0.016666666666666666
0 0.3666666666666667 0.7133333333333334 0.02 0.013333333333333334
0 0.35000000000000003 0.75 0.006666666666666667 0.02
0 0.3016666666666667 0.775 0.023333333333333334 0.016666666666666666
0 0.26 0.8166666666666668 0.013333333333333334 0.02
0 0.22 0.8550000000000001 0.02 0.023333333333333334
0 0.16333333333333333 0.895 0.013333333333333334 0.016666666666666666
0 0.13166666666666668 0.9333333333333333 0.016666666666666666 0.013333333333333334
0 0.08666666666666667 0.9633333333333334 0.02 0.013333333333333334
