0 0.43500000000000005 0.16166666666666668 0.09000000000000001 0.05666666666666667
0 0.48500000000000004 0.34833333333333333 0.09000000000000001 0.2833333333333333
0 0.6316666666666667 0.2866666666666667 0.06333333333333334 0.06666666666666667
0 0.5650000000000001 0.40166666666666667 0.07 0.2833333333333333
0 0.6333333333333334 0.5033333333333334 0.060000000000000005 0.2
0 0.51 0.6016666666666667 0.17333333333333334 0.09000000000000001
0 0.4733333333333334 0.6966666666666667 0.16666666666666669 0.08666666666666667
0 0.4083333333333334 0.7816666666666667 0.08333333333333334 0.05666666666666667
0 0.3566666666666667 0.8466666666666667 0.06666666666666667 0.04666666666666667
0 0.4266666666666667 0.8566666666666667 0.03333333333333333 0.02666666666666667
0 0.3983333333333334 0.8866666666666667 0.030000000000000002 0.02666666666666667
0 0.35833333333333334 0.9266666666666667 0.05 0.04
0 0.385 0.32333333333333336 0.09666666666666668 0.09333333333333334
0 0.30833333333333335 0.26833333333333337 0.05 0.05666666666666667
0 0.2733333333333334 0.19166666666666668 0.04666666666666667 0.05666666666666667
0 0.22833333333333336 0.14500000000000002 0.030000000000000002 0.043333333333333335
0 0.19166666666666668 0.095 0.03666666666666667 0.05
0 0.15833333333333335 0.04666666666666667 0.043333333333333335 0.060000000000000005
