0 0.4816666666666667 0.5183333333333333 0.15666666666666668 0.043333333333333335
0 0.44333333333333336 0.7333333333333334 0.14 0.060000000000000005
0 0.9616666666666668 0.05 0.07 0.08
0 0.915 0.10833333333333334 0.09000000000000001 0.030000000000000002
0 0.8933333333333334 0.21166666666666667 0.05333333333333334 0.15000000000000002
0 0.8233333333333334 0.21166666666666667 0.08 0.043333333333333335
0 0.8566666666666667 0.3866666666666667 0.07333333333333333 0.06666666666666667
0 0.8166666666666668 0.44 0.06666666666666667 0.04
0 0.7633333333333334 0.5083333333333334 0.060000000000000005 0.08333333333333334
0 0.7066666666666667 0.5966666666666667 0.06666666666666667 0.060000000000000005
0 0.6666666666666667 0.6766666666666667 0.06666666666666667 0.08
0 0.635 0.7350000000000001 0.07666666666666667 0.07666666666666667
0 0.6183333333333334 0.81 0.05 0.060000000000000005
0 0.5866666666666667 0.8733333333333334 0.04 0.04
0 0.5533333333333333 0.9183333333333334 0.02666666666666667 0.023333333333333334
0 0.5216666666666667 0.9533333333333334 0.023333333333333334 0.02
