0 0.24333333333333335 0.34 0.04666666666666667 0.03333333333333333
0 0.2833333333333333 0.3766666666666667 0.03333333333333333 0.03333333333333333
0 0.325 0.405 0.03666666666666667 0.03666666666666667
0 0.36333333333333334 0.43000000000000005 0.03333333333333333 0.02666666666666667
0 0.4066666666666667 0.46166666666666667 0.03333333333333333 0.023333333333333334
0 0.45833333333333337 0.49500000000000005 0.043333333333333335 0.023333333333333334
0 0.515 0.54 0.03666666666666667 0.02666666666666667
0 0.635 0.6216666666666667 0.043333333333333335 0.03666666666666667
0 0.5633333333333334 0.5850000000000001 0.04 0.030000000000000002
0 0.17 0.27666666666666667 0.05333333333333334 0.02666666666666667
0 0.13333333333333333 0.2366666666666667 0.04666666666666667 0.03333333333333333
0 0.09833333333333334 0.2 0.043333333333333335 0.03333333333333333
0 0.05666666666666667 0.18333333333333335 0.05333333333333334 0.060000000000000005
0 0.26666666666666666 0.10500000000000001 0.05333333333333334 0.03666666666666667
0 0.325 0.14333333333333334 0.07 0.04666666666666667
0 0.39 0.17333333333333334 0.03333333333333333 0.03333333333333333
0 0.7116666666666667 0.6883333333333334 0.043333333333333335 0.023333333333333334
0 0.755 0.7016666666666667 0.030000000000000002 0.030000000000000002
0 0.79 0.7250000000000001 0.02666666666666667 0.030000000000000002
0 0.8400000000000001 0.7683333333333334 0.03333333333333333 0.023333333333333334
0 0.885 0.81 0.023333333333333334 0.02666666666666667
0 0.8816666666666667 0.1 0.030000000000000002 0.02666666666666667
0 0.9033333333333334 0.13833333333333334 0.02666666666666667 0.03666666666666667
0 0.9183333333333334 0.18833333333333335 0.030000000000000002 0.023333333333333334
0 0.9566666666666668 0.20333333333333334 0.02 0.03333333333333333
0 0.9333333333333333 0.225 0.02 0.030000000000000002
0 0.9700000000000001 0.24000000000000002 0.02 0.02666666666666667
0 0.9516666666666668 0.26666666666666666 0.023333333333333334 0.02666666666666667
0 0.9866666666666667 0.27 0.02 0.02666666666666667
0 0.9750000000000001 0.30833333333333335 0.023333333333333334 0.023333333333333334
