6 0.13217291507268553 0.6426931905126243 0.028691660290742157 0.0252486610558531
6 0.21996939556235653 0.6256694720734506 0.06809487375669472 0.05547054322876817
6 0.2752486610558531 0.5789977046671767 0.04246365723029839 0.03404743687834736
6 0.17253251721499616 0.667176740627391 0.03519510328997705 0.023718439173680182
6 0.6842004590665647 0.24942616679418514 0.021040550879877582 0.019127773527161437
6 0.6524483550114767 0.27830910482019894 0.031752104055087986 0.021040550879877582
6 0.6237566947207345 0.3016449885233359 0.025631216526396328 0.014919663351185922
6 0.6082631981637338 0.31446059678653404 0.02218821729150727 0.010711553175210406
6 0.5960214231063504 0.3249808722264728 0.0252486610558531 0.008798775822494262
6 0.5786151491966335 0.3366488140780413 0.011859219586840091 0.010711553175210406
6 0.5587222647283856 0.3548201989288447 0.025631216526396328 0.01262433052792655
