6 0.3494318181818182 0.06285511363636363 0.015625 0.026278409090909092
6 0.3171164772727273 0.11754261363636365 0.05184659090909091 0.0859375
6 0.35120738636363635 0.1846590909090909 0.030539772727272728 0.05113636363636364
6 0.2819602272727273 0.052911931818181816 0.011363636363636364 0.040482954545454544
6 0.5486505681818182 0.5973011363636364 0.022017045454545456 0.03125
6 0.5639204545454546 0.6328125 0.015625 0.03551136363636364
6 0.5834517045454546 0.6651278409090909 0.016335227272727272 0.037642045454545456
6 0.5980113636363636 0.7027698863636364 0.01278409090909091 0.037642045454545456
6 0.6178977272727273 0.7464488636363636 0.026988636363636364 0.049715909090909095
6 0.5323153409090909 0.5681818181818182 0.019176136363636364 0.02840909090909091
6 0.51171875 0.5369318181818182 0.020596590909090908 0.02556818181818182
