0 0.4416666666666667 0.03833333333333334 0.023333333333333334 0.05
0 0.48333333333333334 0.07166666666666667 0.02666666666666667 0.06333333333333334
0 0.5166666666666667 0.058333333333333334 0.03333333333333333 0.03666666666666667
0 0.5233333333333333 0.09833333333333334 0.02 0.030000000000000002
0 0.5533333333333333 0.065 0.02666666666666667 0.023333333333333334
0 0.5850000000000001 0.11166666666666668 0.08333333333333334 0.05666666666666667
0 0.65 0.11166666666666668 0.02666666666666667 0.030000000000000002
0 0.6533333333333333 0.14666666666666667 0.03333333333333333 0.02
0 0.6050000000000001 0.16 0.030000000000000002 0.02666666666666667
0 0.6916666666666668 0.15166666666666667 0.030000000000000002 0.07
0 0.7216666666666667 0.155 0.023333333333333334 0.030000000000000002
0 0.75 0.19166666666666668 0.03333333333333333 0.043333333333333335
0 0.7883333333333333 0.21666666666666667 0.030000000000000002 0.04666666666666667
0 0.8200000000000001 0.25 0.02666666666666667 0.04
0 0.8550000000000001 0.27166666666666667 0.030000000000000002 0.03666666666666667
0 0.8816666666666667 0.3116666666666667 0.023333333333333334 0.03666666666666667
0 0.935 0.3616666666666667 0.030000000000000002 0.043333333333333335
