7 0.166 0.5013262599469496 0.024 0.021220159151193633
7 0.203 0.5848806366047745 0.014 0.023872679045092837
7 0.158 0.29575596816976124 0.016 0.01326259946949602
7 0.274 0.3673740053050398 0.008 0.01856763925729443
7 0.28800000000000003 0.3793103448275862 0.016 0.015915119363395226
7 0.246 0.8143236074270557 0.012 0.021220159151193633
7 0.803 0.49734748010610075 0.01 0.01856763925729443
7 0.8170000000000001 0.513262599469496 0.01 0.01856763925729443
7 0.658 0.29973474801061006 0.024 0.010610079575596816
7 0.526 0.29575596816976124 0.012 0.01326259946949602
7 0.5700000000000001 0.29575596816976124 0.016 0.01326259946949602
7 0.608 0.3222811671087533 0.016 0.01856763925729443
7 0.633 0.3010610079575597 0.014 0.01326259946949602
7 0.687 0.3620689655172414 0.018000000000000002 0.01326259946949602
