0 0.6666666666666667 0.7816666666666667 0.03333333333333333 0.03666666666666667
0 0.5683333333333334 0.805 0.023333333333333334 0.030000000000000002
0 0.645 0.8266666666666668 0.016666666666666666 0.02
0 0.6783333333333333 0.8216666666666668 0.023333333333333334 0.023333333333333334
0 0.6000000000000001 0.805 0.02 0.016666666666666666
0 0.6233333333333334 0.81 0.013333333333333334 0.013333333333333334
0 0.5866666666666667 0.8366666666666667 0.013333333333333334 0.013333333333333334
0 0.6266666666666667 0.8600000000000001 0.02 0.02666666666666667
0 0.615 0.8366666666666667 0.023333333333333334 0.02
0 0.6533333333333333 0.8550000000000001 0.02 0.023333333333333334
0 0.6833333333333333 0.8583333333333334 0.013333333333333334 0.016666666666666666
0 0.5666666666666667 0.8450000000000001 0.013333333333333334 0.016666666666666666
0 0.5850000000000001 0.8716666666666667 0.030000000000000002 0.023333333333333334
0 0.6216666666666667 0.8983333333333334 0.016666666666666666 0.016666666666666666
0 0.6533333333333333 0.8933333333333334 0.013333333333333334 0.013333333333333334
0 0.5733333333333334 0.9 0.013333333333333334 0.013333333333333334
0 0.5950000000000001 0.9016666666666667 0.016666666666666666 0.030000000000000002
0 0.5766666666666667 0.9366666666666668 0.013333333333333334 0.013333333333333334
0 0.6066666666666667 0.9433333333333334 0.02 0.02666666666666667
0 0.6416666666666667 0.9183333333333334 0.016666666666666666 0.030000000000000002
