7 0.513 0.5716374269005847 0.022 0.03216374269005848
7 0.677 0.5409356725146198 0.022 0.023391812865497075
7 0.097 0.1871345029239766 0.018000000000000002 0.029239766081871343
7 0.932 0.7470760233918128 0.024 0.03216374269005848
7 0.925 0.6447368421052632 0.038 0.049707602339181284
7 0.809 0.5570175438596491 0.042 0.038011695906432746
7 0.753 0.5380116959064327 0.026000000000000002 0.029239766081871343
7 0.453 0.7149122807017544 0.022 0.02631578947368421
7 0.28500000000000003 0.43859649122807015 0.026000000000000002 0.03508771929824561
7 0.278 0.32309941520467833 0.028 0.038011695906432746
7 0.241 0.2543859649122807 0.022 0.03508771929824561
7 0.194 0.3084795321637427 0.032 0.038011695906432746
7 0.248 0.5146198830409356 0.024 0.04678362573099415
7 0.267 0.7441520467836257 0.03 0.07309941520467836
7 0.732 0.48684210526315785 0.048 0.02631578947368421
7 0.598 0.6359649122807017 0.012 0.02046783625730994
7 0.861 0.5906432748538011 0.034 0.023391812865497075
7 0.154 0.29532163742690054 0.024 0.06432748538011696
7 0.136 0.36257309941520466 0.04 0.04678362573099415
7 0.871 0.6710526315789473 0.03 0.03216374269005848
7 0.23 0.6096491228070176 0.02 0.049707602339181284
7 0.8320000000000001 0.6257309941520468 0.032 0.04093567251461988
7 0.9470000000000001 0.6973684210526315 0.03 0.03216374269005848
