7 0.3530973451327434 0.3063973063973064 0.047787610619469026 0.05387205387205387
7 0.41327433628318583 0.3063973063973064 0.04424778761061947 0.06734006734006734
7 0.8415929203539823 0.23569023569023567 0.047787610619469026 0.0404040404040404
7 0.8424778761061946 0.7912457912457912 0.04601769911504425 0.04713804713804714
7 0.8823008849557522 0.7878787878787878 0.03716814159292035 0.04713804713804714
7 0.7530973451327434 0.9595959595959596 0.047787610619469026 0.04713804713804714
7 0.7982300884955752 0.9579124579124578 0.03893805309734513 0.043771043771043766
7 0.647787610619469 0.8097643097643097 0.04601769911504425 0.043771043771043766
7 0.5938053097345133 0.6228956228956228 0.03716814159292035 0.04713804713804714
7 0.21238938053097345 0.8367003367003366 0.035398230088495575 0.050505050505050504
7 0.16194690265486725 0.845117845117845 0.04424778761061947 0.05387205387205387
7 0.115929203539823 0.8484848484848484 0.047787610619469026 0.05387205387205387
7 0.7194690265486725 0.28787878787878785 0.04070796460176991 0.043771043771043766
7 0.7327433628318584 0.23905723905723905 0.04601769911504425 0.0404040404040404
7 0.6876106194690266 0.24074074074074073 0.033628318584070796 0.037037037037037035
7 0.6725663716814159 0.28619528619528617 0.04247787610619469 0.04713804713804714
