7 0.427 0.6112903225806452 0.198 0.11290322580645161
7 0.28600000000000003 0.5064516129032258 0.032 0.025806451612903226
7 0.6 0.6483870967741936 0.032 0.025806451612903226
7 0.616 0.6290322580645161 0.036000000000000004 0.025806451612903226
7 0.5630000000000001 0.6048387096774194 0.03 0.02258064516129032
7 0.5690000000000001 0.6370967741935484 0.026000000000000002 0.02903225806451613
7 0.20800000000000002 0.44193548387096776 0.028 0.01935483870967742
7 0.23800000000000002 0.4806451612903226 0.032 0.01935483870967742
7 0.193 0.49032258064516127 0.034 0.01935483870967742
7 0.651 0.7016129032258065 0.022 0.02258064516129032
7 0.28200000000000003 0.5645161290322581 0.032 0.025806451612903226
7 0.24 0.5419354838709678 0.028 0.01935483870967742
7 0.199 0.5258064516129032 0.03 0.01935483870967742
