7 0.6383333333333334 0.58 0.6233333333333334 0.16444444444444445
7 0.6133333333333334 0.23333333333333334 0.6266666666666667 0.3422222222222222
7 0.030000000000000002 0.7066666666666667 0.04666666666666667 0.035555555555555556
7 0.08666666666666667 0.7177777777777777 0.060000000000000005 0.04888888888888889
7 0.14166666666666666 0.7088888888888889 0.05 0.04888888888888889
7 0.19166666666666668 0.7088888888888889 0.05 0.03111111111111111
7 0.24500000000000002 0.7 0.05 0.03111111111111111
7 0.29500000000000004 0.6888888888888889 0.05 0.044444444444444446
7 0.09666666666666668 0.58 0.08666666666666667 0.013333333333333332
7 0.02666666666666667 0.5844444444444444 0.04666666666666667 0.013333333333333332
7 0.025 0.6 0.043333333333333335 0.017777777777777778
