7 0.5571142284569138 0.8763736263736265 0.012024048096192383 0.038461538461538464
7 0.567134268537074 0.9093406593406594 0.012024048096192383 0.03296703296703297
7 0.5430861723446894 0.7843406593406594 0.01603206412825651 0.03571428571428572
7 0.5360721442885771 0.7486263736263736 0.026052104208416832 0.030219780219780223
7 0.5290581162324649 0.723901098901099 0.028056112224448895 0.024725274725274728
7 0.5220440881763526 0.6964285714285715 0.026052104208416832 0.024725274725274728
7 0.5080160320641283 0.6648351648351649 0.022044088176352703 0.02197802197802198
7 0.49699398797595185 0.6359890109890111 0.02004008016032064 0.024725274725274728
7 0.49098196392785565 0.6112637362637363 0.02004008016032064 0.030219780219780223
7 0.48296593186372744 0.5824175824175825 0.02004008016032064 0.027472527472527476
7 0.47394789579158314 0.554945054945055 0.014028056112224447 0.02197802197802198
7 0.47094188376753504 0.5288461538461539 0.012024048096192383 0.030219780219780223
7 0.46793587174348694 0.5027472527472527 0.01002004008016032 0.02197802197802198
7 0.3607214428857715 0.3873626373626374 0.028056112224448895 0.027472527472527476
7 0.3947895791583166 0.451923076923077 0.028056112224448895 0.030219780219780223
7 0.39979959919839675 0.5123626373626374 0.014028056112224447 0.030219780219780223
7 0.44388777555110215 0.592032967032967 0.014028056112224447 0.024725274725274728
7 0.42985971943887774 0.5576923076923077 0.014028056112224447 0.027472527472527476
7 0.6202404809619237 0.7280219780219781 0.018036072144288574 0.03296703296703297
7 0.751503006012024 0.12225274725274726 0.03607214428857715 0.024725274725274728
7 0.7244488977955911 0.14423076923076925 0.03406813627254509 0.024725274725274728
7 0.6963927855711423 0.10164835164835166 0.038076152304609215 0.027472527472527476
7 0.5921843687374749 0.08241758241758243 0.0501002004008016 0.03296703296703297
7 0.56312625250501 0.13461538461538464 0.06412825651302605 0.02197802197802198
7 0.44689378757515025 0.06868131868131869 0.052104208416833664 0.038461538461538464
7 0.38777555110220435 0.15384615384615385 0.06613226452905811 0.03296703296703297
7 0.33466933867735466 0.20329670329670332 0.044088176352705406 0.038461538461538464
7 0.20440881763527052 0.2293956043956044 0.04008016032064128 0.057692307692307696
7 0.07414829659318636 0.157967032967033 0.052104208416833664 0.03571428571428572
7 0.14829659318637273 0.09752747252747254 0.052104208416833664 0.019230769230769232
7 0.3286573146292585 0.10576923076923078 0.03206412825651302 0.03571428571428572
7 0.27354709418837675 0.1043956043956044 0.03006012024048096 0.038461538461538464
7 0.21743486973947895 0.10027472527472528 0.03406813627254509 0.024725274725274728
7 0.2154308617234469 0.06593406593406594 0.03006012024048096 0.02197802197802198
7 0.24849699398797592 0.08104395604395605 0.02004008016032064 0.019230769230769232
