7 0.183 0.608 0.054 0.08533333333333333
7 0.161 0.5693333333333334 0.022 0.06666666666666667
7 0.2 0.5573333333333333 0.056 0.021333333333333333
7 0.289 0.6026666666666667 0.078 0.026666666666666665
7 0.314 0.516 0.024 0.050666666666666665
7 0.274 0.5186666666666666 0.044 0.018666666666666665
7 0.241 0.5066666666666666 0.042 0.021333333333333333
7 0.34 0.5 0.036000000000000004 0.024
7 0.391 0.48266666666666663 0.046 0.016
7 0.484 0.42666666666666664 0.032 0.016
7 0.632 0.41866666666666663 0.02 0.06933333333333333
7 0.459 0.5973333333333333 0.046 0.05333333333333333
7 0.536 0.54 0.07200000000000001 0.013333333333333332
7 0.6 0.528 0.048 0.021333333333333333
7 0.6940000000000001 0.52 0.084 0.05333333333333333
7 0.75 0.5386666666666666 0.044 0.048
7 0.88 0.528 0.06 0.026666666666666665
7 0.926 0.504 0.02 0.042666666666666665
7 0.557 0.4973333333333333 0.042 0.029333333333333333
7 0.61 0.5613333333333334 0.04 0.018666666666666665
