7 0.614 0.35333333333333333 0.028 0.04
7 0.609 0.436 0.018000000000000002 0.04533333333333333
7 0.635 0.564 0.018000000000000002 0.050666666666666665
7 0.47900000000000004 0.25466666666666665 0.014 0.04
7 0.498 0.05466666666666666 0.028 0.029333333333333333
7 0.451 0.10666666666666666 0.034 0.032
7 0.483 0.36666666666666664 0.018000000000000002 0.034666666666666665
7 0.508 0.39599999999999996 0.016 0.034666666666666665
7 0.515 0.45199999999999996 0.018000000000000002 0.04533333333333333
7 0.434 0.42933333333333334 0.02 0.064
