0 0.6433333333333334 0.2783333333333334 0.05333333333333334 0.05
0 0.6066666666666667 0.3166666666666667 0.08 0.04
0 0.6933333333333334 0.4083333333333334 0.16 0.09000000000000001
0 0.64 0.5266666666666667 0.18666666666666668 0.14666666666666667
0 0.67 0.68 0.07333333333333333 0.15333333333333335
0 0.5833333333333334 0.81 0.1 0.12666666666666668
0 0.5850000000000001 0.9400000000000001 0.06333333333333334 0.11333333333333334
0 0.4566666666666667 0.22166666666666668 0.04 0.016666666666666666
0 0.395 0.3466666666666667 0.06333333333333334 0.02
0 0.42833333333333334 0.4733333333333334 0.05 0.02
0 0.2783333333333334 0.395 0.03666666666666667 0.016666666666666666
0 0.26166666666666666 0.4316666666666667 0.03666666666666667 0.016666666666666666
0 0.21000000000000002 0.5583333333333333 0.03333333333333333 0.01
0 0.20833333333333334 0.5766666666666667 0.03666666666666667 0.013333333333333334
0 0.21666666666666667 0.5983333333333334 0.04 0.01
0 0.22666666666666668 0.67 0.03333333333333333 0.013333333333333334
0 0.23333333333333334 0.685 0.03333333333333333 0.016666666666666666
0 0.22 0.745 0.03333333333333333 0.016666666666666666
0 0.24166666666666667 0.8 0.05 0.013333333333333334
0 0.26333333333333336 0.8350000000000001 0.04666666666666667 0.023333333333333334
0 0.28500000000000003 0.8700000000000001 0.043333333333333335 0.006666666666666667
0 0.3116666666666667 0.8883333333333334 0.030000000000000002 0.016666666666666666
