7 0.443 0.7245901639344262 0.742 0.2098360655737705
7 0.49 0.5163934426229508 0.048 0.04262295081967213
7 0.54 0.5147540983606558 0.048 0.04590163934426229
7 0.598 0.5032786885245901 0.064 0.04262295081967213
7 0.658 0.4901639344262295 0.06 0.04262295081967213
7 0.718 0.48032786885245904 0.06 0.04918032786885246
7 0.775 0.46557377049180326 0.062 0.05245901639344262
7 0.835 0.44754098360655736 0.058 0.04918032786885246
7 0.878 0.4426229508196721 0.028 0.05245901639344262
7 0.9440000000000001 0.42131147540983604 0.108 0.029508196721311476
7 0.488 0.5852459016393443 0.08 0.036065573770491806
7 0.561 0.5737704918032787 0.07 0.03278688524590164
7 0.629 0.5557377049180328 0.07 0.029508196721311476
7 0.6960000000000001 0.5426229508196722 0.068 0.036065573770491806
7 0.764 0.5262295081967213 0.068 0.029508196721311476
7 0.833 0.5114754098360655 0.062 0.02622950819672131
7 0.89 0.49836065573770494 0.06 0.03278688524590164
7 0.9520000000000001 0.4819672131147541 0.064 0.019672131147540982
7 0.613 0.9344262295081968 0.09 0.05245901639344262
7 0.6950000000000001 0.919672131147541 0.07 0.04262295081967213
7 0.746 0.9016393442622951 0.036000000000000004 0.05901639344262295
7 0.804 0.8836065573770492 0.056 0.04918032786885246
7 0.865 0.860655737704918 0.066 0.04262295081967213
7 0.452 0.9819672131147541 0.056 0.029508196721311476
