7 0.147 0.09452054794520548 0.054 0.03561643835616438
7 0.176 0.045205479452054796 0.028 0.03561643835616438
7 0.215 0.06301369863013699 0.03 0.021917808219178082
7 0.265 0.09041095890410959 0.038 0.043835616438356165
7 0.212 0.0958904109589041 0.04 0.021917808219178082
7 0.077 0.16027397260273973 0.054 0.0410958904109589
7 0.20500000000000002 0.23150684931506849 0.046 0.07397260273972603
7 0.333 0.20273972602739726 0.042 0.038356164383561646
7 0.32 0.17123287671232876 0.032 0.019178082191780823
7 0.329 0.10684931506849316 0.03 0.038356164383561646
7 0.387 0.1547945205479452 0.058 0.0410958904109589
7 0.45 0.06986301369863014 0.064 0.03561643835616438
7 0.592 0.07671232876712329 0.064 0.03287671232876713
7 0.6950000000000001 0.10273972602739725 0.046 0.024657534246575342
7 0.754 0.12328767123287672 0.052000000000000005 0.0273972602739726
7 0.72 0.14657534246575343 0.048 0.024657534246575342
7 0.5670000000000001 0.13424657534246576 0.07 0.021917808219178082
7 0.356 0.38767123287671235 0.036000000000000004 0.0410958904109589
7 0.394 0.4465753424657534 0.044 0.043835616438356165
7 0.399 0.5068493150684932 0.018000000000000002 0.049315068493150684
7 0.422 0.5424657534246575 0.008 0.03287671232876713
7 0.437 0.5767123287671233 0.018000000000000002 0.07397260273972603
7 0.616 0.7301369863013699 0.028 0.052054794520547946
7 0.562 0.9 0.028 0.07945205479452055
7 0.5630000000000001 0.8301369863013699 0.018000000000000002 0.06027397260273973
7 0.542 0.7821917808219178 0.02 0.03561643835616438
7 0.533 0.7356164383561644 0.03 0.0410958904109589
7 0.518 0.6876712328767123 0.028 0.038356164383561646
7 0.501 0.6356164383561644 0.026000000000000002 0.038356164383561646
7 0.483 0.5835616438356165 0.022 0.038356164383561646
7 0.47400000000000003 0.536986301369863 0.016 0.043835616438356165
7 0.464 0.4780821917808219 0.016 0.052054794520547946
7 0.464 0.4273972602739726 0.012 0.043835616438356165
7 0.465 0.37945205479452054 0.01 0.04657534246575343
