8 0.45715676728334953 0.49442586399108135 0.019798766634209673 0.03455964325529543
8 0.44011684518013633 0.5434782608695652 0.01557935735150925 0.032329988851727984
8 0.7392080493346316 0.568561872909699 0.01525478740668614 0.028985507246376812
8 0.8187276858162934 0.60479375696767 0.009412528399870172 0.021181716833890748
8 0.8435572865952613 0.6164994425863991 0.01103537812398572 0.024526198439241916
8 0.6101914962674456 0.479933110367893 0.01103537812398572 0.016722408026755852
8 0.5834144758195391 0.6192865105908584 0.006815968841285297 0.023411371237458192
8 0.25089256734826354 0.4598662207357859 0.007789678675754625 0.0189520624303233
8 0.17689061992859462 0.45484949832775917 0.008438818565400843 0.028985507246376812
8 0.09753326841934437 0.4721293199554069 0.010061668289516391 0.02564102564102564
8 0.12090230444660824 0.46655518394648826 0.013956507627393703 0.021181716833890748
8 0.007789678675754625 0.5423634336677815 0.011684518013631937 0.023411371237458192
