8 0.9444985394352483 0.15496098104793757 0.008438818565400843 0.028985507246376812
8 0.9068484258357676 0.33890746934225197 0.007789678675754625 0.026755852842809364
8 0.8872119441739694 0.1778149386845039 0.008763388510223954 0.021181716833890748
8 0.865141187925998 0.16276477146042362 0.009412528399870172 0.028985507246376812
8 0.8287893541058098 0.17224080267558528 0.006166828951639078 0.032329988851727984
8 0.8080168776371308 0.1878483835005574 0.009412528399870172 0.032329988851727984
8 0.8774748458292762 0.4258639910813824 0.010710808179162609 0.028985507246376812
8 0.8273287893541058 0.5 0.016877637130801686 0.045707915273132664
8 0.7822135670236936 0.5395763656633221 0.011684518013631937 0.04013377926421405
8 0.7341772151898734 0.4598662207357859 0.008438818565400843 0.03455964325529543
8 0.6186303148328465 0.5144927536231884 0.009087958455047063 0.032329988851727984
8 0.6252839987017202 0.5863991081382386 0.019149626744563452 0.042363433667781496
8 0.48717948717948717 0.5172798216276477 0.020123336579032782 0.0379041248606466
8 0.5660499837715027 0.5769230769230769 0.009087958455047063 0.03455964325529543
8 0.5730282375851996 0.6137123745819398 0.010710808179162609 0.03455964325529543
8 0.6183057448880234 0.3963210702341137 0.007140538786108406 0.03455964325529543
8 0.6295034079844206 0.41861761426978816 0.017202207075624795 0.03678929765886287
8 0.6694255111976631 0.2664437012263099 0.010061668289516391 0.017837235228539576
8 0.4216163583252191 0.29988851727982163 0.012333657903278157 0.026755852842809364
8 0.4659201557935735 0.520066889632107 0.010061668289516391 0.032329988851727984
8 0.4266471924699773 0.527870680044593 0.05030834144758195 0.03678929765886287
8 0.45715676728334953 0.6075808249721293 0.009412528399870172 0.026755852842809364
8 0.4717624148003895 0.6594202898550725 0.006166828951639078 0.03455964325529543
8 0.3964621876014281 0.6086956521739131 0.010061668289516391 0.028985507246376812
8 0.36335605322947095 0.5914158305462653 0.010061668289516391 0.032329988851727984
8 0.34582927620902304 0.5133779264214047 0.023044466082440766 0.03455964325529543
8 0.3114248620577734 0.5183946488294314 0.017851346965271016 0.024526198439241916
8 0.31499513145082764 0.7229654403567447 0.013956507627393703 0.0189520624303233
8 0.25884453099642973 0.6443701226309921 0.010061668289516391 0.026755852842809364
8 0.24813372281726712 0.6616499442586399 0.010061668289516391 0.03455964325529543
8 0.23612463485881208 0.6672240802675585 0.012658227848101266 0.05016722408026756
8 0.24148003894839337 0.4269788182831661 0.007789678675754625 0.026755852842809364
8 0.28902953586497887 0.3818283166109253 0.011359948068808828 0.021181716833890748
8 0.16812723141837066 0.6989966555183946 0.013631937682570594 0.06020066889632107
8 0.186952288218111 0.6460423634336677 0.011684518013631937 0.03901895206243032
8 0.1786757546251217 0.5585284280936454 0.022395326192794548 0.04013377926421405
8 0.10629665692956831 0.6605351170568562 0.017202207075624795 0.059085841694537344
8 0.09120415449529373 0.725752508361204 0.011684518013631937 0.044593088071348944
8 0.005842259006815969 0.6672240802675585 0.01103537812398572 0.03901895206243032
