8 0.942388834793898 0.32385730211817165 0.013956507627393703 0.021181716833890748
8 0.9440116845180136 0.4096989966555184 0.012658227848101266 0.030100334448160536
8 0.8555663745537163 0.4241917502787068 0.011684518013631937 0.02564102564102564
8 0.8396624472573839 0.4375696767001115 0.007789678675754625 0.043478260869565216
8 0.7951963648166179 0.2792642140468227 0.008438818565400843 0.03455964325529543
8 0.6989613761765661 0.32998885172798215 0.010710808179162609 0.024526198439241916
8 0.7095098993833171 0.46822742474916385 0.011684518013631937 0.024526198439241916
8 0.6770529049010061 0.44537346711259757 0.007140538786108406 0.03678929765886287
8 0.6108406361570918 0.35785953177257523 0.012333657903278157 0.031215161649944256
8 0.6079195066536839 0.3277591973244147 0.012333657903278157 0.028985507246376812
8 0.5348912690684843 0.41638795986622074 0.012982797792924375 0.032329988851727984
8 0.5525803310613437 0.5100334448160535 0.014605647517039922 0.03455964325529543
8 0.5077896786757546 0.5529542920847269 0.008763388510223954 0.028985507246376812
8 0.4355728659526128 0.3935340022296544 0.009087958455047063 0.028985507246376812
8 0.0762739370334307 0.5039018952062431 0.012333657903278157 0.031215161649944256
8 0.17315806556312885 0.5875139353400223 0.011359948068808828 0.028985507246376812
8 0.03716325868224602 0.5211817168338907 0.011359948068808828 0.023411371237458192
8 0.7346640701071081 0.2547380156075808 0.021746186303148327 0.03678929765886287
8 0.9896137617656605 0.22408026755852842 0.01103537812398572 0.024526198439241916
8 0.9539110678351185 0.27034559643255296 0.012333657903278157 0.03678929765886287
