0 0.5283333333333333 0.52 0.030000000000000002 0.02666666666666667
0 0.5066666666666667 0.5416666666666667 0.02666666666666667 0.023333333333333334
0 0.48833333333333334 0.5616666666666666 0.016666666666666666 0.016666666666666666
0 0.465 0.5800000000000001 0.016666666666666666 0.02
0 0.4516666666666667 0.6033333333333334 0.016666666666666666 0.013333333333333334
0 0.4316666666666667 0.6233333333333334 0.016666666666666666 0.02
0 0.4133333333333334 0.6433333333333334 0.02 0.02
0 0.39 0.6633333333333333 0.02 0.02
0 0.37333333333333335 0.6816666666666668 0.013333333333333334 0.016666666666666666
0 0.35000000000000003 0.6966666666666667 0.02 0.02666666666666667
0 0.33 0.7200000000000001 0.02 0.02666666666666667
0 0.30833333333333335 0.7300000000000001 0.023333333333333334 0.02
0 0.28833333333333333 0.7483333333333334 0.023333333333333334 0.016666666666666666
0 0.26833333333333337 0.7633333333333334 0.016666666666666666 0.02
0 0.2516666666666667 0.775 0.016666666666666666 0.016666666666666666
0 0.23500000000000001 0.7916666666666667 0.023333333333333334 0.016666666666666666
0 0.21000000000000002 0.81 0.02 0.02666666666666667
0 0.19166666666666668 0.8283333333333334 0.030000000000000002 0.023333333333333334
0 0.6666666666666667 0.385 0.02 0.030000000000000002
0 0.5466666666666667 0.37000000000000005 0.02 0.02
0 0.5 0.4266666666666667 0.013333333333333334 0.02
0 0.5166666666666667 0.4066666666666667 0.013333333333333334 0.013333333333333334
0 0.385 0.5516666666666667 0.023333333333333334 0.023333333333333334
0 0.405 0.5283333333333333 0.023333333333333334 0.016666666666666666
0 0.4216666666666667 0.51 0.016666666666666666 0.02
0 0.44 0.4866666666666667 0.02 0.02
0 0.4566666666666667 0.4683333333333334 0.02 0.016666666666666666
0 0.47500000000000003 0.45 0.016666666666666666 0.02
0 0.3566666666666667 0.5750000000000001 0.02 0.023333333333333334
0 0.385 0.5766666666666667 0.023333333333333334 0.02
0 0.33666666666666667 0.5983333333333334 0.02 0.016666666666666666
0 0.32 0.6166666666666667 0.02 0.02
0 0.26333333333333336 0.675 0.03333333333333333 0.023333333333333334
0 0.23833333333333334 0.7000000000000001 0.023333333333333334 0.02
0 0.22166666666666668 0.7233333333333334 0.023333333333333334 0.02
