8 0.32895163907822134 0.46655518394648826 0.009412528399870172 0.021181716833890748
8 0.39305420318078543 0.5635451505016722 0.009087958455047063 0.023411371237458192
8 0.46267445634534243 0.39241917502787066 0.006166828951639078 0.022296544035674472
8 0.28205128205128205 0.42920847268673357 0.008438818565400843 0.026755852842809364
8 0.2570593962999026 0.4866220735785953 0.009087958455047063 0.023411371237458192
8 0.30103862382343394 0.5468227424749164 0.007465108730931516 0.021181716833890748
8 0.26939305420318077 0.5624303232998885 0.009087958455047063 0.021181716833890748
8 0.09899383317104836 0.39241917502787066 0.007140538786108406 0.022296544035674472
8 0.5931515741642324 0.5574136008918618 0.006166828951639078 0.026755852842809364
8 0.6786757546251218 0.3734671125975474 0.008438818565400843 0.026755852842809364
8 0.7083739045764362 0.5423634336677815 0.006166828951639078 0.023411371237458192
