8 0.9053878610840635 0.4721293199554069 0.01525478740668614 0.02564102564102564
8 0.593638429081467 0.43924191750278707 0.011684518013631937 0.028985507246376812
8 0.5108730931515741 0.6845039018952063 0.020772476468679 0.026755852842809364
8 0.4594287568971113 0.5 0.027588445309964297 0.03455964325529543
8 0.31759169100941254 0.5066889632107023 0.019149626744563452 0.03678929765886287
8 0.38023369036027266 0.6287625418060201 0.014605647517039922 0.0379041248606466
8 0.34745212593313857 0.7068004459308806 0.010710808179162609 0.024526198439241916
8 0.15611814345991562 0.5211817168338907 0.011684518013631937 0.023411371237458192
8 0.06880882830249918 0.527870680044593 0.020772476468679 0.021181716833890748
8 0.06880882830249918 0.7363433667781494 0.02531645569620253 0.023411371237458192
8 0.14459591041869524 0.5780379041248607 0.09185329438493996 0.032329988851727984
