8 0.8258682246024018 0.5289855072463768 0.006166828951639078 0.03901895206243032
8 0.7736124634858812 0.5061315496098104 0.00551768906199286 0.026755852842809364
8 0.6742940603700097 0.5579710144927537 0.007465108730931516 0.03455964325529543
8 0.679324894514768 0.4503901895206243 0.00973709834469328 0.026755852842809364
8 0.621713729308666 0.48272017837235226 0.018500486854917234 0.026755852842809364
8 0.4462836741317754 0.45094760312151616 0.01103537812398572 0.021181716833890748
8 0.28870496592015576 0.4214046822742475 0.006166828951639078 0.026755852842809364
8 0.24894514767932488 0.6231884057971014 0.011684518013631937 0.026755852842809364
8 0.22330412203829925 0.4760312151616499 0.012982797792924375 0.033444816053511704
8 0.15498214865303472 0.47881828316610925 0.01525478740668614 0.03455964325529543
8 0.18289516390782212 0.5780379041248607 0.009412528399870172 0.032329988851727984
8 0.17039922103213243 0.6499442586399108 0.007789678675754625 0.026755852842809364
8 0.07465108730931516 0.5490523968784838 0.052580331061343716 0.043478260869565216
8 0.030996429730606945 0.49331103678929766 0.013307367737747485 0.032329988851727984
8 0.032132424537487825 0.6727982162764772 0.01103537812398572 0.03455964325529543
