8 0.8727685816293411 0.5144927536231884 0.020123336579032782 0.032329988851727984
8 0.7913015254787407 0.5183946488294314 0.011684518013631937 0.024526198439241916
8 0.7914638104511522 0.5713489409141583 0.014605647517039922 0.023411371237458192
8 0.6317753975981824 0.47491638795986624 0.01525478740668614 0.026755852842809364
8 0.7469977280103862 0.4615384615384615 0.010710808179162609 0.015607580824972128
8 0.6272314183706589 0.36454849498327757 0.009412528399870172 0.028985507246376812
8 0.41528724440116843 0.564659977703456 0.013956507627393703 0.021181716833890748
8 0.3489126906848426 0.5172798216276477 0.023369036027263874 0.031215161649944256
8 0.29827977929243754 0.5100334448160535 0.020772476468679 0.03455964325529543
8 0.2593313859136644 0.4096989966555184 0.013631937682570594 0.023411371237458192
8 0.2098344693281402 0.5234113712374582 0.009412528399870172 0.03455964325529543
8 0.16893865628042842 0.5267558528428093 0.03732554365465758 0.023411371237458192
