8 0.7742616033755274 0.4269788182831661 0.022395326192794548 0.026755852842809364
8 0.7117818889970788 0.49498327759197325 0.00973709834469328 0.028985507246376812
8 0.3281402142161636 0.3773690078037904 0.01103537812398572 0.03455964325529543
8 0.3872119441739695 0.2809364548494983 0.00519311911716975 0.022296544035674472
8 0.4587796170074651 0.3874024526198439 0.009412528399870172 0.021181716833890748
8 0.5394352482960078 0.620958751393534 0.012982797792924375 0.026755852842809364
8 0.5939629990262901 0.6075808249721293 0.009087958455047063 0.031215161649944256
8 0.7051282051282051 0.568561872909699 0.009412528399870172 0.028985507246376812
8 0.7192469977280104 0.5618729096989966 0.007789678675754625 0.026755852842809364
8 0.7581953911067835 0.26755852842809363 0.00519311911716975 0.031215161649944256
8 0.8617332035053554 0.2318840579710145 0.008438818565400843 0.017837235228539576
8 0.8489126906848425 0.2725752508361204 0.009412528399870172 0.021181716833890748
8 0.8318727685816293 0.26198439241917504 0.004543979227523531 0.015607580824972128
8 0.8200259655955858 0.25808249721293197 0.010061668289516391 0.023411371237458192
8 0.8080168776371308 0.2681159420289855 0.009412528399870172 0.021181716833890748
8 0.7203829925348912 0.36064659977703456 0.010061668289516391 0.032329988851727984
8 0.7349886400519312 0.23968784838350055 0.006815968841285297 0.024526198439241916
8 0.7184355728659526 0.22129319955406912 0.006166828951639078 0.023411371237458192
8 0.679324894514768 0.19843924191750278 0.00973709834469328 0.031215161649944256
8 0.6600129827977929 0.19620958751393533 0.008763388510223954 0.026755852842809364
8 0.6592015579357351 0.43088071348940915 0.012982797792924375 0.045707915273132664
8 0.6402142161635832 0.37235228539576365 0.010710808179162609 0.028985507246376812
8 0.600941252839987 0.4241917502787068 0.013956507627393703 0.021181716833890748
8 0.6012658227848101 0.4604236343366778 0.010061668289516391 0.028985507246376812
8 0.5671859785783836 0.3366778149386845 0.00551768906199286 0.031215161649944256
8 0.5215839013307367 0.3193979933110368 0.011684518013631937 0.030100334448160536
8 0.4456345342421292 0.32218506131549607 0.012333657903278157 0.013377926421404682
8 0.44741966893865626 0.44816053511705684 0.010061668289516391 0.026755852842809364
8 0.4751703992210321 0.5858416945373467 0.008438818565400843 0.03678929765886287
8 0.4173969490425187 0.4018952062430323 0.008438818565400843 0.045707915273132664
8 0.42388834793898084 0.4459308807134894 0.012333657903278157 0.026755852842809364
8 0.40701071080817913 0.47714604236343366 0.004543979227523531 0.026755852842809364
8 0.3430704316780266 0.5836120401337792 0.011684518013631937 0.02564102564102564
8 0.2666342096721844 0.6304347826086957 0.011359948068808828 0.03455964325529543
8 0.2198961376176566 0.6443701226309921 0.01525478740668614 0.031215161649944256
8 0.18857513794222655 0.5089186176142698 0.008438818565400843 0.04793756967670011
8 0.0723790976955534 0.6086956521739131 0.016877637130801686 0.028985507246376812
