8 0.7801038623823434 0.2954292084726867 0.009412528399870172 0.028985507246376812
8 0.8239208049334631 0.4007803790412486 0.03018500486854917 0.04793756967670011
8 0.8007140538786108 0.4721293199554069 0.008438818565400843 0.02564102564102564
8 0.826517364492048 0.49888517279821626 0.007465108730931516 0.032329988851727984
8 0.7017202207075625 0.411371237458194 0.035053554040895815 0.026755852842809364
8 0.6415124959428756 0.362876254180602 0.013307367737747485 0.021181716833890748
8 0.6249594287568971 0.3963210702341137 0.013956507627393703 0.0189520624303233
8 0.6382667964946446 0.42028985507246375 0.010061668289516391 0.028985507246376812
8 0.6329113924050633 0.47324414715719065 0.011684518013631937 0.03455964325529543
8 0.6230120090879584 0.5289855072463768 0.014605647517039922 0.03455964325529543
8 0.5978578383641675 0.49498327759197325 0.012333657903278157 0.028985507246376812
8 0.5529049010061668 0.3818283166109253 0.010710808179162609 0.03678929765886287
8 0.5753002271989613 0.41917502787068006 0.013956507627393703 0.026755852842809364
8 0.5126582278481012 0.4175027870680045 0.018500486854917234 0.03901895206243032
8 0.5470626419993508 0.5144927536231884 0.010061668289516391 0.03678929765886287
8 0.5842259006815969 0.5423634336677815 0.011684518013631937 0.030100334448160536
8 0.7411554690035702 0.2625418060200669 0.006815968841285297 0.04793756967670011
8 0.7539759818240831 0.2681159420289855 0.007789678675754625 0.021181716833890748
8 0.7554365465757871 0.2915273132664437 0.013956507627393703 0.021181716833890748
8 0.7145407335280752 0.27591973244147155 0.009412528399870172 0.032329988851727984
8 0.7895163907822136 0.4894091415830546 0.010710808179162609 0.04013377926421405
8 0.5086011035378124 0.5557413600891862 0.01622849724115547 0.0189520624303233
8 0.44741966893865626 0.5652173913043478 0.014605647517039922 0.026755852842809364
8 0.42616033755274263 0.3377926421404682 0.012333657903278157 0.028985507246376812
8 0.3558909444985394 0.37959866220735783 0.009412528399870172 0.021181716833890748
8 0.34323271665043814 0.3366778149386845 0.010061668289516391 0.031215161649944256
8 0.37942226549821484 0.2552954292084727 0.011684518013631937 0.028985507246376812
8 0.2805907172995781 0.29821627647714605 0.010061668289516391 0.023411371237458192
8 0.3466407010710808 0.4241917502787068 0.01557935735150925 0.02564102564102564
8 0.3114248620577734 0.3963210702341137 0.010061668289516391 0.023411371237458192
8 0.31726712106458943 0.4280936454849498 0.012658227848101266 0.024526198439241916
8 0.37406686140863354 0.5289855072463768 0.006815968841285297 0.023411371237458192
8 0.21518987341772153 0.3857302118171683 0.016877637130801686 0.044593088071348944
8 0.23255436546575786 0.5328874024526198 0.010061668289516391 0.031215161649944256
8 0.146867900032457 0.5674470457079153 0.008763388510223954 0.026755852842809364
8 0.05955858487504057 0.48439241917502784 0.013307367737747485 0.03455964325529543
8 0.0970464135021097 0.5836120401337792 0.012333657903278157 0.021181716833890748
8 0.13988964621876013 0.2809364548494983 0.012982797792924375 0.026755852842809364
8 0.47533268419344366 0.34615384615384615 0.008763388510223954 0.0189520624303233
8 0.5243427458617332 0.25418060200668896 0.006166828951639078 0.026755852842809364
8 0.5542031807854593 0.24637681159420288 0.00551768906199286 0.026755852842809364
8 0.6530347289840961 0.2714604236343367 0.017526777020447908 0.023411371237458192
