8 0.9444985394352483 0.358974358974359 0.008438818565400843 0.04013377926421405
8 0.9772801038623823 0.3539576365663322 0.004543979227523531 0.023411371237458192
8 0.5769230769230769 0.5930880713489409 0.017202207075624795 0.028985507246376812
8 0.3679000324569945 0.4258639910813824 0.014605647517039922 0.028985507246376812
8 0.3068808828302499 0.5607580824972129 0.014605647517039922 0.028985507246376812
8 0.2044790652385589 0.45652173913043476 0.009087958455047063 0.021181716833890748
8 0.14962674456345343 0.6817168338907469 0.012333657903278157 0.02564102564102564
8 0.18776371308016876 0.600891861761427 0.006815968841285297 0.028985507246376812
8 0.19798766634209672 0.5674470457079153 0.011684518013631937 0.026755852842809364
8 0.10256410256410256 0.6761426978818283 0.007789678675754625 0.021181716833890748
8 0.04089581304771178 0.4866220735785953 0.008438818565400843 0.0189520624303233
