0 0.30000000000000004 0.125 0.03333333333333333 0.030000000000000002
0 0.3433333333333334 0.165 0.04 0.03666666666666667
0 0.3866666666666667 0.20333333333333334 0.02666666666666667 0.03333333333333333
0 0.4166666666666667 0.24000000000000002 0.03333333333333333 0.02666666666666667
0 0.45333333333333337 0.26166666666666666 0.02666666666666667 0.016666666666666666
0 0.48500000000000004 0.3116666666666667 0.043333333333333335 0.03666666666666667
0 0.52 0.34500000000000003 0.02666666666666667 0.030000000000000002
0 0.4916666666666667 0.3766666666666667 0.03666666666666667 0.02666666666666667
0 0.5433333333333333 0.38333333333333336 0.02666666666666667 0.02666666666666667
0 0.54 0.4666666666666667 0.05333333333333334 0.06666666666666667
0 0.5816666666666667 0.545 0.06333333333333334 0.08333333333333334
0 0.6083333333333334 0.6416666666666667 0.08333333333333334 0.09000000000000001
0 0.5366666666666667 0.65 0.03333333333333333 0.08
0 0.6066666666666667 0.7200000000000001 0.1 0.04
0 0.6666666666666667 0.7666666666666667 0.060000000000000005 0.03333333333333333
0 0.25833333333333336 0.26666666666666666 0.03666666666666667 0.013333333333333334
