8 0.7599805258033105 0.4693422519509476 0.013956507627393703 0.026755852842809364
8 0.5034079844206426 0.45094760312151616 0.012333657903278157 0.021181716833890748
8 0.3701720220707562 0.5635451505016722 0.017851346965271016 0.023411371237458192
8 0.3060694579681921 0.36454849498327757 0.00973709834469328 0.017837235228539576
8 0.3481012658227848 0.3712374581939799 0.010710808179162609 0.015607580824972128
8 0.6554690035702694 0.33277591973244147 0.010061668289516391 0.03455964325529543
8 0.8284647841609867 0.6204013377926422 0.010061668289516391 0.021181716833890748
8 0.23612463485881208 0.4760312151616499 0.017202207075624795 0.024526198439241916
8 0.12641999350860111 0.5211817168338907 0.010710808179162609 0.0189520624303233
8 0.15352158390133072 0.5451505016722408 0.007789678675754625 0.028985507246376812
