8 0.4219409282700422 0.34057971014492755 0.012982797792924375 0.030100334448160536
8 0.39224277831872767 0.3394648829431438 0.007465108730931516 0.021181716833890748
8 0.2775073028237585 0.358974358974359 0.01622849724115547 0.028985507246376812
8 0.12398571892242778 0.4559643255295429 0.03245699448231094 0.031215161649944256
8 0.12560856864654332 0.5011148272017837 0.029211295034079845 0.032329988851727984
8 0.1306394027913015 0.5680044593088072 0.02693930542031808 0.021181716833890748
8 0.0869847452125933 0.5574136008918618 0.01103537812398572 0.026755852842809364
8 0.12528399870172022 0.5356744704570792 0.06101914962674456 0.021181716833890748
8 0.6325868224602401 0.4180602006688963 0.018825056799740343 0.028985507246376812
8 0.7450503083414476 0.39018952062430323 0.04576436222005842 0.026755852842809364
8 0.3950016228497241 0.4894091415830546 0.012982797792924375 0.024526198439241916
8 0.7025316455696202 0.31270903010033446 0.010061668289516391 0.021181716833890748
