8 0.7109704641350211 0.5367892976588629 0.014605647517039922 0.023411371237458192
8 0.6765660499837715 0.4654403567447046 0.013956507627393703 0.030100334448160536
8 0.6213891593638429 0.5741360089186176 0.010061668289516391 0.017837235228539576
8 0.5228821811100292 0.5423634336677815 0.007789678675754625 0.030100334448160536
8 0.48263550795196364 0.5490523968784838 0.01103537812398572 0.02564102564102564
8 0.46900357026939304 0.5423634336677815 0.008438818565400843 0.030100334448160536
8 0.45439792275235313 0.5713489409141583 0.011684518013631937 0.0189520624303233
8 0.3419344368711457 0.5512820512820513 0.010710808179162609 0.021181716833890748
8 0.2990912041544953 0.5066889632107023 0.006815968841285297 0.016722408026755852
8 0.3060694579681921 0.592530657748049 0.011684518013631937 0.023411371237458192
8 0.2442388834793898 0.5434782608695652 0.011359948068808828 0.021181716833890748
8 0.17429406037000975 0.5451505016722408 0.01103537812398572 0.017837235228539576
