8 0.8584875040571243 0.5066889632107023 0.008438818565400843 0.021181716833890748
8 0.8679000324569944 0.5328874024526198 0.008438818565400843 0.031215161649944256
8 0.875365141187926 0.45707915273132665 0.012333657903278157 0.028985507246376812
8 0.8222979552093476 0.5574136008918618 0.010061668289516391 0.026755852842809364
8 0.7388834793898085 0.507803790412486 0.006815968841285297 0.0189520624303233
8 0.6820837390457644 0.5317725752508361 0.009412528399870172 0.024526198439241916
8 0.6955533917559233 0.5903010033444815 0.014930217461863031 0.023411371237458192
8 0.6382667964946446 0.5691192865105908 0.010061668289516391 0.023411371237458192
8 0.5567997403440441 0.5568561872909699 0.010710808179162609 0.021181716833890748
8 0.6457319052255761 0.4214046822742475 0.0866601752677702 0.05351170568561873
8 0.8596234988640051 0.3472686733556299 0.006166828951639078 0.021181716833890748
8 0.7999026290165531 0.3935340022296544 0.010061668289516391 0.028985507246376812
8 0.7497565725413826 0.3963210702341137 0.008438818565400843 0.023411371237458192
8 0.5641025641025641 0.4214046822742475 0.008438818565400843 0.026755852842809364
8 0.5296981499513145 0.41917502787068006 0.007789678675754625 0.015607580824972128
8 0.5425186627718274 0.45484949832775917 0.006815968841285297 0.028985507246376812
8 0.5128205128205128 0.45652173913043476 0.007789678675754625 0.021181716833890748
8 0.48831548198636804 0.4241917502787068 0.010061668289516391 0.021181716833890748
8 0.4798766634209672 0.44537346711259757 0.006815968841285297 0.021181716833890748
8 0.49691658552418044 0.5156075808249722 0.012982797792924375 0.0189520624303233
8 0.51460564751704 0.5635451505016722 0.010061668289516391 0.023411371237458192
8 0.5045439792275235 0.5769230769230769 0.010061668289516391 0.023411371237458192
8 0.526614735475495 0.6588628762541806 0.009412528399870172 0.028985507246376812
8 0.4548847776695878 0.5741360089186176 0.010710808179162609 0.024526198439241916
8 0.42810775722168126 0.5027870680044593 0.01622849724115547 0.044593088071348944
8 0.4211295034079844 0.5663322185061316 0.010061668289516391 0.024526198439241916
8 0.43670886075949367 0.5663322185061316 0.010061668289516391 0.024526198439241916
8 0.4010061668289516 0.5379041248606465 0.010061668289516391 0.021181716833890748
8 0.3891593638429081 0.47714604236343366 0.016877637130801686 0.026755852842809364
8 0.37130801687763715 0.4983277591973244 0.012333657903278157 0.015607580824972128
8 0.3412852969814995 0.5529542920847269 0.023044466082440766 0.024526198439241916
8 0.3200259655955858 0.5824972129319955 0.01947419668938656 0.023411371237458192
8 0.3083414475819539 0.6059085841694537 0.011684518013631937 0.0189520624303233
8 0.40960727036676403 0.6661092530657748 0.00519311911716975 0.032329988851727984
8 0.43752028562155143 0.6661092530657748 0.008438818565400843 0.021181716833890748
8 0.45602077247646866 0.6817168338907469 0.007140538786108406 0.016722408026755852
8 0.6189548847776696 0.6538461538461539 0.011684518013631937 0.0189520624303233
8 0.18825056799740345 0.5663322185061316 0.016877637130801686 0.028985507246376812
8 0.12447257383966244 0.5133779264214047 0.011359948068808828 0.023411371237458192
8 0.26273937033430705 0.6549609810479375 0.010061668289516391 0.032329988851727984
8 0.2778318727685816 0.6605351170568562 0.012333657903278157 0.03678929765886287
8 0.24699772801038625 0.6605351170568562 0.009087958455047063 0.032329988851727984
8 0.23661148977604674 0.5953177257525083 0.01622849724115547 0.028985507246376812
8 0.12333657903278156 0.6817168338907469 0.009087958455047063 0.02564102564102564
8 0.08260305095748134 0.5992196209587514 0.010061668289516391 0.021181716833890748
8 0.06491398896462187 0.6153846153846154 0.011684518013631937 0.022296544035674472
8 0.08390133073677378 0.689520624303233 0.009412528399870172 0.032329988851727984
8 0.034891269068484256 0.5395763656633221 0.010061668289516391 0.017837235228539576
8 0.01736449204803635 0.5328874024526198 0.006166828951639078 0.031215161649944256
8 0.05306718597857838 0.5674470457079153 0.009412528399870172 0.026755852842809364
