8 0.8532943849399546 0.4280936454849498 0.008438818565400843 0.024526198439241916
8 0.8628691983122363 0.4654403567447046 0.010710808179162609 0.045707915273132664
8 0.8442064264849075 0.5144927536231884 0.012333657903278157 0.021181716833890748
8 0.8128854268094774 0.5156075808249722 0.010061668289516391 0.023411371237458192
8 0.8687114573190522 0.33890746934225197 0.006815968841285297 0.026755852842809364
8 0.8412852969814995 0.3010033444816054 0.009087958455047063 0.024526198439241916
8 0.7241155469003571 0.44035674470457076 0.008438818565400843 0.026755852842809364
8 0.6639078221356702 0.47491638795986624 0.010061668289516391 0.026755852842809364
8 0.6738072054527751 0.5546265328874025 0.011684518013631937 0.032329988851727984
8 0.6213891593638429 0.3032329988851728 0.010061668289516391 0.04013377926421405
8 0.6944173969490425 0.31549609810479373 0.010710808179162609 0.031215161649944256
8 0.6384290814670561 0.33277591973244147 0.012982797792924375 0.03901895206243032
8 0.5947744238883479 0.27034559643255296 0.009412528399870172 0.021181716833890748
8 0.5791950665368387 0.2926421404682274 0.009412528399870172 0.023411371237458192
8 0.6058098020123337 0.3355629877369008 0.010061668289516391 0.028985507246376812
8 0.595098993833171 0.40468227424749165 0.008763388510223954 0.028985507246376812
8 0.6058098020123337 0.38684503901895206 0.010061668289516391 0.026755852842809364
8 0.6186303148328465 0.5328874024526198 0.009087958455047063 0.026755852842809364
8 0.6364816617981175 0.5914158305462653 0.007789678675754625 0.02564102564102564
8 0.7022070756247971 0.584726867335563 0.009412528399870172 0.0189520624303233
8 0.6434599156118144 0.6566332218506131 0.010710808179162609 0.017837235228539576
8 0.5993184031158715 0.6231884057971014 0.009412528399870172 0.031215161649944256
8 0.5912041544952937 0.6510590858416945 0.006815968841285297 0.017837235228539576
8 0.6040246673158065 0.5261984392419174 0.009087958455047063 0.028985507246376812
8 0.5279130152547874 0.5133779264214047 0.010061668289516391 0.023411371237458192
8 0.5358649789029536 0.3010033444816054 0.007789678675754625 0.028985507246376812
8 0.49918857513794224 0.3071348940914158 0.008438818565400843 0.03678929765886287
8 0.4831223628691983 0.5144927536231884 0.010061668289516391 0.032329988851727984
8 0.41350210970464135 0.5289855072463768 0.014930217461863031 0.0189520624303233
8 0.37763713080168776 0.5011148272017837 0.010710808179162609 0.016722408026755852
8 0.37260629665692957 0.6086956521739131 0.008438818565400843 0.024526198439241916
8 0.36643946770529046 0.6577480490523969 0.008438818565400843 0.026755852842809364
8 0.12917883803959754 0.5144927536231884 0.01947419668938656 0.03678929765886287
8 0.05923401493021746 0.43645484949832775 0.010710808179162609 0.03455964325529543
8 0.2080493346316131 0.6488294314381271 0.008438818565400843 0.04013377926421405
8 0.2237909769555339 0.6499442586399108 0.013956507627393703 0.026755852842809364
8 0.18938656280428431 0.6516164994425864 0.011359948068808828 0.03455964325529543
8 0.2990912041544953 0.5 0.011359948068808828 0.030100334448160536
8 0.27604673807205454 0.5295429208472686 0.010061668289516391 0.028985507246376812
