0 0.8016666666666667 0.06833333333333334 0.030000000000000002 0.023333333333333334
0 0.7616666666666667 0.15833333333333335 0.030000000000000002 0.030000000000000002
0 0.615 0.36500000000000005 0.030000000000000002 0.023333333333333334
0 0.5316666666666667 0.42833333333333334 0.03666666666666667 0.030000000000000002
0 0.48833333333333334 0.4516666666666667 0.03666666666666667 0.030000000000000002
0 0.4516666666666667 0.47000000000000003 0.023333333333333334 0.02
0 0.41500000000000004 0.5016666666666667 0.030000000000000002 0.023333333333333334
0 0.33166666666666667 0.63 0.030000000000000002 0.03333333333333333
0 0.3016666666666667 0.6583333333333333 0.030000000000000002 0.030000000000000002
0 0.27 0.685 0.04 0.03666666666666667
0 0.23833333333333334 0.7200000000000001 0.043333333333333335 0.03333333333333333
0 0.20333333333333334 0.755 0.04 0.043333333333333335
