8 0.39059196617336156 0.2980392156862745 0.03276955602536998 0.06274509803921569
8 0.5010570824524313 0.4784313725490196 0.027484143763213533 0.047058823529411764
8 0.5227272727272727 0.6627450980392157 0.051797040169133196 0.06274509803921569
8 0.9529598308668077 0.7352941176470588 0.039112050739957716 0.050980392156862744
8 0.7764270613107823 0.20784313725490194 0.03699788583509514 0.023529411764705882
8 0.24788583509513742 0.23529411764705882 0.020084566596194505 0.03137254901960784
8 0.31606765327695563 0.7901960784313725 0.03594080338266385 0.03529411764705882
8 0.04016913319238901 0.7039215686274509 0.03382663847780127 0.050980392156862744
8 0.2087737843551797 0.7490196078431373 0.009513742071881607 0.0392156862745098
8 0.09830866807610994 0.5568627450980392 0.010570824524312896 0.047058823529411764
8 0.11522198731501057 0.7019607843137254 0.012684989429175477 0.0392156862745098
8 0.6892177589852009 0.36470588235294116 0.019027484143763214 0.03137254901960784
8 0.6527484143763214 0.5392156862745098 0.013742071881606767 0.03529411764705882
8 0.7727272727272727 0.6254901960784314 0.016913319238900635 0.027450980392156862
8 0.773784355179704 0.7294117647058823 0.014799154334038056 0.0392156862745098
8 0.8276955602536998 0.6254901960784314 0.016913319238900635 0.050980392156862744
8 0.8398520084566596 0.3862745098039216 0.020084566596194505 0.043137254901960784
8 0.9482029598308669 0.3058823529411765 0.021141649048625793 0.047058823529411764
