8 0.545886075949367 0.388412017167382 0.032700421940928266 0.06437768240343347
8 0.5891350210970464 0.5815450643776824 0.01371308016877637 0.0815450643776824
8 0.5348101265822784 0.7660944206008584 0.04852320675105485 0.09871244635193133
8 0.4831223628691983 0.5493562231759657 0.044303797468354424 0.07725321888412018
8 0.4535864978902953 0.7746781115879828 0.02109704641350211 0.06437768240343347
8 0.41402953586497887 0.7746781115879828 0.024261603375527425 0.06437768240343347
8 0.2979957805907173 0.47854077253218885 0.030590717299578057 0.07296137339055794
8 0.2763713080168776 0.778969957081545 0.040084388185654005 0.07296137339055794
8 0.041666666666666664 0.37768240343347637 0.017932489451476793 0.05150214592274678
8 0.020569620253164556 0.6244635193133047 0.03691983122362869 0.047210300429184546
8 0.018459915611814346 0.6824034334763949 0.026371308016877634 0.060085836909871244
