8 0.8117088607594936 0.4004739336492891 0.020042194092827002 0.05213270142180095
8 0.8354430379746834 0.6184834123222749 0.008438818565400843 0.08056872037914692
8 0.7710970464135021 0.5687203791469195 0.02320675105485232 0.05687203791469195
8 0.8027426160337552 0.7914691943127963 0.02109704641350211 0.07582938388625593
8 0.755801687763713 0.8388625592417063 0.01160337552742616 0.047393364928909956
8 0.7304852320675105 0.8175355450236967 0.01160337552742616 0.04265402843601896
8 0.6513713080168776 0.8151658767772513 0.01582278481012658 0.07582938388625593
8 0.6635021097046413 0.48341232227488157 0.016877637130801686 0.05687203791469195
8 0.515295358649789 0.39099526066350715 0.01160337552742616 0.05213270142180095
8 0.4825949367088607 0.38151658767772517 0.01371308016877637 0.08056872037914692
8 0.495253164556962 0.6492890995260664 0.03481012658227848 0.06635071090047394
8 0.5015822784810127 0.7203791469194314 0.020042194092827002 0.05687203791469195
8 0.4113924050632911 0.4431279620853081 0.014767932489451475 0.06161137440758294
8 0.3813291139240506 0.25355450236966826 0.030590717299578057 0.05213270142180095
8 0.365506329113924 0.3222748815165877 0.017932489451476793 0.05687203791469195
8 0.3343881856540084 0.27725118483412325 0.02109704641350211 0.06161137440758294
8 0.3765822784810126 0.509478672985782 0.012658227848101264 0.09004739336492892
8 0.38554852320675104 0.6445497630331753 0.01371308016877637 0.05687203791469195
8 0.3707805907172996 0.7322274881516588 0.026371308016877634 0.08056872037914692
8 0.2542194092827004 0.3364928909952607 0.02953586497890295 0.06635071090047394
8 0.27267932489451474 0.5450236966824645 0.04113924050632911 0.1042654028436019
8 0.2062236286919831 0.5402843601895735 0.01582278481012658 0.08530805687203792
8 0.2162447257383966 0.6895734597156399 0.012658227848101264 0.04265402843601896
8 0.15559071729957805 0.533175355450237 0.009493670886075948 0.05213270142180095
8 0.11181434599156118 0.3530805687203792 0.035864978902953586 0.04265402843601896
