8 0.94677052904901 0.45707915273132665 0.01947419668938656 0.04013377926421405
8 0.7549496916585524 0.42028985507246375 0.05647517039922103 0.033444816053511704
8 0.6692632262252515 0.42028985507246375 0.0967218435572866 0.033444816053511704
8 0.5707562479714379 0.415273132664437 0.08471275559883154 0.03455964325529543
8 0.3980850373255436 0.45094760312151616 0.15676728334956183 0.032329988851727984
8 0.39889646218760144 0.41248606465997767 0.15060045439792275 0.044593088071348944
8 0.46689386562804286 0.4894091415830546 0.2216812723141837 0.024526198439241916
8 0.19977280103862383 0.4882943143812709 0.10223953261927946 0.026755852842809364
8 0.20675105485232068 0.5317725752508361 0.20577734501785133 0.028985507246376812
8 0.07611165206101915 0.49331103678929766 0.058747160012982795 0.02564102564102564
8 0.017039922103213243 0.5 0.028886725089256736 0.030100334448160536
8 0.027913015254787406 0.5585284280936454 0.04868549172346641 0.024526198439241916
