8 0.10335195530726257 0.6967592592592592 0.07262569832402234 0.06944444444444445
8 0.16573556797020483 0.673611111111111 0.055865921787709494 0.06018518518518518
8 0.2206703910614525 0.6458333333333333 0.05772811918063315 0.05092592592592592
8 0.2756052141527002 0.6203703703703703 0.0595903165735568 0.05555555555555555
8 0.33426443202979517 0.5902777777777778 0.054003724394785846 0.06018518518518518
8 0.4748603351955307 0.30787037037037035 0.1266294227188082 0.041666666666666664
8 0.34264432029795155 0.3472222222222222 0.1191806331471136 0.037037037037037035
8 0.2132216014897579 0.4097222222222222 0.12849162011173185 0.032407407407407406
8 0.08845437616387337 0.5254629629629629 0.12104283054003724 0.06018518518518518
8 0.20297951582867785 0.48148148148148145 0.1005586592178771 0.046296296296296294
8 0.006517690875232775 0.1111111111111111 0.01303538175046555 0.06481481481481481
8 0.48789571694599626 0.023148148148148147 0.186219739292365 0.037037037037037035
8 0.023277467411545624 0.8587962962962963 0.04655493482309125 0.041666666666666664
