0 0.3616666666666667 0.46166666666666667 0.043333333333333335 0.043333333333333335
0 0.39333333333333337 0.4 0.04666666666666667 0.03333333333333333
0 0.34833333333333333 0.5066666666666667 0.05 0.04
0 0.32833333333333337 0.5383333333333333 0.03666666666666667 0.030000000000000002
0 0.13166666666666668 0.8300000000000001 0.023333333333333334 0.02666666666666667
0 0.41833333333333333 0.3466666666666667 0.030000000000000002 0.02666666666666667
0 0.45 0.32333333333333336 0.03333333333333333 0.04
0 0.4716666666666667 0.2833333333333333 0.023333333333333334 0.03333333333333333
0 0.49000000000000005 0.255 0.02 0.016666666666666666
0 0.5616666666666666 0.16833333333333333 0.023333333333333334 0.016666666666666666
0 0.5016666666666667 0.2366666666666667 0.030000000000000002 0.02
