8 0.9635627530364372 0.17525773195876287 0.032388663967611336 0.04810996563573883
8 0.8340080971659919 0.1718213058419244 0.024291497975708502 0.03436426116838488
8 0.8704453441295547 0.1683848797250859 0.010796221322537112 0.027491408934707903
8 0.8097165991902834 0.23195876288659795 0.032388663967611336 0.024054982817869414
8 0.7523616734143049 0.20446735395189003 0.02564102564102564 0.044673539518900345
8 0.7449392712550607 0.3436426116838488 0.021592442645074223 0.03436426116838488
8 0.8252361673414305 0.40378006872852235 0.044534412955465584 0.09278350515463918
8 0.8974358974358974 0.3865979381443299 0.021592442645074223 0.037800687285223365
8 0.932523616734143 0.4621993127147766 0.016194331983805668 0.030927835051546393
8 0.9682860998650472 0.4879725085910653 0.02564102564102564 0.041237113402061855
8 0.9453441295546559 0.7474226804123711 0.02294197031039136 0.030927835051546393
8 0.8097165991902834 0.5309278350515464 0.03508771929824561 0.024054982817869414
8 0.8387314439946019 0.7079037800687286 0.012145748987854251 0.041237113402061855
8 0.6619433198380567 0.4518900343642612 0.031039136302294195 0.037800687285223365
8 0.6511470985155196 0.20446735395189003 0.02564102564102564 0.044673539518900345
8 0.6302294197031039 0.13058419243986255 0.018893387314439944 0.041237113402061855
8 0.6612685560053981 0.5549828178694158 0.016194331983805668 0.044673539518900345
8 0.6950067476383266 0.7474226804123711 0.013495276653171389 0.030927835051546393
8 0.5870445344129555 0.5446735395189003 0.024291497975708502 0.024054982817869414
8 0.6228070175438596 0.6082474226804123 0.02564102564102564 0.027491408934707903
8 0.5634278002699055 0.18900343642611683 0.014844804318488529 0.020618556701030927
8 0.5843454790823212 0.30927835051546393 0.010796221322537112 0.020618556701030927
8 0.5445344129554656 0.3161512027491409 0.02564102564102564 0.03436426116838488
8 0.5431848852901484 0.08075601374570447 0.014844804318488529 0.024054982817869414
8 0.5033738191632928 0.16151202749140894 0.026990553306342778 0.041237113402061855
8 0.45951417004048584 0.11512027491408934 0.02294197031039136 0.037800687285223365
8 0.4723346828609986 0.352233676975945 0.013495276653171389 0.030927835051546393
8 0.46288798920377866 0.45017182130584193 0.016194331983805668 0.020618556701030927
8 0.451417004048583 0.5171821305841924 0.02564102564102564 0.030927835051546393
8 0.5242914979757085 0.5893470790378007 0.031039136302294195 0.05154639175257732
8 0.42510121457489874 0.3281786941580756 0.016194331983805668 0.01718213058419244
8 0.31039136302294196 0.05670103092783505 0.016194331983805668 0.030927835051546393
8 0.3299595141700405 0.14261168384879724 0.02564102564102564 0.030927835051546393
8 0.3164642375168691 0.2852233676975945 0.055330634278002694 0.03436426116838488
8 0.36774628879892035 0.38831615120274915 0.020242914979757085 0.027491408934707903
8 0.32591093117408904 0.6254295532646048 0.03643724696356275 0.09621993127147765
8 0.5303643724696356 0.7869415807560137 0.029689608636977057 0.03436426116838488
8 0.4156545209176788 0.8883161512027491 0.026990553306342778 0.024054982817869414
8 0.24156545209176786 0.10824742268041238 0.013495276653171389 0.030927835051546393
8 0.242914979757085 0.3367697594501718 0.018893387314439944 0.03436426116838488
8 0.24224021592442643 0.3848797250859106 0.020242914979757085 0.03436426116838488
8 0.1592442645074224 0.04810996563573883 0.013495276653171389 0.020618556701030927
8 0.14844804318488528 0.2079037800687285 0.016194331983805668 0.01718213058419244
8 0.12280701754385964 0.34192439862542956 0.024291497975708502 0.024054982817869414
8 0.13427800269905532 0.27835051546391754 0.02294197031039136 0.020618556701030927
8 0.15317139001349528 0.4106529209621993 0.02564102564102564 0.037800687285223365
8 0.08906882591093117 0.15463917525773196 0.04048582995951417 0.03436426116838488
8 0.032388663967611336 0.16323024054982818 0.029689608636977057 0.044673539518900345
8 0.005398110661268556 0.03951890034364261 0.010796221322537112 0.030927835051546393
8 0.021592442645074223 0.08762886597938144 0.018893387314439944 0.030927835051546393
8 0.033738191632928474 0.3694158075601375 0.04048582995951417 0.06529209621993128
8 0.08771929824561403 0.6752577319587628 0.03508771929824561 0.07903780068728522
8 0.08029689608636977 0.8780068728522337 0.02294197031039136 0.037800687285223365
8 0.23076923076923075 0.895189003436426 0.021592442645074223 0.024054982817869414
