9 0.7385714285714285 0.13028169014084506 0.014285714285714285 0.02112676056338028
9 0.7114285714285714 0.08450704225352113 0.011428571428571429 0.014084507042253521
9 0.6957142857142857 0.051056338028169015 0.014285714285714285 0.017605633802816902
9 0.6814285714285714 0.03169014084507042 0.008571428571428572 0.014084507042253521
9 0.6685714285714286 0.024647887323943664 0.005714285714285714 0.007042253521126761
9 0.6514285714285715 0.08098591549295775 0.005714285714285714 0.007042253521126761
9 0.6642857142857143 0.09154929577464789 0.008571428571428572 0.014084507042253521
9 0.6814285714285714 0.1091549295774648 0.008571428571428572 0.007042253521126761
9 0.6857142857142857 0.16901408450704225 0.017142857142857144 0.02112676056338028
9 0.7285714285714285 0.2165492957746479 0.011428571428571429 0.01056338028169014
9 0.7414285714285714 0.2482394366197183 0.008571428571428572 0.017605633802816902
9 0.7228571428571429 0.22183098591549297 0.005714285714285714 0.014084507042253521
9 0.6757142857142857 0.20422535211267606 0.008571428571428572 0.014084507042253521
9 0.6957142857142857 0.22359154929577466 0.014285714285714285 0.017605633802816902
9 0.7457142857142857 0.3028169014084507 0.011428571428571429 0.02112676056338028
9 0.7628571428571429 0.3045774647887324 0.011428571428571429 0.017605633802816902
9 0.7585714285714286 0.3415492957746479 0.008571428571428572 0.014084507042253521
9 0.8357142857142857 0.545774647887324 0.014285714285714285 0.035211267605633804
9 0.8728571428571429 0.6602112676056339 0.008571428571428572 0.01056338028169014
9 0.8785714285714286 0.6813380281690141 0.008571428571428572 0.01056338028169014
9 0.5957142857142858 0.029929577464788734 0.025714285714285714 0.03169014084507042
9 0.5514285714285714 0.01056338028169014 0.011428571428571429 0.02112676056338028
9 0.5314285714285715 0.09859154929577466 0.011428571428571429 0.02112676056338028
9 0.5471428571428572 0.11795774647887325 0.008571428571428572 0.017605633802816902
9 0.56 0.14612676056338028 0.011428571428571429 0.01056338028169014
9 0.5757142857142857 0.17077464788732394 0.008571428571428572 0.017605633802816902
9 0.5471428571428572 0.1813380281690141 0.014285714285714285 0.024647887323943664
9 0.5171428571428571 0.16549295774647887 0.011428571428571429 0.007042253521126761
9 0.5128571428571429 0.18485915492957747 0.008571428571428572 0.01056338028169014
9 0.5142857142857142 0.2834507042253521 0.005714285714285714 0.017605633802816902
9 0.5228571428571429 0.3274647887323944 0.011428571428571429 0.014084507042253521
9 0.56 0.3415492957746479 0.005714285714285714 0.014084507042253521
9 0.5785714285714286 0.35563380281690143 0.002857142857142857 0.02112676056338028
9 0.53 0.3873239436619718 0.008571428571428572 0.035211267605633804
9 0.5814285714285714 0.426056338028169 0.002857142857142857 0.02112676056338028
9 0.5842857142857143 0.47887323943661975 0.008571428571428572 0.014084507042253521
9 0.6014285714285714 0.5264084507042254 0.008571428571428572 0.01056338028169014
9 0.64 0.5809859154929577 0.011428571428571429 0.02112676056338028
9 0.6128571428571429 0.4876760563380282 0.008571428571428572 0.017605633802816902
9 0.6157142857142857 0.6390845070422535 0.014285714285714285 0.017605633802816902
9 0.6357142857142857 0.6320422535211268 0.014285714285714285 0.01056338028169014
9 0.6357142857142857 0.6461267605633803 0.008571428571428572 0.01056338028169014
9 0.6457142857142857 0.6848591549295775 0.011428571428571429 0.017605633802816902
9 0.6614285714285715 0.676056338028169 0.008571428571428572 0.014084507042253521
9 0.6185714285714285 0.6742957746478874 0.008571428571428572 0.017605633802816902
9 0.6271428571428571 0.6901408450704225 0.008571428571428572 0.014084507042253521
9 0.6185714285714285 0.6936619718309859 0.008571428571428572 0.014084507042253521
9 0.6671428571428571 0.7147887323943662 0.008571428571428572 0.014084507042253521
9 0.6514285714285715 0.7394366197183099 0.011428571428571429 0.02112676056338028
9 0.67 0.7764084507042254 0.014285714285714285 0.01056338028169014
9 0.6828571428571428 0.795774647887324 0.011428571428571429 0.014084507042253521
9 0.6971428571428572 0.8309859154929577 0.011428571428571429 0.014084507042253521
9 0.7 0.8573943661971831 0.011428571428571429 0.017605633802816902
9 0.6871428571428572 0.852112676056338 0.008571428571428572 0.014084507042253521
9 0.5857142857142857 0.7042253521126761 0.011428571428571429 0.02112676056338028
9 0.5771428571428572 0.6742957746478874 0.011428571428571429 0.017605633802816902
9 0.5642857142857143 0.676056338028169 0.008571428571428572 0.014084507042253521
9 0.6214285714285714 0.8186619718309859 0.014285714285714285 0.017605633802816902
9 0.6142857142857143 0.8397887323943662 0.011428571428571429 0.017605633802816902
9 0.6542857142857142 0.9084507042253521 0.011428571428571429 0.014084507042253521
9 0.6342857142857142 0.9066901408450705 0.011428571428571429 0.017605633802816902
9 0.67 0.9454225352112676 0.008571428571428572 0.024647887323943664
9 0.5757142857142857 0.721830985915493 0.008571428571428572 0.014084507042253521
9 0.36857142857142855 0.4225352112676056 0.011428571428571429 0.02112676056338028
9 0.3385714285714286 0.4102112676056338 0.014285714285714285 0.017605633802816902
9 0.29285714285714287 0.34507042253521125 0.014285714285714285 0.014084507042253521
9 0.29714285714285715 0.2711267605633803 0.017142857142857144 0.02112676056338028
9 0.24285714285714285 0.24471830985915494 0.011428571428571429 0.01056338028169014
9 0.26 0.3098591549295775 0.011428571428571429 0.014084507042253521
9 0.24142857142857144 0.29225352112676056 0.008571428571428572 0.014084507042253521
9 0.21714285714285714 0.2359154929577465 0.017142857142857144 0.02112676056338028
9 0.20714285714285716 0.18661971830985916 0.014285714285714285 0.014084507042253521
9 0.18 0.15669014084507044 0.017142857142857144 0.017605633802816902
9 0.18857142857142858 0.18661971830985916 0.011428571428571429 0.02112676056338028
9 0.22428571428571428 0.14084507042253522 0.008571428571428572 0.014084507042253521
9 0.25285714285714284 0.1813380281690141 0.008571428571428572 0.017605633802816902
9 0.26571428571428574 0.2112676056338028 0.011428571428571429 0.014084507042253521
9 0.17 0.008802816901408451 0.014285714285714285 0.017605633802816902
9 0.13142857142857142 0.0017605633802816902 0.017142857142857144 0.0035211267605633804
9 0.12428571428571429 0.04225352112676056 0.02 0.014084507042253521
9 0.08714285714285715 0.014084507042253521 0.014285714285714285 0.014084507042253521
9 0.5242857142857142 0.48063380281690143 0.008571428571428572 0.017605633802816902
9 0.5028571428571429 0.2887323943661972 0.011428571428571429 0.028169014084507043
9 0.9457142857142857 0.7112676056338029 0.011428571428571429 0.014084507042253521
9 0.9571428571428572 0.778169014084507 0.011428571428571429 0.02112676056338028
9 0.047142857142857146 0.4330985915492958 0.014285714285714285 0.014084507042253521
9 0.03857142857142857 0.45598591549295775 0.014285714285714285 0.01056338028169014
9 0.08 0.3785211267605634 0.011428571428571429 0.017605633802816902
9 0.06 0.397887323943662 0.011428571428571429 0.014084507042253521
9 0.022857142857142857 0.4330985915492958 0.005714285714285714 0.014084507042253521
