0 0.1716666666666667 0.19833333333333333 0.016666666666666666 0.01
0 0.20833333333333334 0.24166666666666667 0.016666666666666666 0.023333333333333334
0 0.24166666666666667 0.2816666666666667 0.016666666666666666 0.023333333333333334
0 0.14666666666666667 0.11166666666666668 0.013333333333333334 0.016666666666666666
0 0.09833333333333334 0.04 0.016666666666666666 0.013333333333333334
0 0.10666666666666667 0.07666666666666667 0.02 0.02
0 0.14166666666666666 0.06166666666666667 0.016666666666666666 0.016666666666666666
0 0.12333333333333334 0.15166666666666667 0.013333333333333334 0.016666666666666666
0 0.17 0.15333333333333335 0.013333333333333334 0.02
0 0.2016666666666667 0.18500000000000003 0.016666666666666666 0.016666666666666666
0 0.2733333333333334 0.35500000000000004 0.02 0.023333333333333334
0 0.3066666666666667 0.37833333333333335 0.02666666666666667 0.030000000000000002
0 0.3416666666666667 0.4 0.016666666666666666 0.02666666666666667
0 0.36833333333333335 0.4116666666666667 0.016666666666666666 0.023333333333333334
0 0.39333333333333337 0.43500000000000005 0.02 0.023333333333333334
0 0.42000000000000004 0.4566666666666667 0.013333333333333334 0.02
0 0.44833333333333336 0.48000000000000004 0.023333333333333334 0.02666666666666667
0 0.47500000000000003 0.5033333333333334 0.016666666666666666 0.02
0 0.05666666666666667 0.02 0.013333333333333334 0.02
