9 0.514 0.2453271028037383 0.016 0.07009345794392523
9 0.531 0.3492990654205607 0.014 0.09579439252336448
9 0.542 0.4228971962616822 0.008 0.04205607476635514
9 0.553 0.5023364485981308 0.014 0.0794392523364486
9 0.5670000000000001 0.5981308411214953 0.018000000000000002 0.0794392523364486
9 0.5740000000000001 0.6985981308411214 0.02 0.11682242990654204
9 0.52 0.5116822429906541 0.012 0.24766355140186913
9 0.86 0.28387850467289716 0.016 0.04439252336448598
9 0.892 0.23014018691588783 0.016 0.04906542056074766
9 0.874 0.25350467289719625 0.016 0.02102803738317757
9 0.844 0.30724299065420557 0.016 0.0397196261682243
9 0.8320000000000001 0.3516355140186916 0.02 0.04439252336448598
9 0.779 0.30607476635514014 0.01 0.02336448598130841
9 0.774 0.32710280373831774 0.012 0.018691588785046728
9 0.763 0.35046728971962615 0.014 0.02336448598130841
9 0.754 0.37383177570093457 0.02 0.02803738317757009
9 0.746 0.40303738317757004 0.024 0.03037383177570093
9 0.396 0.2792056074766355 0.012 0.053738317757009345
9 0.392 0.3411214953271028 0.02 0.07009345794392523
9 0.385 0.4252336448598131 0.03 0.09345794392523364
9 0.137 0.45443925233644855 0.018000000000000002 0.12850467289719625
