0 0.04 0.06666666666666667 0.02 0.04
0 0.06333333333333334 0.08833333333333333 0.02 0.03666666666666667
0 0.09000000000000001 0.11666666666666667 0.02 0.02666666666666667
0 0.11333333333333334 0.14166666666666666 0.02 0.030000000000000002
0 0.13833333333333334 0.16833333333333333 0.023333333333333334 0.030000000000000002
0 0.17333333333333334 0.19833333333333333 0.03333333333333333 0.03666666666666667
0 0.20500000000000002 0.23 0.023333333333333334 0.03333333333333333
0 0.23333333333333334 0.25 0.02 0.04
0 0.325 0.32 0.03666666666666667 0.03333333333333333
0 0.28500000000000003 0.28500000000000003 0.023333333333333334 0.016666666666666666
0 0.10833333333333334 0.3416666666666667 0.016666666666666666 0.030000000000000002
0 0.13333333333333333 0.3716666666666667 0.02 0.03666666666666667
0 0.15666666666666668 0.3916666666666667 0.02 0.030000000000000002
0 0.17833333333333334 0.4216666666666667 0.023333333333333334 0.023333333333333334
0 0.20500000000000002 0.45 0.03666666666666667 0.02666666666666667
0 0.23 0.48333333333333334 0.03333333333333333 0.02666666666666667
0 0.26333333333333336 0.4966666666666667 0.02666666666666667 0.04
0 0.2916666666666667 0.535 0.023333333333333334 0.030000000000000002
0 0.3216666666666667 0.5566666666666668 0.023333333333333334 0.04
0 0.3516666666666667 0.5800000000000001 0.023333333333333334 0.03333333333333333
0 0.39 0.615 0.02666666666666667 0.03666666666666667
0 0.5366666666666667 0.685 0.04666666666666667 0.06333333333333334
0 0.5950000000000001 0.7050000000000001 0.05 0.07
0 0.66 0.7200000000000001 0.06666666666666667 0.06666666666666667
0 0.7316666666666667 0.7216666666666667 0.05666666666666667 0.06333333333333334
0 0.7883333333333333 0.7033333333333334 0.05666666666666667 0.060000000000000005
0 0.8500000000000001 0.7283333333333334 0.05333333333333334 0.030000000000000002
0 0.8966666666666667 0.755 0.04 0.030000000000000002
0 0.7516666666666667 0.635 0.023333333333333334 0.030000000000000002
0 0.6166666666666667 0.5466666666666667 0.03333333333333333 0.02
0 0.38 0.9666666666666667 0.02666666666666667 0.05333333333333334
0 0.395 0.8966666666666667 0.016666666666666666 0.05333333333333334
0 0.4066666666666667 0.8183333333333334 0.013333333333333334 0.05666666666666667
0 0.41833333333333333 0.745 0.016666666666666666 0.05
0 0.42833333333333334 0.6783333333333333 0.016666666666666666 0.05
0 0.4416666666666667 0.6166666666666667 0.016666666666666666 0.060000000000000005
0 0.4716666666666667 0.4366666666666667 0.016666666666666666 0.03333333333333333
0 0.46166666666666667 0.5066666666666667 0.016666666666666666 0.04666666666666667
0 0.45 0.56 0.02 0.04
0 0.48000000000000004 0.37833333333333335 0.02 0.07666666666666667
0 0.49000000000000005 0.3016666666666667 0.02 0.05
