0 0.47000000000000003 0.4716666666666667 0.04 0.043333333333333335
0 0.4216666666666667 0.5216666666666667 0.05666666666666667 0.05
0 0.36000000000000004 0.5816666666666667 0.06666666666666667 0.05666666666666667
0 0.305 0.63 0.05 0.05333333333333334
0 0.25833333333333336 0.68 0.05666666666666667 0.04666666666666667
0 0.19333333333333336 0.7150000000000001 0.06666666666666667 0.05
0 0.16666666666666669 0.785 0.08 0.05666666666666667
0 0.5266666666666667 0.43333333333333335 0.03333333333333333 0.03333333333333333
0 0.5650000000000001 0.4116666666666667 0.030000000000000002 0.030000000000000002
0 0.5933333333333334 0.39666666666666667 0.03333333333333333 0.03333333333333333
0 0.6283333333333334 0.3716666666666667 0.030000000000000002 0.023333333333333334
0 0.7283333333333334 0.31333333333333335 0.030000000000000002 0.02
0 0.775 0.27 0.03666666666666667 0.02666666666666667
0 0.8216666666666668 0.23500000000000001 0.043333333333333335 0.030000000000000002
0 0.13833333333333334 0.7316666666666667 0.030000000000000002 0.023333333333333334
0 0.24666666666666667 0.7266666666666667 0.02666666666666667 0.02
0 0.30833333333333335 0.6816666666666668 0.023333333333333334 0.023333333333333334
0 0.6950000000000001 0.335 0.030000000000000002 0.023333333333333334
0 0.8600000000000001 0.055 0.04 0.030000000000000002
0 0.9016666666666667 0.025 0.03666666666666667 0.03666666666666667
0 0.7816666666666667 0.13166666666666668 0.030000000000000002 0.030000000000000002
0 0.7433333333333334 0.155 0.03333333333333333 0.030000000000000002
0 0.7133333333333334 0.17333333333333334 0.03333333333333333 0.02666666666666667
0 0.6783333333333333 0.18833333333333335 0.03666666666666667 0.030000000000000002
0 0.6566666666666667 0.21333333333333335 0.04666666666666667 0.02
0 0.4866666666666667 0.4033333333333334 0.02 0.02666666666666667
0 0.5966666666666667 0.25833333333333336 0.03333333333333333 0.030000000000000002
