10 0.6116928446771379 0.4766666666666667 0.06806282722513089 0.24666666666666667
10 0.34642233856893545 0.3816666666666667 0.11692844677137872 0.09666666666666668
10 0.21465968586387435 0.4783333333333334 0.11169284467713787 0.07666666666666667
10 0.30977312390924955 0.5066666666666667 0.11343804537521815 0.14666666666666667
10 0.4144851657940663 0.4733333333333334 0.08900523560209424 0.14666666666666667
10 0.49214659685863876 0.465 0.06631762652705062 0.22333333333333336
10 0.537521815008726 0.49833333333333335 0.055846422338568937 0.23
10 0.974694589877836 0.5333333333333333 0.04712041884816754 0.03333333333333333
10 0.9668411867364747 0.41833333333333333 0.055846422338568937 0.03666666666666667
10 0.9616055846422339 0.27666666666666667 0.07329842931937174 0.04666666666666667
10 0.28883071553228623 0.6833333333333333 0.12041884816753927 0.03333333333333333
10 0.27486910994764396 0.8166666666666668 0.15881326352530542 0.04
10 0.27486910994764396 0.9316666666666668 0.05759162303664921 0.03666666666666667
