10 0.23900000000000002 0.17039106145251398 0.434 0.31843575418994413
10 0.746 0.18854748603351956 0.428 0.31005586592178774
10 0.745 0.5293296089385475 0.426 0.2988826815642458
10 0.917 0.7723463687150838 0.054 0.26536312849162014
10 0.764 0.846368715083799 0.22 0.0558659217877095
10 0.5720000000000001 0.7569832402234637 0.028 0.13966480446927373
10 0.41300000000000003 0.7807262569832403 0.038 0.20391061452513967
10 0.17500000000000002 0.7220670391061452 0.054 0.05307262569832402
10 0.219 0.8603351955307262 0.326 0.07262569832402235
10 0.23700000000000002 0.49022346368715086 0.41000000000000003 0.276536312849162
