10 0.7461024498886414 0.5719424460431655 0.013363028953229397 0.02158273381294964
10 0.7282850779510022 0.5413669064748202 0.008908685968819599 0.017985611510791366
10 0.7126948775055679 0.5233812949640289 0.008908685968819599 0.01079136690647482
10 0.7951002227171492 0.5215827338129496 0.008908685968819599 0.014388489208633094
10 0.8485523385300667 0.5485611510791367 0.008908685968819599 0.017985611510791366
10 0.6614699331848553 0.5161870503597122 0.008908685968819599 0.017985611510791366
10 0.6726057906458797 0.5377697841726619 0.008908685968819599 0.017985611510791366
10 0.6737193763919822 0.4784172661870504 0.011135857461024499 0.007194244604316547
10 0.6247216035634744 0.47302158273381295 0.011135857461024499 0.01079136690647482
10 0.6291759465478841 0.5143884892086331 0.011135857461024499 0.014388489208633094
10 0.6247216035634744 0.5287769784172662 0.011135857461024499 0.014388489208633094
10 0.6102449888641425 0.5 0.008908685968819599 0.007194244604316547
10 0.5779510022271714 0.49640287769784175 0.006681514476614699 0.007194244604316547
10 0.5734966592427617 0.5089928057553957 0.006681514476614699 0.01079136690647482
10 0.5857461024498886 0.5233812949640289 0.008908685968819599 0.01079136690647482
10 0.5790645879732739 0.5449640287769785 0.017817371937639197 0.017985611510791366
10 0.5434298440979956 0.5071942446043166 0.008908685968819599 0.014388489208633094
10 0.5133630289532294 0.4910071942446043 0.015590200445434297 0.01079136690647482
10 0.5144766146993318 0.5413669064748202 0.013363028953229397 0.017985611510791366
10 0.4755011135857461 0.5107913669064749 0.011135857461024499 0.014388489208633094
10 0.4131403118040089 0.4982014388489209 0.011135857461024499 0.017985611510791366
10 0.40089086859688194 0.5089928057553957 0.008908685968819599 0.01079136690647482
10 0.39309576837416477 0.5161870503597122 0.011135857461024499 0.017985611510791366
10 0.4131403118040089 0.5953237410071943 0.011135857461024499 0.025179856115107917
10 0.4532293986636971 0.5143884892086331 0.011135857461024499 0.014388489208633094
10 0.3507795100222717 0.5359712230215827 0.011135857461024499 0.014388489208633094
10 0.3730512249443207 0.5629496402877698 0.011135857461024499 0.017985611510791366
10 0.3552338530066815 0.4676258992805756 0.015590200445434297 0.02158273381294964
10 0.37861915367483295 0.4388489208633094 0.008908685968819599 0.014388489208633094
10 0.21826280623608016 0.5323741007194245 0.013363028953229397 0.02158273381294964
10 0.24944320712694876 0.48741007194244607 0.008908685968819599 0.025179856115107917
10 0.512249443207127 0.525179856115108 0.7616926503340757 0.2446043165467626
