0 0.8450000000000001 0.255 0.016666666666666666 0.09000000000000001
0 0.7116666666666667 0.45 0.043333333333333335 0.12000000000000001
0 0.8266666666666668 0.32 0.02 0.02666666666666667
0 0.8133333333333334 0.35333333333333333 0.02 0.03333333333333333
0 0.795 0.3916666666666667 0.023333333333333334 0.023333333333333334
0 0.78 0.41833333333333333 0.02 0.030000000000000002
0 0.765 0.45833333333333337 0.016666666666666666 0.043333333333333335
0 0.6766666666666667 0.47500000000000003 0.02666666666666667 0.12333333333333334
0 0.7466666666666667 0.05166666666666667 0.04 0.09666666666666668
0 0.7383333333333334 0.16833333333333333 0.023333333333333334 0.10333333333333335
0 0.7266666666666667 0.25833333333333336 0.02 0.05666666666666667
0 0.7033333333333334 0.34 0.02666666666666667 0.07333333333333333
0 0.6566666666666667 0.5733333333333334 0.04666666666666667 0.04666666666666667
0 0.6416666666666667 0.635 0.030000000000000002 0.023333333333333334
0 0.6116666666666667 0.665 0.023333333333333334 0.023333333333333334
0 0.5800000000000001 0.6933333333333334 0.02666666666666667 0.02
0 0.555 0.7150000000000001 0.023333333333333334 0.023333333333333334
0 0.53 0.7366666666666667 0.02 0.02
0 0.49333333333333335 0.7633333333333334 0.02666666666666667 0.02
0 0.4633333333333334 0.7883333333333333 0.02666666666666667 0.023333333333333334
0 0.43500000000000005 0.805 0.03666666666666667 0.016666666666666666
