10 0.5742857142857143 0.3150406504065041 0.011428571428571429 0.020325203252032523
10 0.20857142857142857 0.05894308943089432 0.011428571428571429 0.012195121951219513
10 0.37714285714285717 0.32113821138211385 0.022857142857142857 0.024390243902439025
10 0.33285714285714285 0.35975609756097565 0.014285714285714285 0.020325203252032523
10 0.3485714285714286 0.39837398373983746 0.022857142857142857 0.04878048780487805
10 0.29285714285714287 0.39634146341463417 0.02 0.02845528455284553
10 0.3171428571428571 0.3739837398373984 0.011428571428571429 0.016260162601626018
10 0.27 0.41463414634146345 0.02 0.024390243902439025
10 0.25142857142857145 0.42479674796747974 0.017142857142857144 0.02845528455284553
10 0.44142857142857145 0.4024390243902439 0.014285714285714285 0.024390243902439025
10 0.3914285714285714 0.451219512195122 0.011428571428571429 0.016260162601626018
10 0.35285714285714287 0.49186991869918706 0.008571428571428572 0.016260162601626018
10 0.3242857142857143 0.5182926829268293 0.008571428571428572 0.020325203252032523
10 0.2985714285714286 0.5426829268292683 0.008571428571428572 0.020325203252032523
10 0.6814285714285714 0.7906504065040652 0.014285714285714285 0.02845528455284553
10 0.6714285714285714 0.821138211382114 0.011428571428571429 0.016260162601626018
10 0.7642857142857142 0.8069105691056911 0.014285714285714285 0.02845528455284553
10 0.84 0.8272357723577237 0.017142857142857144 0.020325203252032523
10 0.9057142857142857 0.8556910569105692 0.017142857142857144 0.02845528455284553
10 0.9185714285714286 0.4857723577235773 0.014285714285714285 0.02845528455284553
10 0.9285714285714286 0.3719512195121952 0.022857142857142857 0.02845528455284553
10 0.9471428571428572 0.3191056910569106 0.014285714285714285 0.02845528455284553
10 0.9557142857142857 0.2804878048780488 0.014285714285714285 0.016260162601626018
10 0.6957142857142857 0.8983739837398375 0.014285714285714285 0.032520325203252036
10 0.8971428571428571 0.6361788617886179 0.011428571428571429 0.020325203252032523
10 0.9685714285714285 0.4979674796747968 0.005714285714285714 0.020325203252032523
10 0.9757142857142858 0.3739837398373984 0.014285714285714285 0.032520325203252036
