10 0.47500000000000003 0.7453333333333333 0.034 0.04533333333333333
10 0.58 0.7546666666666666 0.032 0.021333333333333333
10 0.423 0.5893333333333333 0.026000000000000002 0.026666666666666665
10 0.405 0.6533333333333333 0.018000000000000002 0.032
10 0.367 0.5653333333333334 0.018000000000000002 0.042666666666666665
10 0.24 0.32266666666666666 0.032 0.032
10 0.399 0.04533333333333333 0.038 0.08
10 0.464 0.128 0.016 0.021333333333333333
10 0.454 0.14933333333333332 0.012 0.032
10 0.465 0.17333333333333334 0.01 0.021333333333333333
10 0.47900000000000004 0.20133333333333334 0.022 0.024
10 0.484 0.16533333333333333 0.008 0.026666666666666665
10 0.495 0.19866666666666666 0.014 0.029333333333333333
10 0.494 0.23466666666666666 0.02 0.03733333333333333
10 0.515 0.264 0.014 0.021333333333333333
10 0.528 0.2693333333333333 0.008 0.016
10 0.521 0.29866666666666664 0.038 0.021333333333333333
10 0.463 0.24666666666666665 0.026000000000000002 0.013333333333333332
10 0.48 0.27066666666666667 0.016 0.024
10 0.441 0.22 0.018000000000000002 0.029333333333333333
10 0.457 0.21466666666666667 0.018000000000000002 0.04533333333333333
