10 0.4308617234468938 0.26517571884984026 0.03206412825651302 0.025559105431309903
10 0.4428857715430861 0.5063897763578274 0.01603206412825651 0.01597444089456869
10 0.4659318637274549 0.5351437699680511 0.014028056112224447 0.01597444089456869
10 0.49999999999999994 0.5287539936102236 0.014028056112224447 0.009584664536741214
10 0.5831663326653306 0.523961661341853 0.008016032064128256 0.019169329073482427
10 0.56312625250501 0.5399361022364217 0.012024048096192383 0.012779552715654952
10 0.5230460921843687 0.5990415335463258 0.01603206412825651 0.01597444089456869
10 0.4929859719438877 0.5543130990415335 0.02004008016032064 0.022364217252396165
10 0.47695390781563124 0.5686900958466453 0.01603206412825651 0.019169329073482427
10 0.47394789579158314 0.6118210862619808 0.03406813627254509 0.02875399361022364
10 0.4418837675350701 0.5527156549520766 0.01002004008016032 0.019169329073482427
10 0.43286573146292584 0.5702875399361023 0.01603206412825651 0.01597444089456869
10 0.406813627254509 0.584664536741214 0.008016032064128256 0.019169329073482427
10 0.4258517034068136 0.597444089456869 0.022044088176352703 0.019169329073482427
10 0.40881763527054105 0.65814696485623 0.012024048096192383 0.03194888178913738
10 0.438877755511022 0.6597444089456869 0.024048096192384766 0.01597444089456869
10 0.37074148296593185 0.5830670926517572 0.01603206412825651 0.02875399361022364
10 0.3386773547094188 0.5734824281150159 0.01603206412825651 0.022364217252396165
10 0.35571142284569135 0.5942492012779552 0.018036072144288574 0.019169329073482427
10 0.37074148296593185 0.646964856230032 0.03206412825651302 0.022364217252396165
10 0.34068136272545085 0.6916932907348242 0.008016032064128256 0.03514376996805112
10 0.3336673346693386 0.6309904153354632 0.026052104208416832 0.022364217252396165
10 0.2605210420841683 0.6437699680511182 0.028056112224448895 0.022364217252396165
10 0.2945891783567134 0.6789137380191693 0.01603206412825651 0.022364217252396165
10 0.32665330661322645 0.6916932907348242 0.01603206412825651 0.01597444089456869
10 0.3156312625250501 0.7284345047923322 0.01002004008016032 0.019169329073482427
10 0.24348697394789579 0.7076677316293929 0.0060120240480961915 0.022364217252396165
10 0.2575150300601202 0.731629392971246 0.01002004008016032 0.019169329073482427
10 0.22344689378757512 0.7507987220447284 0.014028056112224447 0.019169329073482427
10 0.20741482965931862 0.7699680511182109 0.01002004008016032 0.012779552715654952
10 0.19539078156312623 0.7811501597444089 0.01002004008016032 0.01597444089456869
