10 0.806 0.540453074433657 0.324 0.22653721682847897
10 0.363 0.5339805825242718 0.162 0.12297734627831716
10 0.195 0.4190938511326861 0.114 0.13268608414239483
10 0.312 0.13268608414239483 0.04 0.05825242718446602
10 0.371 0.10355987055016182 0.026000000000000002 0.03883495145631068
10 0.378 0.15857605177993528 0.056 0.05825242718446602
10 0.318 0.215210355987055 0.032 0.05501618122977347
10 0.373 0.22815533980582525 0.082 0.08090614886731393
10 0.44 0.21035598705501618 0.04 0.05177993527508091
10 0.441 0.26860841423948223 0.054 0.05825242718446602
10 0.486 0.28802588996763756 0.02 0.03236245954692557
10 0.432 0.3964401294498382 0.056 0.15210355987055016
10 0.502 0.5129449838187703 0.048 0.1197411003236246
10 0.501 0.3446601941747573 0.058 0.09385113268608415
10 0.47300000000000003 0.4190938511326861 0.026000000000000002 0.05501618122977347
10 0.587 0.5 0.034 0.0744336569579288
10 0.7030000000000001 0.22653721682847897 0.03 0.06472491909385114
10 0.96 0.2038834951456311 0.04 0.05825242718446602
10 0.9570000000000001 0.2605177993527508 0.026000000000000002 0.06148867313915858
10 0.991 0.34304207119741104 0.014 0.07766990291262137
10 0.891 0.3592233009708738 0.034 0.06472491909385114
10 0.904 0.4045307443365696 0.036000000000000004 0.03883495145631068
10 0.15 0.8576051779935275 0.06 0.05177993527508091
10 0.07100000000000001 0.29449838187702265 0.022 0.045307443365695796
10 0.073 0.3559870550161812 0.026000000000000002 0.05177993527508091
10 0.045 0.3592233009708738 0.03 0.045307443365695796
10 0.07100000000000001 0.0889967637540453 0.022 0.042071197411003236
