10 0.781 0.2306451612903226 0.014 0.02258064516129032
10 0.751 0.2532258064516129 0.018000000000000002 0.016129032258064516
10 0.678 0.29354838709677417 0.012 0.01935483870967742
10 0.682 0.49193548387096775 0.012 0.016129032258064516
10 0.657 0.5080645161290323 0.01 0.016129032258064516
10 0.673 0.5129032258064516 0.006 0.012903225806451613
10 0.388 0.6080645161290322 0.012 0.016129032258064516
10 0.993 0.20161290322580644 0.01 0.016129032258064516
10 0.934 0.1 0.012 0.01935483870967742
10 0.438 0.635483870967742 0.012 0.01935483870967742
10 0.34900000000000003 0.1935483870967742 0.014 0.01935483870967742
