10 0.886 0.6253333333333333 0.016 0.013333333333333332
10 0.886 0.6453333333333333 0.016 0.010666666666666666
10 0.879 0.708 0.014 0.008
10 0.9530000000000001 0.8253333333333333 0.01 0.008
10 0.801 0.6719999999999999 0.022 0.021333333333333333
10 0.8220000000000001 0.6573333333333333 0.016 0.018666666666666665
10 0.52 0.17733333333333332 0.012 0.013333333333333332
10 0.577 0.29333333333333333 0.006 0.016
10 0.5690000000000001 0.39199999999999996 0.01 0.016
10 0.598 0.38266666666666665 0.004 0.013333333333333332
10 0.418 0.6586666666666666 0.012 0.010666666666666666
10 0.321 0.7853333333333333 0.01 0.013333333333333332
10 0.319 0.744 0.006 0.010666666666666666
10 0.342 0.8386666666666667 0.016 0.018666666666666665
10 0.362 0.88 0.016 0.010666666666666666
10 0.02 0.448 0.016 0.026666666666666665
