10 0.24812734082397003 0.8066666666666668 0.009363295880149813 0.02666666666666667
10 0.4672284644194757 0.5783333333333334 0.009363295880149813 0.016666666666666666
10 0.852996254681648 0.645 0.009363295880149813 0.05
10 0.36797752808988765 0.5216666666666667 0.013108614232209739 0.043333333333333335
10 0.3595505617977528 0.45333333333333337 0.0149812734082397 0.03333333333333333
10 0.38857677902621723 0.4766666666666667 0.009363295880149813 0.07333333333333333
10 0.3857677902621723 0.555 0.0149812734082397 0.05666666666666667
10 0.37359550561797755 0.5883333333333334 0.009363295880149813 0.05
10 0.3913857677902622 0.5983333333333334 0.00749063670411985 0.05
10 0.3698501872659176 0.6616666666666667 0.016853932584269662 0.05666666666666667
10 0.3445692883895131 0.6783333333333333 0.011235955056179775 0.03666666666666667
10 0.35580524344569286 0.5850000000000001 0.0149812734082397 0.043333333333333335
10 0.3698501872659176 0.2566666666666667 0.028089887640449437 0.02
10 0.41198501872659177 0.28500000000000003 0.026217228464419477 0.023333333333333334
10 0.3642322097378277 0.20833333333333334 0.024344569288389514 0.03666666666666667
10 0.3539325842696629 0.13166666666666668 0.026217228464419477 0.030000000000000002
10 0.32865168539325845 0.12000000000000001 0.02059925093632959 0.03333333333333333
10 0.28745318352059923 0.12166666666666667 0.024344569288389514 0.05
10 0.26591760299625467 0.16833333333333333 0.0149812734082397 0.05
10 0.3155430711610487 0.22333333333333336 0.03932584269662921 0.060000000000000005
10 0.9073033707865169 0.745 0.013108614232209739 0.05666666666666667
10 0.897003745318352 0.685 0.0149812734082397 0.043333333333333335
10 0.8829588014981273 0.6466666666666667 0.013108614232209739 0.060000000000000005
10 0.9344569288389514 0.49333333333333335 0.011235955056179775 0.05333333333333334
10 0.7883895131086143 0.17500000000000002 0.018726591760299626 0.023333333333333334
10 0.8829588014981273 0.30000000000000004 0.02059925093632959 0.03333333333333333
10 0.9026217228464419 0.3016666666666667 0.011235955056179775 0.016666666666666666
10 0.9372659176029963 0.19333333333333336 0.016853932584269662 0.060000000000000005
10 0.9419475655430711 0.24000000000000002 0.011235955056179775 0.03333333333333333
10 0.9250936329588015 0.315 0.018726591760299626 0.05666666666666667
10 0.7462546816479401 0.4783333333333334 0.009363295880149813 0.023333333333333334
10 0.7471910112359551 0.5116666666666667 0.0149812734082397 0.03666666666666667
10 0.7490636704119851 0.5533333333333333 0.011235955056179775 0.04
10 0.7752808988764045 0.5583333333333333 0.011235955056179775 0.03666666666666667
10 0.7743445692883896 0.61 0.009363295880149813 0.02
10 0.7602996254681648 0.645 0.018726591760299626 0.07666666666666667
10 0.6104868913857678 0.315 0.0149812734082397 0.03666666666666667
10 0.6086142322097379 0.375 0.011235955056179775 0.043333333333333335
10 0.7490636704119851 0.16833333333333333 0.04868913857677903 0.03666666666666667
10 0.6132958801498127 0.13 0.009363295880149813 0.03333333333333333
10 0.649812734082397 0.21500000000000002 0.011235955056179775 0.03666666666666667
10 0.5308988764044944 0.14833333333333334 0.016853932584269662 0.023333333333333334
10 0.5159176029962547 0.14833333333333334 0.02059925093632959 0.023333333333333334
10 0.552434456928839 0.455 0.018726591760299626 0.06333333333333334
10 0.5205992509363296 0.49833333333333335 0.018726591760299626 0.05666666666666667
10 0.8717228464419475 0.5766666666666667 0.013108614232209739 0.04
10 0.8707865168539326 0.7383333333333334 0.018726591760299626 0.05666666666666667
10 0.8726591760299626 0.7983333333333333 0.00749063670411985 0.05
10 0.8801498127340824 0.8300000000000001 0.00749063670411985 0.05333333333333334
10 0.8277153558052435 0.21166666666666667 0.0149812734082397 0.03666666666666667
10 0.7649812734082397 0.3383333333333334 0.0056179775280898875 0.05
