10 0.52 0.3429003021148036 0.008 0.027190332326283987
10 0.612 0.2326283987915408 0.008 0.02416918429003021
10 0.5750000000000001 0.27341389728096677 0.01 0.021148036253776436
10 0.454 0.581570996978852 0.012 0.027190332326283987
10 0.483 0.5558912386706949 0.01 0.02416918429003021
10 0.401 0.5468277945619335 0.01 0.02416918429003021
10 0.431 0.43655589123867067 0.01 0.021148036253776436
10 0.454 0.3957703927492447 0.008 0.02416918429003021
10 0.42 0.5377643504531722 0.008 0.02416918429003021
10 0.392 0.6555891238670695 0.008 0.030211480362537763
10 0.384 0.6691842900302115 0.016 0.03323262839879154
10 0.383 0.5981873111782477 0.01 0.01812688821752266
10 0.373 0.5845921450151057 0.006 0.015105740181268881
10 0.325 0.675226586102719 0.01 0.03323262839879154
10 0.5 0.5241691842900302 0.004 0.015105740181268881
10 0.532 0.48942598187311176 0.012 0.02416918429003021
10 0.519 0.5030211480362538 0.01 0.021148036253776436
10 0.5660000000000001 0.45770392749244715 0.012 0.021148036253776436
10 0.705 0.46827794561933533 0.006 0.02416918429003021
10 0.6930000000000001 0.4607250755287009 0.006 0.021148036253776436
10 0.709 0.311178247734139 0.01 0.03625377643504532
10 0.671 0.3081570996978852 0.01 0.01812688821752266
