11 0.26666666666666666 0.14333333333333334 0.013333333333333332 0.02
11 0.3188888888888889 0.2833333333333333 0.006666666666666666 0.02
11 0.29 0.265 0.011111111111111112 0.01
11 0.25333333333333335 0.24166666666666667 0.017777777777777778 0.01
11 0.25555555555555554 0.4516666666666667 0.008888888888888889 0.016666666666666666
11 0.3388888888888889 0.3416666666666667 0.006666666666666666 0.01
11 0.3388888888888889 0.3716666666666667 0.006666666666666666 0.01
11 0.34555555555555556 0.385 0.006666666666666666 0.016666666666666666
11 0.32666666666666666 0.3716666666666667 0.008888888888888889 0.01
11 0.31222222222222223 0.5883333333333334 0.006666666666666666 0.016666666666666666
11 0.3233333333333333 0.625 0.011111111111111112 0.01
11 0.4211111111111111 0.6233333333333334 0.011111111111111112 0.02
11 0.42666666666666664 0.645 0.008888888888888889 0.01
11 0.38666666666666666 0.6733333333333333 0.008888888888888889 0.013333333333333334
11 0.37222222222222223 0.20833333333333334 0.011111111111111112 0.016666666666666666
11 0.47444444444444445 0.455 0.006666666666666666 0.016666666666666666
11 0.5144444444444445 0.4816666666666667 0.006666666666666666 0.030000000000000002
11 0.5211111111111111 0.5583333333333333 0.006666666666666666 0.023333333333333334
11 0.52 0.745 0.008888888888888889 0.016666666666666666
11 0.5033333333333333 0.7216666666666667 0.006666666666666666 0.01
11 0.4811111111111111 0.8150000000000001 0.011111111111111112 0.01
11 0.5044444444444445 0.3983333333333334 0.0044444444444444444 0.023333333333333334
11 0.6366666666666667 0.665 0.006666666666666666 0.016666666666666666
11 0.5644444444444444 0.8133333333333334 0.008888888888888889 0.013333333333333334
11 0.6111111111111112 0.4866666666666667 0.0044444444444444444 0.02
11 0.7233333333333334 0.635 0.006666666666666666 0.023333333333333334
11 0.6444444444444445 0.4133333333333334 0.013333333333333332 0.03333333333333333
11 0.5511111111111111 0.445 0.008888888888888889 0.023333333333333334
11 0.46111111111111114 0.05333333333333334 0.006666666666666666 0.02
11 0.41333333333333333 0.17500000000000002 0.0044444444444444444 0.016666666666666666
11 0.4688888888888889 0.21333333333333335 0.0044444444444444444 0.02
11 0.29777777777777775 0.08 0.013333333333333332 0.013333333333333334
