11 0.5212933753943217 0.7116666666666667 0.007886435331230283 0.023333333333333334
11 0.4219242902208202 0.7716666666666667 0.007886435331230283 0.023333333333333334
11 0.4116719242902208 0.5650000000000001 0.012618296529968454 0.016666666666666666
11 0.15457413249211355 0.8400000000000001 0.006309148264984227 0.02
11 0.22318611987381703 0.885 0.011041009463722396 0.016666666666666666
11 0.24369085173501576 0.5083333333333334 0.007886435331230283 0.01
11 0.2531545741324921 0.5750000000000001 0.007886435331230283 0.01
11 0.8233438485804416 0.8383333333333334 0.006309148264984227 0.016666666666666666
11 0.5402208201892744 0.3166666666666667 0.00473186119873817 0.02
11 0.42665615141955837 0.39 0.007886435331230283 0.02
11 0.3864353312302839 0.49333333333333335 0.006309148264984227 0.013333333333333334
