0 0.325 0.26833333333333337 0.05 0.07
0 0.38 0.2783333333333334 0.05333333333333334 0.06333333333333334
0 0.43333333333333335 0.28833333333333333 0.04666666666666667 0.05
0 0.4783333333333334 0.29333333333333333 0.03666666666666667 0.02666666666666667
0 0.27166666666666667 0.26166666666666666 0.05666666666666667 0.05666666666666667
0 0.21000000000000002 0.28833333333333333 0.060000000000000005 0.06333333333333334
0 0.23333333333333334 0.34500000000000003 0.02666666666666667 0.03666666666666667
0 0.5933333333333334 0.36333333333333334 0.02666666666666667 0.04
0 0.6233333333333334 0.3916666666666667 0.02 0.05
0 0.6466666666666667 0.40166666666666667 0.02 0.030000000000000002
0 0.6716666666666667 0.42500000000000004 0.023333333333333334 0.030000000000000002
0 0.6916666666666668 0.455 0.023333333333333334 0.030000000000000002
0 0.7216666666666667 0.48500000000000004 0.030000000000000002 0.030000000000000002
0 0.7533333333333334 0.5033333333333334 0.02 0.03333333333333333
0 0.78 0.5316666666666667 0.02666666666666667 0.03666666666666667
0 0.8116666666666668 0.5650000000000001 0.023333333333333334 0.030000000000000002
0 0.8400000000000001 0.5950000000000001 0.02 0.030000000000000002
0 0.8733333333333334 0.6333333333333334 0.02666666666666667 0.03333333333333333
0 0.6416666666666667 0.6583333333333333 0.03666666666666667 0.030000000000000002
0 0.6733333333333333 0.6766666666666667 0.02 0.03333333333333333
0 0.7100000000000001 0.7066666666666667 0.02 0.02
0 0.7483333333333334 0.7266666666666667 0.030000000000000002 0.04
0 0.775 0.755 0.023333333333333334 0.03666666666666667
0 0.805 0.7733333333333334 0.023333333333333334 0.04666666666666667
0 0.8316666666666667 0.7966666666666667 0.030000000000000002 0.060000000000000005
0 0.8600000000000001 0.8333333333333334 0.02 0.03333333333333333
0 0.885 0.8550000000000001 0.016666666666666666 0.030000000000000002
0 0.9066666666666667 0.8783333333333334 0.02 0.030000000000000002
0 0.9283333333333333 0.9 0.023333333333333334 0.04
0 0.9533333333333334 0.9233333333333333 0.02 0.04666666666666667
0 0.47500000000000003 0.8366666666666667 0.016666666666666666 0.04
0 0.4866666666666667 0.7716666666666667 0.013333333333333334 0.043333333333333335
0 0.49833333333333335 0.7033333333333334 0.016666666666666666 0.05333333333333334
0 0.5116666666666667 0.6233333333333334 0.016666666666666666 0.07333333333333333
0 0.5266666666666667 0.535 0.02 0.07
0 0.54 0.44 0.02 0.06666666666666667
0 0.5566666666666668 0.35000000000000003 0.02 0.060000000000000005
0 0.5683333333333334 0.26333333333333336 0.016666666666666666 0.05333333333333334
0 0.5800000000000001 0.18000000000000002 0.02 0.06666666666666667
0 0.5950000000000001 0.095 0.023333333333333334 0.05666666666666667
