11 0.6655701754385964 0.3114035087719298 0.07236842105263158 0.043859649122807015
11 0.5449561403508771 0.4576023391812865 0.07236842105263158 0.043859649122807015
11 0.5307017543859649 0.5891812865497076 0.08333333333333333 0.07309941520467836
11 0.18092105263157893 0.7733918128654971 0.05043859649122807 0.043859649122807015
11 0.6776315789473684 0.4853801169590643 0.04824561403508772 0.029239766081871343
11 0.6918859649122807 0.5350877192982456 0.06359649122807018 0.04093567251461988
11 0.7192982456140351 0.41081871345029236 0.04824561403508772 0.038011695906432746
11 0.7642543859649122 0.44883040935672514 0.03289473684210526 0.05555555555555555
11 0.6567982456140351 0.4225146198830409 0.05921052631578947 0.038011695906432746
11 0.8399122807017544 0.48830409356725146 0.02631578947368421 0.05847953216374269
11 0.7620614035087719 0.5043859649122807 0.03289473684210526 0.03216374269005848
11 0.8037280701754386 0.49122807017543857 0.019736842105263157 0.029239766081871343
11 0.7642543859649122 0.3157894736842105 0.03289473684210526 0.05263157894736842
11 0.8497807017543859 0.4152046783625731 0.019736842105263157 0.05263157894736842
