11 0.39625 0.31833333333333336 0.0225 0.03666666666666667
11 0.5675 0.5433333333333333 0.02 0.04666666666666667
11 0.6012500000000001 0.6216666666666667 0.0175 0.030000000000000002
11 0.65125 0.6216666666666667 0.0225 0.03666666666666667
11 0.5475 0.455 0.035 0.043333333333333335
11 0.33375 0.36000000000000004 0.0225 0.03333333333333333
11 0.63 0.2966666666666667 0.03 0.04666666666666667
11 0.6925 0.335 0.015 0.03666666666666667
11 0.7000000000000001 0.4266666666666667 0.025 0.04
11 0.7262500000000001 0.545 0.0225 0.03666666666666667
11 0.75375 0.4966666666666667 0.0225 0.03333333333333333
11 0.6225 0.135 0.02 0.05666666666666667
11 0.34 0.23500000000000001 0.025 0.043333333333333335
11 0.30375 0.545 0.0175 0.016666666666666666
11 0.22375 0.8533333333333334 0.0425 0.03333333333333333
11 0.115 0.8433333333333334 0.035 0.02666666666666667
11 0.1075 0.805 0.025 0.023333333333333334
11 0.17 0.4683333333333334 0.01 0.016666666666666666
11 0.1825 0.5966666666666667 0.01 0.013333333333333334
11 0.22 0.6333333333333334 0.02 0.02
