0 0.26166666666666666 0.5966666666666667 0.023333333333333334 0.02666666666666667
0 0.39666666666666667 0.7400000000000001 0.02 0.02
0 0.4316666666666667 0.7583333333333334 0.030000000000000002 0.016666666666666666
0 0.4666666666666667 0.7766666666666667 0.03333333333333333 0.02666666666666667
0 0.5066666666666667 0.7933333333333333 0.02666666666666667 0.02666666666666667
0 0.5383333333333333 0.805 0.016666666666666666 0.030000000000000002
0 0.5633333333333334 0.8316666666666667 0.03333333333333333 0.030000000000000002
0 0.5950000000000001 0.8600000000000001 0.016666666666666666 0.02666666666666667
0 0.62 0.8833333333333334 0.02666666666666667 0.02
0 0.6516666666666667 0.9 0.023333333333333334 0.03333333333333333
0 0.6866666666666668 0.9183333333333334 0.02666666666666667 0.030000000000000002
0 0.7150000000000001 0.9416666666666668 0.023333333333333334 0.023333333333333334
0 0.5850000000000001 0.79 0.016666666666666666 0.02
0 0.6016666666666667 0.8116666666666668 0.01 0.016666666666666666
0 0.6183333333333334 0.8333333333333334 0.01 0.013333333333333334
0 0.6333333333333334 0.8483333333333334 0.006666666666666667 0.01
0 0.655 0.8666666666666667 0.016666666666666666 0.013333333333333334
0 0.5083333333333334 0.6733333333333333 0.016666666666666666 0.02
0 0.53 0.6983333333333334 0.013333333333333334 0.023333333333333334
0 0.48833333333333334 0.6316666666666667 0.023333333333333334 0.023333333333333334
0 0.4666666666666667 0.5850000000000001 0.02 0.03666666666666667
0 0.7133333333333334 0.7250000000000001 0.02666666666666667 0.023333333333333334
0 0.7483333333333334 0.7666666666666667 0.023333333333333334 0.013333333333333334
0 0.6333333333333334 0.6533333333333333 0.02666666666666667 0.02666666666666667
0 0.3383333333333334 0.31 0.016666666666666666 0.02
