11 0.59125 0.44107142857142856 0.0275 0.05357142857142857
11 0.62375 0.45714285714285713 0.0375 0.03571428571428571
11 0.5025000000000001 0.5785714285714285 0.025 0.03571428571428571
11 0.42875 0.7285714285714285 0.0175 0.02857142857142857
11 0.23375 0.7589285714285714 0.0325 0.075
11 0.22875 0.6357142857142857 0.0275 0.06428571428571428
11 0.21625 0.5232142857142857 0.0275 0.060714285714285714
11 0.22625 0.49107142857142855 0.0275 0.05357142857142857
11 0.2525 0.4446428571428571 0.035 0.039285714285714285
11 0.6775 0.5535714285714286 0.03 0.02857142857142857
11 0.7025 0.5428571428571428 0.03 0.02857142857142857
11 0.925 0.7142857142857143 0.025 0.049999999999999996
11 0.89 0.6785714285714286 0.04 0.03571428571428571
11 0.84875 0.6339285714285714 0.0325 0.039285714285714285
11 0.8075 0.6178571428571429 0.03 0.03571428571428571
11 0.6725 0.6089285714285714 0.04 0.017857142857142856
11 0.6225 0.6303571428571428 0.04 0.024999999999999998
11 0.525 0.6714285714285714 0.035 0.02857142857142857
11 0.28625 0.7571428571428571 0.0375 0.04285714285714286
11 0.20875 0.2625 0.0325 0.04642857142857143
11 0.24625 0.33214285714285713 0.0375 0.04285714285714286
11 0.18375 0.13749999999999998 0.0375 0.03214285714285714
11 0.1125 0.3 0.025 0.06428571428571428
11 0.09375 0.375 0.0425 0.049999999999999996
11 0.135 0.41607142857142854 0.02 0.05357142857142857
11 0.73875 0.4982142857142857 0.0525 0.03214285714285714
11 0.67875 0.4357142857142857 0.0325 0.02142857142857143
11 0.42625 0.6517857142857143 0.0175 0.024999999999999998
11 0.4825 0.6196428571428572 0.02 0.017857142857142856
11 0.0225 0.5910714285714286 0.02 0.039285714285714285
11 0.03 0.30892857142857144 0.045 0.03214285714285714
11 0.035 0.15535714285714286 0.015 0.039285714285714285
11 0.0175 0.1625 0.015 0.039285714285714285
11 0.07875 0.21785714285714286 0.0125 0.02857142857142857
11 0.051250000000000004 0.19642857142857142 0.0125 0.02857142857142857
11 0.085 0.02857142857142857 0.015 0.02857142857142857
11 0.86375 0.5035714285714286 0.0325 0.02857142857142857
11 0.89375 0.5357142857142857 0.0425 0.03571428571428571
11 0.8275 0.4946428571428571 0.03 0.024999999999999998
11 0.79 0.4732142857142857 0.04 0.024999999999999998
11 0.55625 0.45357142857142857 0.0225 0.05714285714285714
11 0.55875 0.4964285714285714 0.0375 0.02142857142857143
11 0.57875 0.5392857142857143 0.0525 0.03571428571428571
11 0.15 0.6839285714285714 0.03 0.024999999999999998
