11 0.9420000000000001 0.3708609271523179 0.016 0.019867549668874173
11 0.921 0.4056291390728477 0.014 0.016556291390728478
11 0.9560000000000001 0.6192052980132451 0.016 0.019867549668874173
11 0.893 0.5612582781456954 0.01 0.016556291390728478
11 0.84 0.8112582781456954 0.02 0.026490066225165563
11 0.797 0.5513245033112583 0.01 0.009933774834437087
11 0.746 0.5314569536423841 0.012 0.029801324503311258
11 0.725 0.5960264900662252 0.018000000000000002 0.026490066225165563
11 0.711 0.6589403973509934 0.018000000000000002 0.013245033112582781
11 0.649 0.5678807947019867 0.01 0.016556291390728478
11 0.686 0.7102649006622517 0.008 0.016556291390728478
11 0.59 0.7268211920529801 0.008 0.016556291390728478
11 0.54 0.7715231788079471 0.016 0.019867549668874173
11 0.487 0.7831125827814569 0.014 0.016556291390728478
11 0.643 0.49503311258278143 0.01 0.016556291390728478
11 0.551 0.47019867549668876 0.014 0.013245033112582781
11 0.534 0.45364238410596025 0.016 0.019867549668874173
11 0.518 0.46688741721854304 0.012 0.019867549668874173
11 0.503 0.5082781456953642 0.01 0.016556291390728478
11 0.533 0.5198675496688742 0.006 0.013245033112582781
11 0.547 0.5198675496688742 0.006 0.006622516556291391
11 0.537 0.5331125827814569 0.006 0.013245033112582781
11 0.583 0.5612582781456954 0.014 0.016556291390728478
11 0.5650000000000001 0.5480132450331126 0.01 0.009933774834437087
11 0.555 0.5695364238410596 0.006 0.013245033112582781
11 0.531 0.5596026490066225 0.01 0.006622516556291391
11 0.527 0.5728476821192053 0.01 0.006622516556291391
11 0.511 0.5695364238410596 0.01 0.013245033112582781
11 0.49 0.5711920529801324 0.012 0.009933774834437087
11 0.464 0.5347682119205298 0.004 0.016556291390728478
11 0.459 0.5447019867549668 0.01 0.016556291390728478
11 0.47500000000000003 0.5927152317880795 0.01 0.013245033112582781
11 0.482 0.6076158940397351 0.012 0.016556291390728478
11 0.556 0.6109271523178808 0.016 0.016556291390728478
11 0.598 0.7317880794701986 0.008 0.013245033112582781
11 0.893 0.31125827814569534 0.006 0.006622516556291391
11 0.437 0.6639072847682119 0.006 0.016556291390728478
11 0.454 0.6771523178807947 0.008 0.009933774834437087
11 0.457 0.7334437086092715 0.01 0.009933774834437087
11 0.453 0.7466887417218543 0.014 0.009933774834437087
11 0.418 0.8377483443708609 0.008 0.013245033112582781
11 0.421 0.8062913907284768 0.01 0.016556291390728478
11 0.389 0.8079470198675497 0.006 0.013245033112582781
11 0.398 0.5711920529801324 0.008 0.016556291390728478
11 0.406 0.5447019867549668 0.012 0.016556291390728478
11 0.385 0.5711920529801324 0.006 0.016556291390728478
11 0.378 0.5761589403973509 0.008 0.006622516556291391
11 0.37 0.5910596026490066 0.008 0.016556291390728478
11 0.48 0.4586092715231788 0.008 0.016556291390728478
11 0.454 0.4917218543046358 0.012 0.009933774834437087
11 0.431 0.5695364238410596 0.01 0.013245033112582781
11 0.417 0.5943708609271523 0.01 0.016556291390728478
11 0.403 0.6125827814569537 0.014 0.013245033112582781
11 0.388 0.6274834437086093 0.008 0.016556291390728478
11 0.381 0.6440397350993378 0.01 0.016556291390728478
11 0.373 0.6490066225165563 0.014 0.013245033112582781
11 0.36 0.6605960264900662 0.008 0.009933774834437087
11 0.37 0.6821192052980133 0.008 0.013245033112582781
11 0.35100000000000003 0.6970198675496688 0.006 0.009933774834437087
11 0.379 0.7086092715231788 0.01 0.019867549668874173
11 0.429 0.7384105960264901 0.01 0.013245033112582781
11 0.427 0.7533112582781457 0.01 0.009933774834437087
11 0.41100000000000003 0.75 0.006 0.009933774834437087
11 0.385 0.7715231788079471 0.01 0.013245033112582781
11 0.384 0.7880794701986755 0.012 0.013245033112582781
11 0.372 0.7781456953642384 0.012 0.013245033112582781
11 0.374 0.8129139072847682 0.008 0.009933774834437087
11 0.397 0.8377483443708609 0.01 0.013245033112582781
11 0.388 0.847682119205298 0.008 0.019867549668874173
11 0.38 0.8460264900662252 0.008 0.016556291390728478
11 0.371 0.8543046357615894 0.01 0.013245033112582781
11 0.362 0.847682119205298 0.008 0.013245033112582781
