0 0.7233333333333334 0.39666666666666667 0.03333333333333333 0.04
0 0.4916666666666667 0.195 0.030000000000000002 0.023333333333333334
0 0.5233333333333333 0.21000000000000002 0.02 0.02666666666666667
0 0.545 0.22666666666666668 0.023333333333333334 0.02666666666666667
0 0.5783333333333334 0.24666666666666667 0.023333333333333334 0.02666666666666667
0 0.6066666666666667 0.2566666666666667 0.02 0.02
0 0.44333333333333336 0.18666666666666668 0.04666666666666667 0.04666666666666667
0 0.4 0.14166666666666666 0.02666666666666667 0.016666666666666666
0 0.3766666666666667 0.12000000000000001 0.02666666666666667 0.02
0 0.3433333333333334 0.09666666666666668 0.02 0.02
0 0.31 0.085 0.02666666666666667 0.030000000000000002
0 0.3416666666666667 0.12833333333333335 0.016666666666666666 0.016666666666666666
0 0.36500000000000005 0.15166666666666667 0.023333333333333334 0.023333333333333334
0 0.39333333333333337 0.18500000000000003 0.02 0.030000000000000002
0 0.465 0.24500000000000002 0.030000000000000002 0.043333333333333335
0 0.6566666666666667 0.6783333333333333 0.02 0.023333333333333334
