11 0.34521384928716903 0.5405027932960894 0.038696537678207736 0.025139664804469275
11 0.21181262729124234 0.6298882681564246 0.048879837067209775 0.025139664804469275
11 0.6130346232179226 0.5837988826815642 0.0285132382892057 0.0223463687150838
11 0.5509164969450101 0.5837988826815642 0.026476578411405292 0.02793296089385475
11 0.6578411405295315 0.8016759776536313 0.016293279022403257 0.03910614525139665
11 0.4775967413441955 0.8100558659217877 0.02240325865580448 0.0335195530726257
11 0.7067209775967412 0.797486033519553 0.02036659877800407 0.030726256983240226
11 0.7413441955193482 0.8128491620111732 0.016293279022403257 0.0335195530726257
11 0.7291242362525457 0.8645251396648045 0.03665987780040733 0.030726256983240226
11 0.70061099796334 0.840782122905028 0.032586558044806514 0.0223463687150838
11 0.6568228105906313 0.8561452513966481 0.030549898167006106 0.025139664804469275
11 0.5896130346232179 0.8533519553072626 0.030549898167006106 0.025139664804469275
11 0.6171079429735233 0.8687150837988827 0.016293279022403257 0.0335195530726257
11 0.5845213849287169 0.8924581005586593 0.016293279022403257 0.030726256983240226
11 0.6140529531568227 0.9162011173184358 0.026476578411405292 0.02793296089385475
11 0.6028513238289205 0.9567039106145252 0.02036659877800407 0.030726256983240226
11 0.5641547861507128 0.9553072625698324 0.016293279022403257 0.03910614525139665
11 0.6731160896130346 0.888268156424581 0.01425661914460285 0.02793296089385475
11 0.6904276985743381 0.8966480446927375 0.02036659877800407 0.02793296089385475
11 0.6446028513238289 0.9217877094972068 0.01425661914460285 0.0335195530726257
11 0.6598778004073319 0.9399441340782123 0.016293279022403257 0.025139664804469275
