11 0.4074766355140187 0.4916666666666667 0.007476635514018692 0.016666666666666666
11 0.4093457943925234 0.5216666666666667 0.011214953271028038 0.016666666666666666
11 0.2757009345794393 0.41000000000000003 0.009345794392523366 0.013333333333333334
11 0.38878504672897196 0.61 0.007476635514018692 0.013333333333333334
11 0.42897196261682247 0.7050000000000001 0.009345794392523366 0.016666666666666666
11 0.8401869158878505 0.008333333333333333 0.009345794392523366 0.016666666666666666
11 0.8028037383177571 0.18000000000000002 0.009345794392523366 0.02666666666666667
11 0.7897196261682243 0.21333333333333335 0.005607476635514019 0.02
11 0.7411214953271028 0.26833333333333337 0.005607476635514019 0.016666666666666666
11 0.7504672897196262 0.35833333333333334 0.009345794392523366 0.030000000000000002
11 0.7401869158878505 0.3816666666666667 0.007476635514018692 0.023333333333333334
11 0.7448598130841122 0.4133333333333334 0.009345794392523366 0.02666666666666667
11 0.7018691588785047 0.49833333333333335 0.013084112149532711 0.023333333333333334
11 0.6925233644859813 0.5366666666666667 0.005607476635514019 0.013333333333333334
11 0.697196261682243 0.615 0.007476635514018692 0.023333333333333334
11 0.6663551401869159 0.6316666666666667 0.005607476635514019 0.016666666666666666
11 0.6850467289719626 0.6683333333333333 0.005607476635514019 0.016666666666666666
11 0.6831775700934579 0.6950000000000001 0.005607476635514019 0.016666666666666666
11 0.6691588785046729 0.7166666666666667 0.003738317757009346 0.013333333333333334
11 0.6504672897196262 0.7350000000000001 0.007476635514018692 0.023333333333333334
11 0.6598130841121496 0.7266666666666667 0.007476635514018692 0.013333333333333334
11 0.6663551401869159 0.745 0.005607476635514019 0.023333333333333334
11 0.6644859813084112 0.7783333333333334 0.009345794392523366 0.023333333333333334
11 0.6542056074766356 0.8 0.007476635514018692 0.013333333333333334
11 0.6467289719626168 0.8116666666666668 0.007476635514018692 0.023333333333333334
11 0.7738317757009346 0.8766666666666667 0.007476635514018692 0.02
11 0.983177570093458 0.48333333333333334 0.007476635514018692 0.013333333333333334
11 0.985981308411215 0.515 0.005607476635514019 0.016666666666666666
11 0.9878504672897197 0.535 0.009345794392523366 0.016666666666666666
11 0.9672897196261683 0.525 0.005607476635514019 0.023333333333333334
11 0.9616822429906542 0.8533333333333334 0.009345794392523366 0.02
11 0.9 0.9316666666666668 0.009345794392523366 0.016666666666666666
11 0.8934579439252337 0.9600000000000001 0.014953271028037384 0.02
11 0.9766355140186916 0.9033333333333334 0.005607476635514019 0.013333333333333334
11 0.9738317757009346 0.9450000000000001 0.007476635514018692 0.016666666666666666
11 0.8897196261682243 0.9883333333333334 0.014953271028037384 0.016666666666666666
