12 0.37 0.4536082474226804 0.092 0.12371134020618557
12 0.382 0.8384879725085911 0.096 0.10996563573883161
12 0.773 0.7903780068728522 0.082 0.14432989690721648
12 0.558 0.7061855670103092 0.084 0.1683848797250859
12 0.447 0.5893470790378007 0.09 0.12714776632302405
12 0.482 0.718213058419244 0.04 0.06872852233676977
12 0.303 0.7216494845360825 0.078 0.11683848797250859
12 0.493 0.3848797250859106 0.014 0.020618556701030927
12 0.47800000000000004 0.4054982817869416 0.012 0.020618556701030927
12 0.72 0.43470790378006874 0.012 0.01718213058419244
12 0.726 0.6632302405498282 0.032 0.06872852233676977
12 0.62 0.6494845360824743 0.024 0.027491408934707903
12 0.736 0.8865979381443299 0.012 0.027491408934707903
12 0.628 0.7766323024054983 0.02 0.020618556701030927
12 0.812 0.9553264604810996 0.028 0.03436426116838488
12 0.514 0.5498281786941581 0.04 0.04810996563573883
12 0.246 0.768041237113402 0.028 0.037800687285223365
12 0.23600000000000002 0.8178694158075601 0.036000000000000004 0.041237113402061855
12 0.664 0.6494845360824743 0.012 0.013745704467353952
12 0.678 0.6494845360824743 0.008 0.013745704467353952
12 0.6990000000000001 0.8144329896907216 0.01 0.013745704467353952
12 0.673 0.8264604810996563 0.01 0.010309278350515464
12 0.552 0.43470790378006874 0.008 0.01718213058419244
