12 0.635 0.03333333333333333 0.030000000000000002 0.04888888888888889
12 0.6416666666666667 0.1622222222222222 0.08333333333333334 0.16444444444444445
12 0.655 0.2733333333333333 0.023333333333333334 0.04888888888888889
12 0.5833333333333334 0.21333333333333332 0.02 0.035555555555555556
12 0.5866666666666667 0.31555555555555553 0.04 0.08888888888888889
12 0.5433333333333333 0.38222222222222224 0.02666666666666667 0.044444444444444446
12 0.6083333333333334 0.43555555555555553 0.05 0.09777777777777778
12 0.5733333333333334 0.5022222222222222 0.09333333333333334 0.11555555555555555
12 0.555 0.6022222222222222 0.03666666666666667 0.06666666666666667
12 0.55 0.7 0.060000000000000005 0.12
12 0.48833333333333334 0.7866666666666666 0.023333333333333334 0.044444444444444446
12 0.5700000000000001 0.8222222222222222 0.02 0.07111111111111111
12 0.48500000000000004 0.9533333333333334 0.05666666666666667 0.08444444444444445
12 0.28833333333333333 0.18444444444444444 0.023333333333333334 0.04888888888888889
12 0.31333333333333335 0.22444444444444445 0.02666666666666667 0.057777777777777775
12 0.26833333333333337 0.44 0.023333333333333334 0.044444444444444446
12 0.3166666666666667 0.4666666666666667 0.02 0.06222222222222222
12 0.24333333333333335 0.2733333333333333 0.02 0.07555555555555556
12 0.25833333333333336 0.16444444444444445 0.016666666666666666 0.14222222222222222
12 0.2783333333333334 0.6133333333333333 0.05666666666666667 0.10666666666666666
12 0.25 0.7244444444444444 0.02666666666666667 0.05333333333333333
12 0.23500000000000001 0.78 0.023333333333333334 0.04
12 0.2783333333333334 0.8088888888888889 0.023333333333333334 0.026666666666666665
12 0.2516666666666667 0.8288888888888889 0.023333333333333334 0.03111111111111111
12 0.23833333333333334 0.86 0.023333333333333334 0.03111111111111111
12 0.22833333333333336 0.9222222222222223 0.023333333333333334 0.08444444444444445
12 0.4216666666666667 0.1622222222222222 0.016666666666666666 0.057777777777777775
12 0.41500000000000004 0.25333333333333335 0.016666666666666666 0.035555555555555556
12 0.4066666666666667 0.44 0.02 0.08888888888888889
12 0.35500000000000004 0.28 0.023333333333333334 0.09777777777777778
12 0.35333333333333333 0.36444444444444446 0.02 0.07111111111111111
12 0.35833333333333334 0.4688888888888889 0.016666666666666666 0.12
12 0.34 0.9311111111111111 0.02 0.12
