12 0.3 0.218 0.032 0.044
12 0.222 0.234 0.02 0.012
12 0.23600000000000002 0.262 0.024 0.02
12 0.332 0.422 0.024 0.028
12 0.618 0.536 0.052000000000000005 0.04
12 0.582 0.5660000000000001 0.028 0.028
12 0.638 0.5720000000000001 0.028 0.032
12 0.49 0.59 0.076 0.068
12 0.376 0.594 0.07200000000000001 0.06
12 0.11800000000000001 0.664 0.044 0.08
12 0.17 0.658 0.02 0.052000000000000005
12 0.36 0.882 0.07200000000000001 0.06
12 0.426 0.924 0.02 0.024
12 0.41200000000000003 0.974 0.016 0.036000000000000004
12 0.382 0.966 0.02 0.044
12 0.656 0.882 0.024 0.02
12 0.644 0.894 0.024 0.02
12 0.712 0.91 0.024 0.068
12 0.8280000000000001 0.902 0.024 0.028
12 0.858 0.788 0.012 0.016
12 0.808 0.978 0.016 0.02
12 0.682 0.626 0.012 0.076
12 0.6960000000000001 0.666 0.008 0.044
12 0.6980000000000001 0.604 0.012 0.04
12 0.14400000000000002 0.722 0.016 0.028
12 0.9420000000000001 0.784 0.012 0.016
12 0.93 0.6960000000000001 0.02 0.016
12 0.912 0.72 0.016 0.016
12 0.886 0.784 0.012 0.032
12 0.132 0.92 0.024 0.024
