12 0.17134268537074146 0.3373333333333333 0.014028056112224447 0.018666666666666665
12 0.1032064128256513 0.41466666666666663 0.01002004008016032 0.013333333333333332
12 0.10821643286573146 0.42533333333333334 0.008016032064128256 0.013333333333333332
12 0.18837675350701402 0.43466666666666665 0.012024048096192383 0.010666666666666666
12 0.17735470941883766 0.4413333333333333 0.014028056112224447 0.018666666666666665
12 0.36472945891783565 0.23466666666666666 0.008016032064128256 0.010666666666666666
12 0.3627254509018036 0.24533333333333332 0.008016032064128256 0.010666666666666666
12 0.5270541082164328 0.19866666666666666 0.012024048096192383 0.013333333333333332
12 0.5250501002004008 0.22 0.012024048096192383 0.013333333333333332
12 0.5260521042084167 0.23333333333333334 0.01002004008016032 0.008
12 0.5741482965931863 0.24533333333333332 0.0060120240480961915 0.005333333333333333
12 0.5811623246492985 0.264 0.012024048096192383 0.016
12 0.5901803607214429 0.27599999999999997 0.0060120240480961915 0.008
12 0.5681362725450901 0.268 0.01002004008016032 0.013333333333333332
12 0.3537074148296593 0.35866666666666663 0.0060120240480961915 0.013333333333333332
12 0.4128256513026052 0.33866666666666667 0.008016032064128256 0.010666666666666666
12 0.49098196392785565 0.30133333333333334 0.004008016032064128 0.010666666666666666
12 0.4899799599198396 0.31866666666666665 0.0060120240480961915 0.008
12 0.7314629258517034 0.45866666666666667 0.008016032064128256 0.016
12 0.7755511022044087 0.756 0.008016032064128256 0.008
12 0.7865731462925851 0.7773333333333333 0.01002004008016032 0.013333333333333332
12 0.8236472945891783 0.944 0.012024048096192383 0.016
12 0.7975951903807614 0.9359999999999999 0.012024048096192383 0.010666666666666666
12 0.7745490981963927 0.9893333333333333 0.018036072144288574 0.016
12 0.7735470941883766 0.9653333333333333 0.008016032064128256 0.021333333333333333
12 0.7955911823647294 0.9573333333333333 0.012024048096192383 0.010666666666666666
12 0.6943887775551102 0.18133333333333332 0.01002004008016032 0.016
12 0.2474949899799599 0.4533333333333333 0.01002004008016032 0.021333333333333333
12 0.20541082164328656 0.4613333333333333 0.01002004008016032 0.016
12 0.3857715430861723 0.49866666666666665 0.01002004008016032 0.016
12 0.3897795591182364 0.5439999999999999 0.01002004008016032 0.010666666666666666
12 0.36472945891783565 0.5466666666666666 0.008016032064128256 0.026666666666666665
12 0.39378757515030055 0.632 0.018036072144288574 0.021333333333333333
12 0.4549098196392785 0.6413333333333333 0.012024048096192383 0.018666666666666665
12 0.4448897795591182 0.6586666666666666 0.012024048096192383 0.016
12 0.44689378757515025 0.6866666666666666 0.012024048096192383 0.024
12 0.46192384769539074 0.6786666666666666 0.018036072144288574 0.034666666666666665
12 0.4759519038076152 0.708 0.01002004008016032 0.018666666666666665
12 0.4599198396793587 0.7106666666666667 0.01002004008016032 0.024
12 0.47094188376753504 0.7413333333333333 0.012024048096192383 0.021333333333333333
12 0.48396793587174347 0.7426666666666667 0.014028056112224447 0.024
12 0.4779559118236473 0.7626666666666666 0.0060120240480961915 0.016
12 0.4889779559118236 0.7773333333333333 0.008016032064128256 0.018666666666666665
12 0.39979959919839675 0.764 0.014028056112224447 0.018666666666666665
12 0.374749498997996 0.7866666666666666 0.012024048096192383 0.021333333333333333
12 0.6743486973947895 0.5133333333333333 0.01002004008016032 0.018666666666666665
12 0.657314629258517 0.5933333333333333 0.008016032064128256 0.024
12 0.5390781563126252 0.5413333333333333 0.012024048096192383 0.016
