12 0.258 0.484 0.008 0.013333333333333332
12 0.424 0.3733333333333333 0.008 0.016
12 0.446 0.376 0.004 0.010666666666666666
12 0.893 0.372 0.006 0.013333333333333332
12 0.908 0.3773333333333333 0.008 0.013333333333333332
12 0.9410000000000001 0.4013333333333333 0.01 0.013333333333333332
12 0.916 0.42 0.008 0.018666666666666665
12 0.666 0.4533333333333333 0.008 0.010666666666666666
12 0.682 0.4693333333333333 0.008 0.010666666666666666
12 0.675 0.4453333333333333 0.006 0.010666666666666666
12 0.516 0.6013333333333333 0.012 0.018666666666666665
12 0.496 0.6386666666666666 0.012 0.018666666666666665
12 0.262 0.6133333333333333 0.024 0.026666666666666665
12 0.262 0.66 0.028 0.04533333333333333
12 0.192 0.868 0.016 0.034666666666666665
12 0.019 0.9119999999999999 0.018000000000000002 0.032
12 0.078 0.7933333333333333 0.008 0.024
12 0.5670000000000001 0.7306666666666667 0.01 0.021333333333333333
12 0.577 0.7133333333333333 0.006 0.013333333333333332
12 0.9510000000000001 0.6933333333333334 0.014 0.016
12 0.8140000000000001 0.7893333333333333 0.008 0.021333333333333333
12 0.6960000000000001 0.8106666666666666 0.016 0.032
