12 0.5625 0.3923841059602649 0.012755102040816325 0.03642384105960265
12 0.5663265306122448 0.5281456953642384 0.015306122448979591 0.04966887417218543
12 0.5357142857142857 0.5860927152317881 0.01020408163265306 0.019867549668874173
12 0.49234693877551017 0.4619205298013245 0.01020408163265306 0.03642384105960265
12 0.49107142857142855 0.3841059602649007 0.012755102040816325 0.059602649006622516
12 0.49107142857142855 0.2897350993377483 0.012755102040816325 0.056291390728476824
12 0.5522959183673469 0.06456953642384106 0.007653061224489796 0.029801324503311258
12 0.5931122448979591 0.7317880794701986 0.007653061224489796 0.013245033112582781
12 0.6670918367346939 0.5678807947019867 0.012755102040816325 0.009933774834437087
12 0.860969387755102 0.6688741721854304 0.012755102040816325 0.033112582781456956
12 0.8877551020408162 0.6605960264900662 0.01020408163265306 0.029801324503311258
12 0.35841836734693877 0.5645695364238411 0.017857142857142856 0.016556291390728478
12 0.260204081632653 0.4470198675496689 0.015306122448979591 0.013245033112582781
12 0.21683673469387754 0.47516556291390727 0.02040816326530612 0.009933774834437087
12 0.20663265306122447 0.5049668874172185 0.02551020408163265 0.009933774834437087
12 0.08290816326530612 0.5778145695364238 0.022959183673469385 0.009933774834437087
12 0.6938775510204082 0.061258278145695365 0.015306122448979591 0.04304635761589404
12 0.707908163265306 0.09437086092715231 0.012755102040816325 0.029801324503311258
12 0.6058673469387754 0.10430463576158941 0.012755102040816325 0.03642384105960265
12 0.9604591836734693 0.5496688741721855 0.012755102040816325 0.033112582781456956
12 0.7040816326530611 0.7466887417218543 0.04081632653061224 0.04966887417218543
12 0.6785714285714285 0.1804635761589404 0.015306122448979591 0.023178807947019868
12 0.42602040816326525 0.9056291390728477 0.015306122448979591 0.016556291390728478
12 0.4183673469387755 0.6440397350993378 0.04081632653061224 0.03642384105960265
12 0.360969387755102 0.7284768211920529 0.033163265306122444 0.019867549668874173
12 0.38137755102040816 0.039735099337748346 0.033163265306122444 0.019867549668874173
12 0.423469387755102 0.006622516556291391 0.02040816326530612 0.013245033112582781
