12 0.6950000000000001 0.097444089456869 0.014 0.02875399361022364
12 0.742 0.16773162939297123 0.024 0.022364217252396165
12 0.753 0.2779552715654952 0.038 0.05750798722044728
12 0.682 0.2955271565495208 0.024 0.06070287539936102
12 0.6900000000000001 0.2364217252396166 0.032 0.04472843450479233
12 0.667 0.17731629392971246 0.018000000000000002 0.022364217252396165
12 0.499 0.16773162939297123 0.054 0.04792332268370607
12 0.544 0.2204472843450479 0.02 0.06389776357827476
12 0.234 0.5718849840255591 0.052000000000000005 0.12140575079872204
12 0.295 0.5463258785942492 0.038 0.051118210862619806
12 0.399 0.8130990415335463 0.03 0.0926517571884984
12 0.549 0.5127795527156549 0.05 0.06070287539936102
12 0.654 0.45686900958466453 0.044 0.038338658146964855
12 0.655 0.731629392971246 0.026000000000000002 0.08945686900958466
12 0.595 0.829073482428115 0.022 0.03514376996805112
12 0.592 0.7140575079872205 0.016 0.04792332268370607
12 0.557 0.3210862619808307 0.026000000000000002 0.02875399361022364
12 0.5760000000000001 0.3801916932907348 0.012 0.04472843450479233
12 0.246 0.4440894568690096 0.028 0.05750798722044728
12 0.485 0.42971246006389774 0.03 0.054313099041533544
12 0.559 0.1853035143769968 0.014 0.025559105431309903
