12 0.5083333333333334 0.4488888888888889 0.01 0.017777777777777778
12 0.5266666666666667 0.46 0.02 0.022222222222222223
12 0.5466666666666667 0.47333333333333333 0.013333333333333334 0.03111111111111111
12 0.5483333333333333 0.5 0.01 0.013333333333333332
12 0.5566666666666668 0.5155555555555555 0.006666666666666667 0.017777777777777778
12 0.4716666666666667 0.6266666666666667 0.023333333333333334 0.017777777777777778
12 0.3466666666666667 0.5244444444444445 0.013333333333333334 0.017777777777777778
12 0.45 0.4666666666666667 0.013333333333333334 0.008888888888888889
12 0.4566666666666667 0.4822222222222222 0.02 0.013333333333333332
12 0.4766666666666667 0.4955555555555556 0.013333333333333334 0.013333333333333332
12 0.47000000000000003 0.5177777777777778 0.013333333333333334 0.013333333333333332
12 0.5033333333333334 0.4822222222222222 0.013333333333333334 0.022222222222222223
12 0.5900000000000001 0.5266666666666666 0.02 0.022222222222222223
12 0.6000000000000001 0.5044444444444445 0.013333333333333334 0.022222222222222223
12 0.15333333333333335 0.1 0.013333333333333334 0.013333333333333332
12 0.07666666666666667 0.044444444444444446 0.02 0.017777777777777778
12 0.10333333333333335 0.044444444444444446 0.013333333333333334 0.008888888888888889
12 0.12000000000000001 0.051111111111111114 0.013333333333333334 0.013333333333333332
12 0.125 0.06666666666666667 0.01 0.017777777777777778
12 0.135 0.08888888888888889 0.01 0.026666666666666665
12 0.11 0.08222222222222222 0.013333333333333334 0.022222222222222223
12 0.12333333333333334 0.1288888888888889 0.013333333333333334 0.026666666666666665
12 0.13333333333333333 0.15333333333333332 0.013333333333333334 0.03111111111111111
12 0.45833333333333337 0.5666666666666667 0.016666666666666666 0.022222222222222223
12 0.8133333333333334 0.7088888888888889 0.013333333333333334 0.013333333333333332
12 0.635 0.6088888888888889 0.01 0.017777777777777778
12 0.9033333333333334 0.8755555555555555 0.013333333333333334 0.017777777777777778
12 0.4083333333333334 0.8133333333333334 0.01 0.026666666666666665
12 0.39333333333333337 0.8066666666666666 0.013333333333333334 0.013333333333333332
12 0.2566666666666667 0.5577777777777778 0.013333333333333334 0.013333333333333332
12 0.5516666666666667 0.41555555555555557 0.01 0.022222222222222223
12 0.56 0.44222222222222224 0.013333333333333334 0.022222222222222223
12 0.5766666666666667 0.4711111111111111 0.02 0.026666666666666665
12 0.7566666666666667 0.7222222222222222 0.013333333333333334 0.013333333333333332
12 0.7916666666666667 0.7266666666666667 0.016666666666666666 0.013333333333333332
