12 0.745 0.041935483870967745 0.014 0.03225806451612903
12 0.68 0.22903225806451613 0.028 0.03225806451612903
12 0.599 0.22419354838709676 0.046 0.06774193548387097
12 0.338 0.16774193548387098 0.024 0.04516129032258064
12 0.465 0.22096774193548388 0.078 0.054838709677419356
12 0.429 0.15483870967741936 0.07 0.05806451612903226
12 0.5750000000000001 0.020967741935483872 0.034 0.041935483870967745
12 0.35100000000000003 0.25483870967741934 0.114 0.07096774193548387
12 0.362 0.3258064516129032 0.1 0.04516129032258064
12 0.26 0.3096774193548387 0.088 0.05161290322580645
12 0.202 0.3548387096774194 0.088 0.03870967741935484
12 0.13 0.3870967741935484 0.068 0.04516129032258064
12 0.068 0.43548387096774194 0.06 0.05161290322580645
12 0.167 0.4596774193548387 0.058 0.035483870967741936
12 0.254 0.4693548387096774 0.068 0.041935483870967745
12 0.20400000000000001 0.49838709677419357 0.024 0.02258064516129032
12 0.123 0.5903225806451613 0.042 0.05161290322580645
12 0.053 0.5387096774193548 0.062 0.04516129032258064
12 0.202 0.5774193548387097 0.056 0.03225806451612903
12 0.48 0.30483870967741933 0.044 0.02903225806451613
12 0.488 0.2725806451612903 0.036000000000000004 0.035483870967741936
12 0.36 0.4403225806451613 0.108 0.06129032258064516
12 0.321 0.5048387096774194 0.11 0.02903225806451613
12 0.429 0.5161290322580645 0.03 0.03225806451612903
12 0.507 0.5467741935483871 0.038 0.041935483870967745
12 0.521 0.49032258064516127 0.018000000000000002 0.025806451612903226
12 0.543 0.4774193548387097 0.018000000000000002 0.025806451612903226
12 0.5720000000000001 0.4661290322580645 0.016 0.02903225806451613
12 0.638 0.30806451612903224 0.092 0.08709677419354839
12 0.775 0.4 0.022 0.05161290322580645
12 0.793 0.3580645161290323 0.014 0.025806451612903226
12 0.797 0.45806451612903226 0.022 0.03225806451612903
12 0.8230000000000001 0.49838709677419357 0.018000000000000002 0.02258064516129032
12 0.9460000000000001 0.5209677419354839 0.008 0.02903225806451613
12 0.525 0.1870967741935484 0.014 0.01935483870967742
12 0.894 0.20806451612903226 0.032 0.1064516129032258
12 0.854 0.29838709677419356 0.028 0.07419354838709677
