12 0.609 0.06304985337243402 0.03 0.03812316715542522
12 0.584 0.1217008797653959 0.02 0.020527859237536656
12 0.618 0.3020527859237537 0.048 0.08797653958944282
12 0.424 0.27419354838709675 0.048 0.03812316715542522
12 0.491 0.5439882697947214 0.034 0.06158357771260997
12 0.553 0.5601173020527859 0.034 0.05278592375366569
12 0.5 0.6436950146627566 0.036000000000000004 0.04398826979472141
12 0.49 0.6011730205278593 0.02 0.02932551319648094
12 0.381 0.5997067448680352 0.026000000000000002 0.04398826979472141
12 0.379 0.45894428152492667 0.026000000000000002 0.03812316715542522
12 0.34 0.7991202346041055 0.04 0.03225806451612903
12 0.431 0.9002932551319648 0.042 0.04105571847507331
12 0.399 0.8460410557184751 0.034 0.026392961876832845
12 0.333 0.8607038123167156 0.022 0.03812316715542522
12 0.327 0.8782991202346041 0.034 0.06744868035190615
12 0.259 0.9354838709677419 0.042 0.04105571847507331
12 0.244 0.9838709677419355 0.024 0.026392961876832845
12 0.211 0.9310850439882697 0.022 0.03225806451612903
12 0.223 0.9134897360703812 0.026000000000000002 0.03225806451612903
12 0.191 0.873900293255132 0.026000000000000002 0.04105571847507331
12 0.178 0.8914956011730205 0.032 0.05278592375366569
12 0.137 0.9237536656891495 0.046 0.08211143695014662
12 0.246 0.7346041055718475 0.04 0.03225806451612903
12 0.464 0.9428152492668622 0.024 0.026392961876832845
12 0.501 0.9809384164222874 0.026000000000000002 0.03225806451612903
12 0.14300000000000002 0.5909090909090909 0.022 0.026392961876832845
12 0.09 0.5557184750733137 0.04 0.01466275659824047
12 0.091 0.5835777126099707 0.058 0.02346041055718475
12 0.212 0.2697947214076246 0.028 0.03519061583577712
12 0.352 0.19501466275659823 0.052000000000000005 0.026392961876832845
12 0.41000000000000003 0.21114369501466276 0.052000000000000005 0.02346041055718475
12 0.462 0.21700879765395895 0.036000000000000004 0.02346041055718475
12 0.299 0.39882697947214074 0.05 0.011730205278592375
12 0.308 0.41935483870967744 0.036000000000000004 0.01759530791788856
12 0.28700000000000003 0.4398826979472141 0.038 0.02346041055718475
12 0.355 0.5190615835777126 0.05 0.02932551319648094
12 0.41500000000000004 0.49853372434017595 0.022 0.02932551319648094
12 0.41200000000000003 0.5234604105571847 0.016 0.020527859237536656
12 0.315 0.3621700879765396 0.026000000000000002 0.03225806451612903
12 0.338 0.36070381231671556 0.016 0.02932551319648094
12 0.381 0.4208211143695015 0.014 0.03225806451612903
12 0.452 0.5762463343108505 0.016 0.04985337243401759
12 0.546 0.7067448680351907 0.02 0.04105571847507331
12 0.505 0.7404692082111437 0.018000000000000002 0.026392961876832845
12 0.498 0.4002932551319648 0.056 0.03225806451612903
12 0.562 0.4002932551319648 0.036000000000000004 0.03812316715542522
12 0.637 0.5557184750733137 0.042 0.06158357771260997
12 0.6960000000000001 0.6378299120234604 0.02 0.04985337243401759
12 0.683 0.5689149560117303 0.022 0.04105571847507331
12 0.725 0.6759530791788856 0.026000000000000002 0.06744868035190615
12 0.727 0.5395894428152492 0.05 0.0469208211143695
12 0.66 0.4912023460410557 0.036000000000000004 0.03225806451612903
12 0.597 0.42668621700879766 0.026000000000000002 0.026392961876832845
12 0.639 0.6202346041055719 0.026000000000000002 0.03225806451612903
12 0.721 0.7434017595307918 0.026000000000000002 0.03812316715542522
12 0.675 0.6891495601173021 0.026000000000000002 0.05865102639296188
12 0.759 0.7360703812316716 0.022 0.0469208211143695
12 0.595 0.20674486803519063 0.026000000000000002 0.04985337243401759
12 0.615 0.17302052785923755 0.03 0.02932551319648094
12 0.713 0.22434017595307917 0.014 0.04398826979472141
12 0.459 0.6994134897360704 0.022 0.03812316715542522
12 0.794 0.7536656891495601 0.012 0.02932551319648094
12 0.811 0.7609970674486803 0.01 0.03225806451612903
12 0.714 0.7888563049853372 0.012 0.02932551319648094
12 0.6940000000000001 0.3680351906158358 0.016 0.020527859237536656
12 0.706 0.28005865102639294 0.032 0.026392961876832845
12 0.858 0.4501466275659824 0.016 0.03225806451612903
12 0.899 0.7375366568914956 0.022 0.04398826979472141
