12 0.25666666666666665 0.019784172661870505 0.024444444444444446 0.03956834532374101
12 0.20777777777777778 0.1169064748201439 0.028888888888888888 0.03956834532374101
12 0.19666666666666666 0.35431654676258995 0.028888888888888888 0.03956834532374101
12 0.23444444444444446 0.36870503597122306 0.011111111111111112 0.017985611510791366
12 0.38555555555555554 0.0683453237410072 0.02 0.04316546762589928
12 0.4077777777777778 0.4136690647482015 0.02 0.04316546762589928
12 0.45666666666666667 0.019784172661870505 0.011111111111111112 0.017985611510791366
12 0.5622222222222222 0.0737410071942446 0.013333333333333332 0.017985611510791366
12 0.21666666666666667 0.17805755395683454 0.011111111111111112 0.025179856115107917
12 0.0022222222222222222 0.3129496402877698 0.0044444444444444444 0.02158273381294964
12 0.03888888888888889 0.3489208633093525 0.015555555555555555 0.02158273381294964
12 0.003333333333333333 0.3902877697841727 0.006666666666666666 0.025179856115107917
12 0.024444444444444446 0.539568345323741 0.008888888888888889 0.02877697841726619
12 0.03777777777777778 0.7374100719424461 0.013333333333333332 0.02158273381294964
12 0.07111111111111111 0.7859712230215827 0.008888888888888889 0.025179856115107917
12 0.03333333333333333 0.658273381294964 0.008888888888888889 0.02877697841726619
12 0.2 0.48741007194244607 0.008888888888888889 0.025179856115107917
12 0.27555555555555555 0.21043165467625902 0.008888888888888889 0.01079136690647482
12 0.23555555555555555 0.11330935251798561 0.013333333333333332 0.03237410071942446
12 0.3655555555555556 0.2248201438848921 0.006666666666666666 0.017985611510791366
12 0.4111111111111111 0.8075539568345325 0.017777777777777778 0.053956834532374105
12 0.41333333333333333 0.8687050359712231 0.013333333333333332 0.03237410071942446
12 0.42333333333333334 0.8956834532374102 0.011111111111111112 0.03597122302158273
12 0.53 0.24100719424460432 0.011111111111111112 0.02877697841726619
12 0.5688888888888889 0.33273381294964033 0.013333333333333332 0.025179856115107917
12 0.5388888888888889 0.4406474820143885 0.011111111111111112 0.025179856115107917
12 0.5444444444444444 0.32014388489208634 0.008888888888888889 0.014388489208633094
12 0.5866666666666667 0.25 0.008888888888888889 0.025179856115107917
12 0.6033333333333334 0.2517985611510791 0.015555555555555555 0.03597122302158273
12 0.6022222222222222 0.21043165467625902 0.008888888888888889 0.03237410071942446
12 0.64 0.2733812949640288 0.008888888888888889 0.02877697841726619
12 0.65 0.26798561151079137 0.011111111111111112 0.025179856115107917
12 0.6844444444444444 0.05575539568345324 0.013333333333333332 0.025179856115107917
12 0.6577777777777778 0.12050359712230216 0.008888888888888889 0.017985611510791366
12 0.6922222222222222 0.12410071942446044 0.015555555555555555 0.025179856115107917
12 0.7355555555555555 0.10431654676258993 0.008888888888888889 0.02158273381294964
12 0.7444444444444445 0.13489208633093525 0.0044444444444444444 0.017985611510791366
12 0.8377777777777777 0.20683453237410074 0.008888888888888889 0.017985611510791366
12 0.7866666666666666 0.329136690647482 0.04 0.06115107913669065
12 0.8 0.4010791366906475 0.013333333333333332 0.03237410071942446
12 0.8422222222222222 0.5449640287769785 0.04 0.11151079136690648
12 0.8666666666666667 0.5791366906474821 0.017777777777777778 0.03597122302158273
12 0.7488888888888889 0.6384892086330936 0.022222222222222223 0.053956834532374105
12 0.6588888888888889 0.7014388489208634 0.024444444444444446 0.04316546762589928
