0 0.7066666666666667 0.3983333333333334 0.02 0.023333333333333334
0 0.7283333333333334 0.4316666666666667 0.030000000000000002 0.023333333333333334
0 0.7583333333333334 0.4633333333333334 0.016666666666666666 0.02666666666666667
0 0.8200000000000001 0.5466666666666667 0.02 0.02
0 0.91 0.6616666666666667 0.02666666666666667 0.023333333333333334
0 0.9533333333333334 0.7066666666666667 0.02 0.02
0 0.895 0.19333333333333336 0.016666666666666666 0.02
0 0.9233333333333333 0.21666666666666667 0.02 0.02
0 0.9483333333333334 0.24333333333333335 0.016666666666666666 0.02666666666666667
0 0.9733333333333334 0.27 0.02 0.02666666666666667
0 0.9233333333333333 0.3016666666666667 0.013333333333333334 0.016666666666666666
0 0.9400000000000001 0.33 0.013333333333333334 0.02
0 0.9633333333333334 0.36000000000000004 0.013333333333333334 0.02666666666666667
0 0.8166666666666668 0.13833333333333334 0.013333333333333334 0.01
