12 0.157 0.7203898050974512 0.018000000000000002 0.019490254872563718
12 0.18 0.6386806596701649 0.024 0.0239880059970015
12 0.181 0.5839580209895052 0.022 0.034482758620689655
12 0.23 0.5922038980509745 0.024 0.029985007496251874
12 0.41600000000000004 0.30959520239880056 0.02 0.013493253373313342
12 0.154 0.1184407796101949 0.024 0.020989505247376312
12 0.114 0.3043478260869565 0.024 0.0239880059970015
12 0.217 0.52023988005997 0.022 0.035982008995502246
12 0.18 0.5082458770614693 0.032 0.038980509745127435
12 0.20600000000000002 0.4587706146926537 0.02 0.038980509745127435
12 0.20700000000000002 0.41154422788605693 0.026000000000000002 0.043478260869565216
12 0.145 0.41079460269865065 0.042 0.020989505247376312
12 0.108 0.4340329835082459 0.016 0.031484257871064465
12 0.138 0.4835082458770614 0.036000000000000004 0.019490254872563718
12 0.129 0.5374812593703149 0.022 0.037481259370314844
12 0.154 0.5449775112443778 0.024 0.010494752623688156
12 0.136 0.5697151424287856 0.016 0.0239880059970015
12 0.226 0.676911544227886 0.016 0.013493253373313342
12 0.241 0.7616191904047975 0.014 0.008995502248875561
12 0.12 0.3500749625187406 0.032 0.034482758620689655
12 0.126 0.2098950524737631 0.02 0.014992503748125937
12 0.397 0.41904047976011993 0.018000000000000002 0.010494752623688156
12 0.393 0.48875562218890556 0.014 0.017991004497751123
12 0.838 0.5022488755622189 0.036000000000000004 0.035982008995502246
12 0.856 0.5427286356821589 0.024 0.029985007496251874
12 0.889 0.5659670164917541 0.034 0.031484257871064465
12 0.907 0.6056971514242878 0.022 0.029985007496251874
12 0.928 0.6319340329835083 0.02 0.019490254872563718
12 0.9460000000000001 0.6859070464767616 0.02 0.037481259370314844
12 0.9590000000000001 0.7263868065967016 0.018000000000000002 0.037481259370314844
12 0.9580000000000001 0.7593703148425787 0.044 0.025487256371814093
12 0.861 0.7503748125937031 0.026000000000000002 0.025487256371814093
12 0.918 0.8238380809595202 0.02 0.025487256371814093
12 0.895 0.8425787106446776 0.018000000000000002 0.029985007496251874
12 0.18 0.8425787106446776 0.012 0.017991004497751123
12 0.14300000000000002 0.7916041979010494 0.014 0.01199400299850075
12 0.15 0.7556221889055472 0.016 0.01199400299850075
12 0.34400000000000003 0.1934032983508246 0.012 0.01199400299850075
12 0.365 0.2901049475262369 0.018000000000000002 0.01649175412293853
12 0.9560000000000001 0.25037481259370314 0.016 0.017991004497751123
12 0.726 0.41754122938530736 0.016 0.019490254872563718
12 0.267 0.3238380809595202 0.022 0.017991004497751123
