12 0.44610778443113774 0.4661016949152542 0.125748502994012 0.1440677966101695
12 0.4446107784431138 0.3538135593220339 0.03293413173652695 0.046610169491525424
12 0.17814371257485032 0.163135593220339 0.008982035928143714 0.0211864406779661
12 0.19011976047904192 0.1652542372881356 0.008982035928143714 0.01694915254237288
12 0.2035928143712575 0.16101694915254236 0.005988023952095809 0.01694915254237288
12 0.3547904191616767 0.03177966101694915 0.038922155688622756 0.0211864406779661
12 0.7260479041916168 0.15254237288135594 0.014970059880239521 0.01694915254237288
12 0.7290419161676647 0.17796610169491525 0.008982035928143714 0.025423728813559324
12 0.7410179640718564 0.17584745762711865 0.008982035928143714 0.0211864406779661
12 0.6541916167664671 0.4364406779661017 0.03293413173652695 0.01694915254237288
12 0.6422155688622755 0.4088983050847458 0.014970059880239521 0.029661016949152543
12 0.6631736526946108 0.4004237288135593 0.008982035928143714 0.012711864406779662
12 0.6092814371257486 0.4427966101694915 0.008982035928143714 0.0211864406779661
12 0.6616766467065869 0.2733050847457627 0.011976047904191617 0.0211864406779661
12 0.7724550898203594 0.5127118644067796 0.04191616766467066 0.059322033898305086
12 0.9116766467065869 0.5741525423728814 0.014970059880239521 0.029661016949152543
12 0.62874251497006 0.6122881355932204 0.017964071856287428 0.0211864406779661
12 0.5823353293413174 0.7944915254237288 0.014970059880239521 0.0211864406779661
12 0.7080838323353293 0.8177966101694916 0.008982035928143714 0.03389830508474576
