12 0.303 0.36133333333333334 0.022 0.013333333333333332
12 0.354 0.504 0.028 0.032
12 0.47500000000000003 0.3173333333333333 0.014 0.026666666666666665
12 0.487 0.344 0.014 0.021333333333333333
12 0.429 0.30933333333333335 0.014 0.021333333333333333
12 0.41100000000000003 0.292 0.018000000000000002 0.024
12 0.417 0.32666666666666666 0.014 0.024
12 0.382 0.3373333333333333 0.02 0.029333333333333333
12 0.336 0.36933333333333335 0.024 0.024
12 0.281 0.3813333333333333 0.022 0.026666666666666665
12 0.327 0.424 0.026000000000000002 0.021333333333333333
12 0.343 0.39999999999999997 0.014 0.016
12 0.28800000000000003 0.45999999999999996 0.024 0.024
12 0.322 0.48666666666666664 0.02 0.024
12 0.328 0.46399999999999997 0.02 0.016
12 0.369 0.4493333333333333 0.018000000000000002 0.024
12 0.386 0.46399999999999997 0.016 0.016
12 0.41400000000000003 0.38666666666666666 0.02 0.016
12 0.436 0.40399999999999997 0.02 0.018666666666666665
12 0.426 0.43466666666666665 0.012 0.021333333333333333
12 0.405 0.4933333333333333 0.026000000000000002 0.021333333333333333
12 0.41400000000000003 0.5306666666666666 0.02 0.042666666666666665
12 0.34900000000000003 0.6 0.01 0.026666666666666665
12 0.386 0.636 0.008 0.024
12 0.359 0.7053333333333333 0.014 0.024
12 0.362 0.6719999999999999 0.012 0.026666666666666665
12 0.331 0.5413333333333333 0.006 0.021333333333333333
12 0.339 0.6013333333333333 0.014 0.034666666666666665
12 0.244 0.5066666666666666 0.016 0.021333333333333333
12 0.839 0.156 0.014 0.024
12 0.848 0.08133333333333333 0.012 0.018666666666666665
12 0.9510000000000001 0.006666666666666666 0.01 0.013333333333333332
12 0.812 0.36266666666666664 0.008 0.021333333333333333
12 0.863 0.40399999999999997 0.01 0.018666666666666665
12 0.674 0.636 0.012 0.018666666666666665
12 0.747 0.5066666666666666 0.014 0.016
12 0.766 0.5093333333333333 0.012 0.026666666666666665
12 0.777 0.5013333333333333 0.01 0.021333333333333333
12 0.923 0.476 0.014 0.013333333333333332
12 0.9 0.48533333333333334 0.012 0.010666666666666666
12 0.902 0.5746666666666667 0.04 0.034666666666666665
12 0.966 0.644 0.02 0.018666666666666665
12 0.9550000000000001 0.6653333333333333 0.01 0.024
12 0.812 0.6759999999999999 0.016 0.029333333333333333
12 0.728 0.888 0.028 0.03733333333333333
12 0.732 0.732 0.012 0.024
