12 0.633 0.3948948948948949 0.17 0.2072072072072072
12 0.499 0.6846846846846847 0.08600000000000001 0.0960960960960961
12 0.85 0.6021021021021021 0.136 0.09309309309309309
12 0.23600000000000002 0.6156156156156156 0.084 0.05405405405405406
12 0.356 0.35735735735735735 0.08 0.07807807807807808
12 0.434 0.22522522522522523 0.088 0.07807807807807808
12 0.05 0.509009009009009 0.04 0.06906906906906907
12 0.05 0.4039039039039039 0.056 0.06306306306306306
12 0.326 0.6396396396396397 0.056 0.07207207207207207
12 0.406 0.6231231231231231 0.08 0.0990990990990991
12 0.777 0.4744744744744745 0.106 0.1021021021021021
12 0.767 0.35135135135135137 0.074 0.06606606606606606
12 0.8170000000000001 0.32432432432432434 0.03 0.036036036036036036
12 0.672 0.21921921921921922 0.096 0.08408408408408408
12 0.645 0.7882882882882882 0.038 0.057057057057057055
