0 0.4916666666666667 0.07500000000000001 0.030000000000000002 0.14333333333333334
0 0.49833333333333335 0.20833333333333334 0.030000000000000002 0.06333333333333334
0 0.5033333333333334 0.3383333333333334 0.02666666666666667 0.05
0 0.5133333333333334 0.4766666666666667 0.04 0.2
0 0.52 0.6866666666666668 0.05333333333333334 0.12666666666666668
0 0.5233333333333333 0.6000000000000001 0.03333333333333333 0.04
0 0.5233333333333333 0.8766666666666667 0.04666666666666667 0.24000000000000002
0 0.30833333333333335 0.08333333333333334 0.043333333333333335 0.16666666666666669
0 0.325 0.26833333333333337 0.030000000000000002 0.19666666666666668
0 0.32 0.375 0.04 0.043333333333333335
0 0.33333333333333337 0.42833333333333334 0.02666666666666667 0.05666666666666667
0 0.33666666666666667 0.5466666666666667 0.02 0.17333333333333334
0 0.35000000000000003 0.7483333333333334 0.03333333333333333 0.19666666666666668
0 0.3816666666666667 0.925 0.023333333333333334 0.14333333333333334
0 0.23333333333333334 0.09000000000000001 0.02 0.18000000000000002
0 0.24166666666666667 0.21500000000000002 0.016666666666666666 0.043333333333333335
0 0.2566666666666667 0.32 0.013333333333333334 0.13333333333333333
0 0.2733333333333334 0.4766666666666667 0.02 0.10666666666666667
0 0.29000000000000004 0.61 0.02 0.12666666666666668
0 0.31 0.7266666666666667 0.02 0.10666666666666667
0 0.32833333333333337 0.925 0.016666666666666666 0.14333333333333334
