12 0.429 0.6068249258160238 0.046 0.050445103857566766
12 0.47900000000000004 0.7136498516320475 0.038 0.050445103857566766
12 0.5690000000000001 0.5192878338278932 0.01 0.02373887240356083
12 0.554 0.5370919881305638 0.016 0.011869436201780416
12 0.554 0.46439169139465875 0.012 0.02077151335311573
12 0.536 0.4910979228486647 0.016 0.02077151335311573
12 0.428 0.5326409495548962 0.016 0.026706231454005934
12 0.971 0.658753709198813 0.018000000000000002 0.011869436201780416
12 0.992 0.7106824925816024 0.012 0.02077151335311573
12 0.155 0.8620178041543027 0.006 0.01483679525222552
12 0.166 0.9080118694362018 0.008 0.011869436201780416
