12 0.633 0.3216374269005848 0.074 0.05847953216374269
12 0.686 0.3640350877192982 0.06 0.049707602339181284
12 0.425 0.3845029239766082 0.054 0.049707602339181284
12 0.47600000000000003 0.381578947368421 0.044 0.049707602339181284
12 0.531 0.3786549707602339 0.062 0.05555555555555555
12 0.59 0.42397660818713445 0.036000000000000004 0.04093567251461988
12 0.649 0.42836257309941517 0.066 0.06140350877192982
12 0.725 0.5058479532163742 0.066 0.07017543859649122
12 0.598 0.48684210526315785 0.044 0.05555555555555555
12 0.534 0.445906432748538 0.048 0.043859649122807015
12 0.46900000000000003 0.43421052631578944 0.058 0.03216374269005848
12 0.28 0.2909356725146199 0.068 0.038011695906432746
12 0.296 0.3611111111111111 0.056 0.02631578947368421
12 0.34700000000000003 0.4049707602339181 0.066 0.05555555555555555
12 0.281 0.3991228070175438 0.058 0.03216374269005848
12 0.164 0.38011695906432746 0.056 0.03508771929824561
12 0.163 0.26169590643274854 0.054 0.038011695906432746
12 0.233 0.22076023391812866 0.05 0.02631578947368421
12 0.297 0.20906432748538012 0.062 0.038011695906432746
12 0.506 0.25 0.052000000000000005 0.043859649122807015
12 0.252 0.6637426900584795 0.028 0.04093567251461988
12 0.049 0.37280701754385964 0.054 0.043859649122807015
12 0.02 0.26900584795321636 0.024 0.023391812865497075
12 0.14 0.20906432748538012 0.016 0.02631578947368421
12 0.155 0.21052631578947367 0.01 0.017543859649122806
