13 0.553 0.7304347826086957 0.01 0.057971014492753624
13 0.5710000000000001 0.7376811594202899 0.01 0.11304347826086956
13 0.426 0.6536231884057971 0.008 0.05507246376811594
13 0.417 0.7202898550724638 0.014 0.05507246376811594
13 0.439 0.3884057971014493 0.022 0.02318840579710145
13 0.441 0.36231884057971014 0.018000000000000002 0.028985507246376812
13 0.445 0.3333333333333333 0.014 0.02318840579710145
13 0.448 0.30579710144927535 0.012 0.020289855072463767
13 0.452 0.2811594202898551 0.012 0.02318840579710145
13 0.457 0.2565217391304348 0.014 0.020289855072463767
13 0.459 0.23043478260869565 0.01 0.020289855072463767
13 0.467 0.17246376811594202 0.014 0.09565217391304348
13 0.266 0.08985507246376812 0.008 0.028985507246376812
13 0.273 0.06086956521739131 0.006 0.017391304347826087
13 0.264 0.1463768115942029 0.02 0.06666666666666667
13 0.242 0.3927536231884058 0.02 0.04927536231884058
13 0.23500000000000001 0.45217391304347826 0.026000000000000002 0.06376811594202898
13 0.224 0.5753623188405798 0.008 0.03768115942028986
