14 0.25813953488372093 0.1445993031358885 0.05116279069767442 0.024390243902439025
14 0.2186046511627907 0.11672473867595819 0.027906976744186046 0.0313588850174216
14 0.1883720930232558 0.08710801393728224 0.03255813953488372 0.020905923344947737
14 0.16046511627906976 0.06445993031358885 0.03255813953488372 0.017421602787456445
14 0.13023255813953488 0.04006968641114982 0.037209302325581395 0.017421602787456445
14 0.3 0.17421602787456447 0.04186046511627907 0.03484320557491289
14 0.3395348837209302 0.2038327526132404 0.037209302325581395 0.03832752613240418
14 0.37906976744186044 0.22822299651567945 0.04186046511627907 0.03832752613240418
14 0.3 0.764808362369338 0.03255813953488372 0.017421602787456445
14 0.3302325581395349 0.7491289198606271 0.027906976744186046 0.013937282229965157
14 0.3581395348837209 0.7282229965156795 0.037209302325581395 0.020905923344947737
14 0.3883720930232558 0.7125435540069687 0.023255813953488372 0.017421602787456445
14 0.40232558139534885 0.6951219512195121 0.023255813953488372 0.017421602787456445
14 0.4255813953488372 0.6846689895470384 0.023255813953488372 0.017421602787456445
14 0.26744186046511625 0.7787456445993032 0.023255813953488372 0.017421602787456445
14 0.41627906976744183 0.3501742160278746 0.03255813953488372 0.024390243902439025
14 0.4418604651162791 0.3710801393728223 0.027906976744186046 0.024390243902439025
14 0.46744186046511627 0.39547038327526135 0.03255813953488372 0.024390243902439025
14 0.48604651162790696 0.4181184668989547 0.03255813953488372 0.020905923344947737
14 0.5116279069767442 0.4355400696864111 0.018604651162790697 0.020905923344947737
14 0.42093023255813955 0.2421602787456446 0.023255813953488372 0.024390243902439025
14 0.45348837209302323 0.2613240418118467 0.03255813953488372 0.020905923344947737
14 0.4906976744186046 0.28222996515679444 0.023255813953488372 0.013937282229965157
14 0.4372093023255814 0.2804878048780488 0.018604651162790697 0.024390243902439025
14 0.41860465116279066 0.26306620209059234 0.018604651162790697 0.017421602787456445
14 0.386046511627907 0.3205574912891986 0.027906976744186046 0.020905923344947737
14 0.36046511627906974 0.2961672473867596 0.013953488372093023 0.020905923344947737
14 0.3325581395348837 0.27177700348432055 0.023255813953488372 0.020905923344947737
