14 0.17990654205607476 0.5492957746478874 0.03271028037383177 0.02112676056338028
14 0.21261682242990654 0.5757042253521127 0.03271028037383177 0.017605633802816902
14 0.5116822429906541 0.3626760563380282 0.03271028037383177 0.028169014084507043
14 0.5373831775700935 0.39260563380281693 0.037383177570093455 0.03169014084507042
14 0.5607476635514018 0.42077464788732394 0.02803738317757009 0.03169014084507042
14 0.5747663551401869 0.45598591549295775 0.018691588785046728 0.03169014084507042
14 0.5700934579439252 0.5 0.02803738317757009 0.04225352112676056
14 0.47663551401869153 0.4859154929577465 0.018691588785046728 0.02112676056338028
14 0.49999999999999994 0.5070422535211268 0.018691588785046728 0.02112676056338028
14 0.5163551401869159 0.5264084507042254 0.014018691588785045 0.017605633802816902
14 0.5420560747663551 0.5440140845070423 0.018691588785046728 0.017605633802816902
14 0.5630841121495327 0.5616197183098591 0.014018691588785045 0.017605633802816902
14 0.5771028037383177 0.5845070422535211 0.014018691588785045 0.02112676056338028
14 0.5934579439252337 0.6073943661971831 0.009345794392523364 0.017605633802816902
14 0.6285046728971962 0.823943661971831 0.014018691588785045 0.02112676056338028
14 0.647196261682243 0.8485915492957746 0.014018691588785045 0.02112676056338028
14 0.661214953271028 0.8785211267605634 0.014018691588785045 0.03169014084507042
14 0.6705607476635513 0.9154929577464789 0.014018691588785045 0.035211267605633804
14 0.6799065420560747 0.9559859154929577 0.014018691588785045 0.045774647887323945
