14 0.3935185185185185 0.3125 0.027777777777777776 0.020833333333333332
14 0.42592592592592593 0.3350694444444444 0.018518518518518517 0.024305555555555552
14 0.45138888888888884 0.3611111111111111 0.023148148148148147 0.027777777777777776
14 0.48148148148148145 0.3819444444444444 0.027777777777777776 0.027777777777777776
14 0.5023148148148148 0.4131944444444444 0.023148148148148147 0.027777777777777776
14 0.5138888888888888 0.4878472222222222 0.018518518518518517 0.08680555555555555
14 0.41666666666666663 0.4704861111111111 0.027777777777777776 0.017361111111111112
14 0.4444444444444444 0.4895833333333333 0.027777777777777776 0.020833333333333332
14 0.4699074074074074 0.5138888888888888 0.023148148148148147 0.027777777777777776
14 0.49537037037037035 0.5347222222222222 0.027777777777777776 0.020833333333333332
14 0.5208333333333333 0.5607638888888888 0.023148148148148147 0.024305555555555552
14 0.5439814814814814 0.5885416666666666 0.013888888888888888 0.024305555555555552
14 0.6203703703703703 0.8506944444444444 0.018518518518518517 0.041666666666666664
14 0.6412037037037037 0.9357638888888888 0.023148148148148147 0.12152777777777778
14 0.13425925925925924 0.5364583333333333 0.027777777777777776 0.017361111111111112
14 0.16898148148148148 0.5607638888888888 0.032407407407407406 0.024305555555555552
