14 0.3595238095238096 0.31607142857142856 0.02380952380952381 0.017857142857142856
14 0.38571428571428573 0.33214285714285713 0.01904761904761905 0.014285714285714285
14 0.4142857142857143 0.35892857142857143 0.028571428571428574 0.03214285714285714
14 0.45000000000000007 0.3892857142857143 0.03333333333333334 0.04285714285714286
14 0.480952380952381 0.41785714285714287 0.01904761904761905 0.03571428571428571
14 0.49523809523809526 0.4946428571428571 0.01904761904761905 0.08928571428571429
14 0.4 0.475 0.028571428571428574 0.014285714285714285
14 0.42380952380952386 0.49107142857142855 0.01904761904761905 0.017857142857142856
14 0.4404761904761905 0.5089285714285714 0.014285714285714287 0.017857142857142856
14 0.46190476190476193 0.5232142857142857 0.009523809523809525 0.017857142857142856
14 0.48809523809523814 0.5428571428571428 0.02380952380952381 0.02142857142857143
14 0.511904761904762 0.5714285714285714 0.02380952380952381 0.03571428571428571
14 0.6023809523809525 0.8428571428571429 0.02380952380952381 0.03571428571428571
14 0.6238095238095238 0.9089285714285714 0.028571428571428574 0.08928571428571429
14 0.10952380952380954 0.5285714285714286 0.01904761904761905 0.014285714285714285
14 0.13571428571428573 0.5482142857142857 0.02380952380952381 0.017857142857142856
14 0.1619047619047619 0.5660714285714286 0.01904761904761905 0.024999999999999998
