14 0.1872146118721461 0.1523972602739726 0.0182648401826484 0.04452054794520548
14 0.20776255707762556 0.2191780821917808 0.0319634703196347 0.0821917808219178
14 0.2191780821917808 0.2842465753424657 0.0365296803652968 0.0547945205479452
14 0.24429223744292236 0.3270547945205479 0.0319634703196347 0.05821917808219178
14 0.2648401826484018 0.3818493150684931 0.0365296803652968 0.06506849315068493
14 0.3013698630136986 0.4434931506849315 0.0273972602739726 0.07191780821917808
14 0.2990867579908676 0.5787671232876712 0.0502283105022831 0.3082191780821918
14 0.3424657534246575 0.4982876712328767 0.0273972602739726 0.03767123287671233
14 0.3698630136986301 0.5428082191780822 0.0273972602739726 0.03767123287671233
14 0.16666666666666666 0.738013698630137 0.0684931506849315 0.023972602739726026
14 0.02054794520547945 0.9383561643835616 0.0410958904109589 0.02054794520547945
14 0.07077625570776255 0.9315068493150684 0.0502283105022831 0.02054794520547945
14 0.13013698630136986 0.9212328767123287 0.0593607305936073 0.02054794520547945
