14 0.3263888888888889 0.6505190311418685 0.05092592592592592 0.2975778546712803
14 0.046296296296296294 0.9463667820069205 0.08333333333333333 0.01730103806228374
14 0.13425925925925924 0.9307958477508651 0.08333333333333333 0.020761245674740483
14 0.1875 0.7508650519031143 0.06944444444444445 0.02768166089965398
14 0.22916666666666666 0.18858131487889274 0.023148148148148147 0.03806228373702422
14 0.25 0.24913494809688583 0.037037037037037035 0.06920415224913495
14 0.2638888888888889 0.32006920415224915 0.037037037037037035 0.058823529411764705
14 0.28703703703703703 0.3719723183391004 0.046296296296296294 0.06574394463667821
14 0.3125 0.43944636678200694 0.041666666666666664 0.07612456747404844
14 0.34953703703703703 0.4844290657439447 0.023148148148148147 0.03460207612456748
14 0.3726851851851852 0.527681660899654 0.023148148148148147 0.04498269896193772
14 0.40509259259259256 0.5778546712802768 0.032407407407407406 0.05536332179930796
14 0.45370370370370366 0.5086505190311419 0.018518518518518517 0.020761245674740483
