14 0.33409090909090905 0.6547619047619048 0.04090909090909091 0.3639455782312925
14 0.25 0.17517006802721088 0.01818181818181818 0.030612244897959183
14 0.27045454545454545 0.2568027210884354 0.031818181818181815 0.12585034013605442
14 0.2954545454545454 0.35034013605442177 0.03636363636363636 0.07482993197278912
14 0.3159090909090909 0.3979591836734694 0.04090909090909091 0.061224489795918366
14 0.3386363636363636 0.4489795918367347 0.04090909090909091 0.04081632653061224
14 0.3727272727272727 0.5102040816326531 0.02727272727272727 0.061224489795918366
14 0.40454545454545454 0.5833333333333333 0.045454545454545456 0.09863945578231292
14 0.44090909090909086 0.6275510204081632 0.02727272727272727 0.07142857142857142
14 0.04318181818181818 0.9574829931972789 0.08636363636363636 0.023809523809523808
14 0.1318181818181818 0.9387755102040816 0.08181818181818182 0.02040816326530612
