14 0.2857142857142857 0.17993079584775087 0.018433179723502304 0.04844290657439446
14 0.3064516129032258 0.2681660899653979 0.03225806451612903 0.10726643598615918
14 0.3294930875576037 0.35813148788927335 0.041474654377880185 0.0726643598615917
14 0.35253456221198154 0.43079584775086505 0.041474654377880185 0.06574394463667821
14 0.3824884792626728 0.5 0.03686635944700461 0.058823529411764705
14 0.41013824884792627 0.5432525951557093 0.018433179723502304 0.04152249134948097
14 0.4377880184331797 0.6003460207612457 0.03686635944700461 0.0726643598615917
14 0.3433179723502304 0.643598615916955 0.041474654377880185 0.35294117647058826
14 0.04838709677419355 0.9567474048442907 0.0967741935483871 0.03114186851211073
14 0.1336405529953917 0.9359861591695502 0.06451612903225806 0.02422145328719723
14 0.45852534562211983 0.5207612456747405 0.02304147465437788 0.03114186851211073
