14 0.3430493273542601 0.23986486486486489 0.03139013452914798 0.08108108108108109
14 0.3542600896860986 0.32263513513513514 0.04484304932735426 0.08445945945945946
14 0.36995515695067266 0.5861486486486487 0.04035874439461883 0.43581081081081086
14 0.4013452914798206 0.45101351351351354 0.02242152466367713 0.11148648648648649
14 0.4282511210762332 0.5101351351351352 0.02242152466367713 0.0472972972972973
14 0.4506726457399103 0.5591216216216216 0.02242152466367713 0.05067567567567568
14 0.47533632286995514 0.6131756756756757 0.026905829596412557 0.05067567567567568
14 0.042600896860986545 0.954391891891892 0.08520179372197309 0.02364864864864865
14 0.14349775784753363 0.9408783783783784 0.08071748878923767 0.016891891891891893
14 0.47757847533632286 0.5084459459459459 0.02242152466367713 0.030405405405405407
