14 0.4594594594594595 0.1373873873873874 0.013513513513513514 0.04054054054054054
14 0.4831081081081081 0.1891891891891892 0.02027027027027027 0.05405405405405406
14 0.5050675675675675 0.23873873873873874 0.016891891891891893 0.04504504504504504
14 0.5219594594594595 0.2972972972972973 0.016891891891891893 0.05405405405405406
14 0.5472972972972974 0.4369369369369369 0.033783783783783786 0.1891891891891892
14 0.4577702702702703 0.42342342342342343 0.02364864864864865 0.04504504504504504
14 0.49155405405405406 0.48648648648648646 0.02364864864864865 0.036036036036036036
14 0.5152027027027027 0.5225225225225225 0.02364864864864865 0.036036036036036036
14 0.5405405405405406 0.5675675675675675 0.02702702702702703 0.036036036036036036
14 0.5641891891891893 0.6058558558558559 0.013513513513513514 0.03153153153153153
14 0.5793918918918919 0.6351351351351351 0.010135135135135136 0.02702702702702703
14 0.5945945945945946 0.6734234234234234 0.02027027027027027 0.04054054054054054
14 0.26351351351351354 0.954954954954955 0.05405405405405406 0.036036036036036036
