14 0.46271186440677964 0.16968325791855204 0.01694915254237288 0.022624434389140274
14 0.4813559322033898 0.20135746606334842 0.013559322033898305 0.004524886877828055
14 0.49322033898305084 0.22171945701357468 0.010169491525423728 0.00904977375565611
14 0.5050847457627119 0.24434389140271495 0.013559322033898305 0.00904977375565611
14 0.5084745762711864 0.26696832579185525 0.006779661016949152 0.00904977375565611
14 0.5169491525423728 0.28506787330316746 0.010169491525423728 0.00904977375565611
14 0.5254237288135593 0.3076923076923077 0.006779661016949152 0.00904977375565611
14 0.5338983050847458 0.330316742081448 0.003389830508474576 0.00904977375565611
14 0.5457627118644067 0.3981900452488688 0.006779661016949152 0.00904977375565611
14 0.5491525423728814 0.44117647058823534 0.013559322033898305 0.04072398190045249
14 0.5474576271186441 0.49321266968325794 0.010169491525423728 0.027149321266968326
14 0.5474576271186441 0.5407239819004526 0.010169491525423728 0.04072398190045249
14 0.5067796610169492 0.5180995475113123 0.010169491525423728 0.013574660633484163
14 0.5186440677966102 0.5339366515837105 0.006779661016949152 0.00904977375565611
14 0.5271186440677966 0.5542986425339367 0.010169491525423728 0.013574660633484163
14 0.5406779661016949 0.572398190045249 0.010169491525423728 0.013574660633484163
14 0.5525423728813559 0.5859728506787331 0.006779661016949152 0.004524886877828055
14 0.5627118644067797 0.6063348416289593 0.013559322033898305 0.00904977375565611
14 0.5661016949152542 0.6244343891402715 0.006779661016949152 0.00904977375565611
14 0.5813559322033898 0.6515837104072398 0.010169491525423728 0.027149321266968326
14 0.5966101694915255 0.6855203619909502 0.013559322033898305 0.022624434389140274
14 0.6101694915254237 0.7036199095022625 0.006779661016949152 0.013574660633484163
14 0.26101694915254237 0.9773755656108598 0.020338983050847456 0.01809954751131222
