14 0.43128654970760233 0.134765625 0.02631578947368421 0.02734375
14 0.4502923976608187 0.169921875 0.017543859649122806 0.02734375
14 0.47368421052631576 0.19921875 0.017543859649122806 0.0234375
14 0.5146198830409356 0.265625 0.011695906432748537 0.0234375
14 0.5292397660818713 0.3046875 0.005847953216374269 0.0234375
14 0.5467836257309941 0.341796875 0.011695906432748537 0.02734375
14 0.5599415204678362 0.388671875 0.014619883040935672 0.03515625
14 0.97953216374269 0.078125 0.029239766081871343 0.1484375
14 0.9108187134502923 0.033203125 0.014619883040935672 0.03515625
14 0.9035087719298245 0.080078125 0.017543859649122806 0.03515625
14 0.902046783625731 0.125 0.02046783625730994 0.03125
14 0.8932748538011696 0.1796875 0.02046783625730994 0.046875
14 0.8888888888888888 0.251953125 0.017543859649122806 0.07421875
14 0.038011695906432746 0.896484375 0.023391812865497075 0.01953125
14 0.07017543859649122 0.9140625 0.023391812865497075 0.015625
14 0.09941520467836257 0.9296875 0.023391812865497075 0.015625
14 0.13304093567251463 0.947265625 0.02046783625730994 0.01953125
14 0.16228070175438597 0.96484375 0.02046783625730994 0.015625
14 0.1564327485380117 0.865234375 0.008771929824561403 0.01171875
