14 0.44694533762057875 0.49137931034482757 0.012861736334405145 0.017241379310344827
14 0.4662379421221865 0.521551724137931 0.012861736334405145 0.017241379310344827
14 0.4871382636655949 0.5387931034482758 0.00964630225080386 0.008620689655172414
14 0.5016077170418006 0.5603448275862069 0.012861736334405145 0.008620689655172414
14 0.5498392282958199 0.5366379310344828 0.012861736334405145 0.01293103448275862
14 0.5192926045016077 0.5258620689655172 0.00964630225080386 0.008620689655172414
14 0.6157556270096463 0.5862068965517241 0.00964630225080386 0.008620689655172414
14 0.6302250803858521 0.6099137931034483 0.006430868167202572 0.01293103448275862
14 0.6479099678456591 0.6293103448275862 0.00964630225080386 0.008620689655172414
14 0.6655948553054662 0.646551724137931 0.012861736334405145 0.017241379310344827
14 0.5273311897106109 0.8706896551724138 0.01929260450160772 0.017241379310344827
14 0.5610932475884244 0.8879310344827586 0.022508038585209004 0.008620689655172414
14 0.590032154340836 0.8987068965517241 0.01607717041800643 0.01293103448275862
14 0.6205787781350482 0.9181034482758621 0.012861736334405145 0.008620689655172414
14 0.6495176848874598 0.9288793103448276 0.012861736334405145 0.01293103448275862
14 0.6752411575562701 0.9461206896551724 0.012861736334405145 0.01293103448275862
14 0.7041800643086816 0.9698275862068966 0.012861736334405145 0.017241379310344827
