14 0.4570957095709571 0.420704845814978 0.0165016501650165 0.030837004405286347
14 0.37293729372937295 0.3590308370044053 0.026402640264026403 0.013215859030837006
14 0.39603960396039606 0.37885462555066085 0.019801980198019802 0.01762114537444934
14 0.4207920792079208 0.39647577092511016 0.023102310231023104 0.01762114537444934
14 0.4405940594059406 0.4140969162995595 0.0165016501650165 0.01762114537444934
14 0.3316831683168317 0.328193832599119 0.0165016501650165 0.013215859030837006
14 0.34653465346534656 0.3436123348017621 0.013201320132013201 0.01762114537444934
14 0.4867986798679868 0.460352422907489 0.009900990099009901 0.013215859030837006
14 0.504950495049505 0.48017621145374456 0.013201320132013201 0.00881057268722467
14 0.5165016501650165 0.5044052863436124 0.009900990099009901 0.013215859030837006
14 0.5297029702970297 0.5286343612334802 0.009900990099009901 0.00881057268722467
14 0.5264026402640264 0.4647577092511014 0.0165016501650165 0.013215859030837006
14 0.5429042904290429 0.4779735682819384 0.009900990099009901 0.013215859030837006
14 0.5610561056105611 0.4955947136563877 0.013201320132013201 0.013215859030837006
14 0.5808580858085809 0.5132158590308371 0.013201320132013201 0.013215859030837006
14 0.6006600660066007 0.5308370044052864 0.013201320132013201 0.022026431718061675
14 0.6204620462046204 0.5506607929515419 0.013201320132013201 0.01762114537444934
14 0.6386138613861386 0.5660792951541851 0.0165016501650165 0.013215859030837006
14 0.5693069306930694 0.5506607929515419 0.0297029702970297 0.026431718061674013
14 0.6072607260726073 0.5903083700440529 0.026402640264026403 0.026431718061674013
14 0.636963696369637 0.6299559471365639 0.026402640264026403 0.026431718061674013
14 0.6551155115511551 0.5969162995594715 0.023102310231023104 0.022026431718061675
14 0.6782178217821783 0.6233480176211454 0.009900990099009901 0.022026431718061675
14 0.698019801980198 0.7797356828193833 0.0165016501650165 0.13215859030837004
14 0.4966996699669967 0.8039647577092511 0.023102310231023104 0.013215859030837006
14 0.5247524752475248 0.8171806167400881 0.019801980198019802 0.013215859030837006
14 0.5544554455445545 0.8348017621145375 0.026402640264026403 0.022026431718061675
14 0.5825082508250825 0.854625550660793 0.023102310231023104 0.01762114537444934
14 0.6138613861386139 0.8722466960352424 0.026402640264026403 0.026431718061674013
14 0.641914191419142 0.8876651982378856 0.023102310231023104 0.030837004405286347
14 0.6732673267326733 0.907488986784141 0.026402640264026403 0.026431718061674013
14 0.6996699669966997 0.933920704845815 0.019801980198019802 0.026431718061674013
14 0.7178217821782178 0.9515418502202644 0.0165016501650165 0.026431718061674013
14 0.334983498349835 0.8832599118942732 0.0165016501650165 0.013215859030837006
