14 0.44884488448844884 0.3259911894273128 0.013201320132013201 0.01762114537444934
14 0.4702970297029703 0.3458149779735683 0.009900990099009901 0.013215859030837006
14 0.4884488448844885 0.37224669603524235 0.013201320132013201 0.022026431718061675
14 0.5066006600660066 0.39867841409691634 0.009900990099009901 0.013215859030837006
14 0.5231023102310232 0.4273127753303965 0.009900990099009901 0.00881057268722467
14 0.5396039603960396 0.44493392070484583 0.0033003300330033004 0.00881057268722467
14 0.5346534653465347 0.40308370044052866 0.013201320132013201 0.013215859030837006
14 0.5544554455445545 0.41850220264317184 0.013201320132013201 0.00881057268722467
14 0.5742574257425742 0.43171806167400884 0.006600660066006601 0.00881057268722467
14 0.5907590759075908 0.4493392070484582 0.013201320132013201 0.01762114537444934
14 0.6089108910891089 0.4713656387665199 0.0165016501650165 0.01762114537444934
14 0.6320132013201321 0.49339207048458156 0.0165016501650165 0.01762114537444934
14 0.6551155115511551 0.5220264317180617 0.0165016501650165 0.022026431718061675
14 0.6765676567656765 0.5572687224669604 0.013201320132013201 0.022026431718061675
14 0.5759075907590759 0.48678414096916306 0.036303630363036306 0.030837004405286347
14 0.6171617161716172 0.5308370044052864 0.039603960396039604 0.039647577092511016
14 0.6600660066006601 0.5792951541850221 0.033003300330033 0.039647577092511016
14 0.6947194719471947 0.7312775330396476 0.0165016501650165 0.1497797356828194
14 0.5346534653465347 0.7841409691629957 0.019801980198019802 0.01762114537444934
14 0.566006600660066 0.8039647577092511 0.023102310231023104 0.022026431718061675
14 0.5957095709570958 0.8259911894273129 0.023102310231023104 0.022026431718061675
14 0.6270627062706271 0.8436123348017622 0.019801980198019802 0.022026431718061675
14 0.6567656765676567 0.8634361233480177 0.019801980198019802 0.01762114537444934
14 0.6831683168316832 0.8854625550660794 0.019801980198019802 0.026431718061674013
14 0.7112211221122112 0.9096916299559472 0.0165016501650165 0.030837004405286347
14 0.31353135313531355 0.8458149779735684 0.013201320132013201 0.01762114537444934
14 0.3333333333333333 0.8656387665198239 0.019801980198019802 0.013215859030837006
14 0.3564356435643564 0.8832599118942732 0.006600660066006601 0.013215859030837006
14 0.3910891089108911 0.9118942731277534 0.0165016501650165 0.01762114537444934
