14 0.48625429553264604 0.1552511415525114 0.01718213058419244 0.0182648401826484
14 0.5051546391752577 0.182648401826484 0.013745704467353952 0.0182648401826484
14 0.520618556701031 0.21232876712328766 0.010309278350515464 0.0228310502283105
14 0.5412371134020618 0.23972602739726026 0.01718213058419244 0.0136986301369863
14 0.5567010309278351 0.2625570776255708 0.013745704467353952 0.0228310502283105
14 0.5687285223367697 0.2899543378995434 0.01718213058419244 0.0228310502283105
14 0.5876288659793815 0.32191780821917804 0.013745704467353952 0.0228310502283105
14 0.6065292096219931 0.35844748858447484 0.01718213058419244 0.0319634703196347
14 0.6237113402061856 0.3904109589041096 0.010309278350515464 0.0136986301369863
14 0.6374570446735395 0.4155251141552511 0.010309278350515464 0.0273972602739726
14 0.654639175257732 0.4520547945205479 0.010309278350515464 0.0365296803652968
14 0.6718213058419243 0.4908675799086758 0.010309278350515464 0.0319634703196347
14 0.6563573883161512 0.0821917808219178 0.013745704467353952 0.1552511415525114
14 0.6580756013745704 0.2808219178082192 0.01718213058419244 0.2146118721461187
14 0.6872852233676976 0.5296803652968036 0.013745704467353952 0.0273972602739726
14 0.6993127147766323 0.5662100456621004 0.01718213058419244 0.0273972602739726
14 0.7130584192439863 0.6050228310502282 0.01718213058419244 0.0228310502283105
14 0.3024054982817869 0.5707762557077625 0.013745704467353952 0.0091324200913242
14 0.3178694158075601 0.591324200913242 0.010309278350515464 0.0136986301369863
14 0.3316151202749141 0.6118721461187214 0.01718213058419244 0.0182648401826484
14 0.3556701030927835 0.639269406392694 0.01718213058419244 0.0182648401826484
14 0.2542955326460481 0.5114155251141552 0.013745704467353952 0.0091324200913242
