14 0.86875 0.06458333333333333 0.03125 0.12916666666666665
14 0.8812500000000001 0.17291666666666666 0.037500000000000006 0.07083333333333333
14 0.8890625000000001 0.24583333333333332 0.028125 0.058333333333333334
14 0.9015625 0.3125 0.021875000000000002 0.06666666666666667
14 0.9125000000000001 0.375 0.0125 0.05
14 0.9203125000000001 0.42083333333333334 0.009375000000000001 0.025
14 0.9281250000000001 0.12083333333333333 0.00625 0.025
14 0.9375 0.16666666666666666 0.0125 0.05
14 0.9500000000000001 0.23124999999999998 0.0125 0.05416666666666667
14 0.9609375 0.29791666666666666 0.009375000000000001 0.05416666666666667
14 0.9703125 0.3645833333333333 0.015625 0.04583333333333333
14 0.9765625 0.4375 0.021875000000000002 0.1
14 0.9875 0.5270833333333333 0.018750000000000003 0.07916666666666666
14 0.5421875 0.5875 0.015625 0.025
14 0.55625 0.6166666666666667 0.018750000000000003 0.025
14 0.5734375 0.6520833333333333 0.015625 0.029166666666666667
14 0.5921875 0.6833333333333333 0.015625 0.025
14 0.6125 0.7208333333333333 0.018750000000000003 0.03333333333333333
14 0.6296875000000001 0.7541666666666667 0.015625 0.03333333333333333
14 0.65625 0.7916666666666666 0.025 0.041666666666666664
14 0.68125 0.8375 0.018750000000000003 0.041666666666666664
14 0.703125 0.8770833333333333 0.03125 0.04583333333333333
14 0.728125 0.9249999999999999 0.025 0.058333333333333334
14 0.753125 0.9708333333333333 0.018750000000000003 0.03333333333333333
14 0.8546875 0.6770833333333334 0.015625 0.05416666666666667
14 0.8500000000000001 0.7375 0.018750000000000003 0.06666666666666667
14 0.84375 0.8125 0.018750000000000003 0.06666666666666667
14 0.8359375 0.90625 0.028125 0.1125
