14 0.8296875 0.09414225941422594 0.034375 0.1799163179916318
14 0.8421875000000001 0.2322175732217573 0.028125 0.0794979079497908
14 0.8562500000000001 0.30962343096234307 0.025 0.05857740585774058
14 0.8640625000000001 0.3702928870292887 0.021875000000000002 0.05439330543933054
14 0.8765625 0.4267782426778242 0.015625 0.050209205020920494
14 0.8859375 0.4811715481171548 0.015625 0.03347280334728033
14 0.8109375000000001 0.7217573221757322 0.009375000000000001 0.14644351464435146
14 0.8015625000000001 0.8870292887029287 0.021875000000000002 0.1924686192468619
14 0.4921875 0.5690376569037656 0.015625 0.03347280334728033
14 0.5125000000000001 0.608786610878661 0.018750000000000003 0.02928870292887029
14 0.5359375000000001 0.6548117154811715 0.021875000000000002 0.046025104602510455
14 0.5625 0.700836820083682 0.025 0.03765690376569037
14 0.5906250000000001 0.7426778242677824 0.025 0.02928870292887029
14 0.6140625000000001 0.7782426778242677 0.021875000000000002 0.03347280334728033
14 0.6390625000000001 0.813807531380753 0.021875000000000002 0.03765690376569037
14 0.6640625 0.8640167364016735 0.028125 0.046025104602510455
14 0.6937500000000001 0.9142259414225941 0.025 0.03765690376569037
14 0.7203125 0.9644351464435146 0.028125 0.05439330543933054
