14 0.5157728706624606 0.611344537815126 0.015772870662460567 0.029411764705882353
14 0.5315457413249212 0.6470588235294117 0.022082018927444793 0.025210084033613446
14 0.5473186119873816 0.6722689075630252 0.022082018927444793 0.025210084033613446
14 0.5678233438485805 0.7079831932773109 0.01892744479495268 0.029411764705882353
14 0.5899053627760252 0.7394957983193277 0.01892744479495268 0.025210084033613446
14 0.6088328075709779 0.76890756302521 0.01892744479495268 0.025210084033613446
14 0.6309148264984227 0.8025210084033613 0.01892744479495268 0.03361344537815126
14 0.6498422712933754 0.8361344537815125 0.01892744479495268 0.03361344537815126
14 0.6750788643533123 0.8739495798319328 0.01892744479495268 0.04201680672268907
14 0.694006309148265 0.9159663865546218 0.01892744479495268 0.03361344537815126
14 0.7050473186119873 0.9516806722689075 0.00946372239747634 0.029411764705882353
14 0.7160883280757098 0.926470588235294 0.012618296529968454 0.021008403361344536
14 0.7176656151419558 0.9810924369747899 0.00946372239747634 0.012605042016806723
14 0.7287066246056783 0.9516806722689075 0.012618296529968454 0.021008403361344536
14 0.8217665615141956 0.6974789915966386 0.015772870662460567 0.09243697478991596
14 0.8091482649842271 0.8781512605042017 0.028391167192429023 0.2184873949579832
14 0.8375394321766562 0.08823529411764705 0.03470031545741325 0.1764705882352941
14 0.8533123028391167 0.2310924369747899 0.03470031545741325 0.08403361344537814
14 0.8643533123028391 0.3088235294117647 0.025236593059936908 0.04621848739495798
14 0.8753943217665615 0.3592436974789916 0.00946372239747634 0.037815126050420166
14 0.8832807570977917 0.4222689075630252 0.006309148264984227 0.037815126050420166
14 0.8927444794952681 0.46428571428571425 0.006309148264984227 0.021008403361344536
14 0.8990536277602523 0.5084033613445378 0.012618296529968454 0.03361344537815126
14 0.9100946372239748 0.5651260504201681 0.00946372239747634 0.04621848739495798
14 0.919558359621451 0.6302521008403361 0.00946372239747634 0.05042016806722689
14 0.8280757097791798 0.3361344537815126 0.015772870662460567 0.08403361344537814
14 0.8406940063091483 0.4369747899159664 0.015772870662460567 0.08403361344537814
14 0.8517350157728706 0.5378151260504201 0.012618296529968454 0.10084033613445378
