14 0.4859375 0.5729166666666666 0.015625 0.029166666666666667
14 0.5046875000000001 0.6125 0.015625 0.025
14 0.525 0.6479166666666667 0.018750000000000003 0.029166666666666667
14 0.5453125 0.68125 0.015625 0.0375
14 0.5703125 0.7229166666666667 0.021875000000000002 0.029166666666666667
14 0.59375 0.7604166666666666 0.018750000000000003 0.029166666666666667
14 0.6156250000000001 0.79375 0.018750000000000003 0.029166666666666667
14 0.6375000000000001 0.8229166666666666 0.018750000000000003 0.0375
14 0.6578125 0.8583333333333333 0.021875000000000002 0.03333333333333333
14 0.68125 0.8979166666666667 0.025 0.0375
14 0.6875 0.9333333333333333 0.0125 0.025
14 0.7000000000000001 0.9583333333333334 0.0125 0.025
14 0.70625 0.9291666666666667 0.0125 0.016666666666666666
14 0.721875 0.9458333333333333 0.0125 0.016666666666666666
14 0.734375 0.96875 0.0125 0.020833333333333332
14 0.7125 0.9833333333333333 0.00625 0.016666666666666666
14 0.80625 0.6958333333333333 0.0125 0.13333333333333333
14 0.7953125000000001 0.8416666666666667 0.021875000000000002 0.14166666666666666
14 0.8203125 0.07083333333333333 0.034375 0.14166666666666666
14 0.8328125000000001 0.1875 0.028125 0.075
14 0.8421875000000001 0.2583333333333333 0.028125 0.058333333333333334
14 0.8546875 0.32708333333333334 0.021875000000000002 0.0625
14 0.8640625000000001 0.3854166666666667 0.015625 0.04583333333333333
14 0.8171875000000001 0.33958333333333335 0.015625 0.1125
14 0.828125 0.43124999999999997 0.0125 0.05416666666666667
14 0.8359375 0.5 0.009375000000000001 0.058333333333333334
