14 0.84375 0.4539473684210526 0.01644736842105263 0.18859649122807015
14 0.8618421052631579 0.6162280701754386 0.019736842105263157 0.10964912280701754
14 0.8766447368421052 0.7324561403508771 0.01644736842105263 0.10526315789473684
14 0.3782894736842105 0.4364035087719298 0.013157894736842105 0.021929824561403508
14 0.40296052631578944 0.4649122807017544 0.01644736842105263 0.017543859649122806
14 0.42434210526315785 0.5021929824561403 0.013157894736842105 0.021929824561403508
14 0.444078947368421 0.5241228070175439 0.013157894736842105 0.021929824561403508
14 0.4638157894736842 0.5504385964912281 0.013157894736842105 0.021929824561403508
14 0.4851973684210526 0.5789473684210527 0.01644736842105263 0.017543859649122806
14 0.5115131578947368 0.6030701754385964 0.01644736842105263 0.021929824561403508
14 0.5328947368421052 0.6228070175438596 0.019736842105263157 0.017543859649122806
14 0.5592105263157895 0.6491228070175439 0.019736842105263157 0.017543859649122806
14 0.5855263157894737 0.6600877192982456 0.013157894736842105 0.021929824561403508
14 0.6085526315789473 0.6798245614035088 0.019736842105263157 0.017543859649122806
14 0.638157894736842 0.6951754385964912 0.02631578947368421 0.021929824561403508
14 0.6726973684210525 0.7302631578947368 0.01644736842105263 0.03070175438596491
14 0.6973684210526315 0.7587719298245613 0.019736842105263157 0.03508771929824561
14 0.7203947368421052 0.7982456140350876 0.019736842105263157 0.043859649122807015
14 0.7434210526315789 0.8333333333333333 0.02631578947368421 0.03508771929824561
14 0.7713815789473684 0.875 0.023026315789473683 0.039473684210526314
14 0.7927631578947368 0.9210526315789473 0.019736842105263157 0.03508771929824561
14 0.8075657894736842 0.962719298245614 0.023026315789473683 0.04824561403508772
14 0.13486842105263158 0.8092105263157894 0.013157894736842105 0.11842105263157894
14 0.31414473684210525 0.4539473684210526 0.009868421052631578 0.05701754385964912
14 0.256578947368421 0.6710526315789473 0.013157894736842105 0.017543859649122806
14 0.2730263157894737 0.6469298245614035 0.013157894736842105 0.013157894736842105
14 0.28618421052631576 0.6271929824561403 0.006578947368421052 0.008771929824561403
