14 0.9661290322580646 0.07543103448275862 0.016129032258064516 0.125
14 0.817741935483871 0.3900862068965517 0.016129032258064516 0.11637931034482758
14 0.8290322580645161 0.5431034482758621 0.012903225806451613 0.15517241379310345
14 0.85 0.7004310344827586 0.016129032258064516 0.125
14 0.8580645161290322 0.8275862068965517 0.012903225806451613 0.11206896551724138
14 0.5064516129032258 0.5387931034482758 0.01935483870967742 0.02586206896551724
14 0.5306451612903226 0.5646551724137931 0.016129032258064516 0.02586206896551724
14 0.5596774193548387 0.5969827586206896 0.02258064516129032 0.021551724137931036
14 0.5903225806451613 0.6142241379310345 0.01935483870967742 0.021551724137931036
14 0.6193548387096774 0.6400862068965517 0.025806451612903226 0.021551724137931036
14 0.646774193548387 0.6551724137931034 0.02258064516129032 0.02586206896551724
14 0.6693548387096774 0.6853448275862069 0.016129032258064516 0.02586206896551724
14 0.6919354838709677 0.7241379310344828 0.02258064516129032 0.034482758620689655
14 0.714516129032258 0.7650862068965517 0.016129032258064516 0.03879310344827586
14 0.7338709677419355 0.8103448275862069 0.02258064516129032 0.034482758620689655
14 0.7564516129032258 0.8491379310344828 0.016129032258064516 0.034482758620689655
14 0.7790322580645161 0.8922413793103449 0.016129032258064516 0.034482758620689655
14 0.7903225806451613 0.9461206896551724 0.01935483870967742 0.04741379310344827
14 0.6225806451612903 0.6724137931034483 0.01935483870967742 0.02586206896551724
14 0.6516129032258065 0.7047413793103449 0.01935483870967742 0.030172413793103446
14 0.6709677419354839 0.7435344827586207 0.012903225806451613 0.030172413793103446
14 0.6870967741935484 0.7737068965517241 0.012903225806451613 0.021551724137931036
14 0.7048387096774194 0.8038793103448276 0.0032258064516129032 0.004310344827586207
14 0.7322580645161291 0.8448275862068966 0.012903225806451613 0.017241379310344827
14 0.7532258064516129 0.8814655172413793 0.016129032258064516 0.021551724137931036
14 0.14193548387096774 0.7780172413793104 0.012903225806451613 0.09051724137931035
14 0.3161290322580645 0.4525862068965517 0.012903225806451613 0.06896551724137931
14 0.2564516129032258 0.665948275862069 0.00967741935483871 0.01293103448275862
14 0.267741935483871 0.646551724137931 0.012903225806451613 0.017241379310344827
14 0.28225806451612906 0.9202586206896551 0.016129032258064516 0.01293103448275862
14 0.31451612903225806 0.9331896551724138 0.035483870967741936 0.01293103448275862
14 0.3596774193548387 0.9525862068965517 0.035483870967741936 0.017241379310344827
