14 0.9336569579288027 0.07112068965517242 0.016181229773462785 0.08189655172413793
14 0.7799352750809062 0.41810344827586204 0.012944983818770227 0.09482758620689655
14 0.796116504854369 0.5474137931034483 0.012944983818770227 0.15517241379310345
14 0.8155339805825244 0.6939655172413793 0.012944983818770227 0.12931034482758622
14 0.8284789644012945 0.8448275862068966 0.012944983818770227 0.16379310344827586
14 0.4741100323624596 0.5086206896551724 0.016181229773462785 0.02586206896551724
14 0.49514563106796117 0.5366379310344828 0.01941747572815534 0.021551724137931036
14 0.522653721682848 0.5646551724137931 0.022653721682847898 0.02586206896551724
14 0.5501618122977346 0.5926724137931034 0.025889967637540454 0.021551724137931036
14 0.5792880258899676 0.6077586206896551 0.01941747572815534 0.017241379310344827
14 0.6051779935275081 0.6293103448275862 0.025889967637540454 0.02586206896551724
14 0.6310679611650486 0.6616379310344828 0.01941747572815534 0.030172413793103446
14 0.6553398058252428 0.7004310344827586 0.022653721682847898 0.030172413793103446
14 0.6779935275080906 0.7370689655172413 0.022653721682847898 0.02586206896551724
14 0.7022653721682848 0.7758620689655172 0.01941747572815534 0.034482758620689655
14 0.7233009708737864 0.814655172413793 0.016181229773462785 0.04310344827586207
14 0.7427184466019418 0.8512931034482758 0.016181229773462785 0.03879310344827586
14 0.7572815533980582 0.8943965517241379 0.012944983818770227 0.030172413793103446
14 0.7702265372168285 0.9331896551724138 0.012944983818770227 0.030172413793103446
14 0.1423948220064725 0.7866379310344828 0.012944983818770227 0.09051724137931035
14 0.25728155339805825 0.665948275862069 0.00970873786407767 0.01293103448275862
14 0.2702265372168285 0.6422413793103449 0.016181229773462785 0.017241379310344827
14 0.2864077669902913 0.6163793103448276 0.00970873786407767 0.017241379310344827
14 0.3187702265372168 0.4547413793103448 0.00970873786407767 0.08189655172413793
14 0.3300970873786408 0.9073275862068966 0.01941747572815534 0.021551724137931036
14 0.35760517799352753 0.9224137931034483 0.016181229773462785 0.02586206896551724
14 0.38511326860841427 0.9331896551724138 0.025889967637540454 0.021551724137931036
14 0.42071197411003236 0.9482758620689655 0.025889967637540454 0.017241379310344827
