14 0.822742474916388 0.5155555555555555 0.020066889632107024 0.16
14 0.8344481605351171 0.6377777777777778 0.016722408026755852 0.057777777777777775
14 0.8494983277591973 0.7311111111111112 0.013377926421404682 0.12
14 0.8545150501672241 0.8555555555555555 0.016722408026755852 0.1288888888888889
14 0.5016722408026756 0.6022222222222222 0.013377926421404682 0.022222222222222223
14 0.5267558528428093 0.6288888888888889 0.016722408026755852 0.022222222222222223
14 0.5518394648829431 0.6511111111111111 0.013377926421404682 0.03111111111111111
14 0.5735785953177257 0.6644444444444444 0.023411371237458192 0.022222222222222223
14 0.6020066889632107 0.68 0.020066889632107024 0.017777777777777778
14 0.6304347826086957 0.6933333333333334 0.030100334448160536 0.026666666666666665
14 0.6722408026755853 0.7422222222222222 0.013377926421404682 0.017777777777777778
14 0.697324414715719 0.7711111111111111 0.016722408026755852 0.022222222222222223
14 0.7224080267558528 0.7977777777777778 0.013377926421404682 0.022222222222222223
14 0.7424749163879598 0.8311111111111111 0.020066889632107024 0.026666666666666665
14 0.7558528428093645 0.8666666666666667 0.020066889632107024 0.026666666666666665
14 0.7709030100334449 0.8977777777777778 0.016722408026755852 0.026666666666666665
14 0.7809364548494984 0.9288888888888889 0.016722408026755852 0.026666666666666665
14 0.794314381270903 0.96 0.010033444816053512 0.026666666666666665
14 0.6488294314381271 0.7377777777777778 0.020066889632107024 0.017777777777777778
14 0.6722408026755853 0.7733333333333333 0.013377926421404682 0.017777777777777778
14 0.7006688963210702 0.8111111111111111 0.016722408026755852 0.022222222222222223
14 0.7190635451505016 0.8377777777777777 0.013377926421404682 0.03111111111111111
14 0.7357859531772575 0.8688888888888889 0.006688963210702341 0.022222222222222223
14 0.7508361204013377 0.9022222222222223 0.016722408026755852 0.026666666666666665
14 0.1454849498327759 0.7888888888888889 0.010033444816053512 0.10222222222222223
14 0.26588628762541805 0.6555555555555556 0.010033444816053512 0.022222222222222223
14 0.27759197324414714 0.6355555555555555 0.013377926421404682 0.017777777777777778
14 0.294314381270903 0.6133333333333333 0.013377926421404682 0.017777777777777778
14 0.3193979933110368 0.4666666666666667 0.010033444816053512 0.06222222222222222
14 0.3060200668896321 0.9155555555555556 0.023411371237458192 0.017777777777777778
14 0.34782608695652173 0.9311111111111111 0.033444816053511704 0.022222222222222223
14 0.3896321070234114 0.9488888888888889 0.043478260869565216 0.022222222222222223
14 0.4331103678929766 0.9644444444444444 0.030100334448160536 0.017777777777777778
