14 0.2255520504731861 0.056962025316455694 0.028391167192429023 0.11392405063291139
14 0.5031545741324921 0.5063291139240506 0.03470031545741325 0.03375527426160337
14 0.5362776025236593 0.470464135021097 0.031545741324921134 0.04641350210970464
14 0.5662460567823344 0.4367088607594936 0.04100946372239748 0.04641350210970464
14 0.6025236593059937 0.3924050632911392 0.03785488958990536 0.04219409282700422
14 0.637223974763407 0.36075949367088606 0.025236593059936908 0.03797468354430379
14 0.6640378548895899 0.3333333333333333 0.03470031545741325 0.04219409282700422
14 0.6987381703470031 0.2995780590717299 0.04100946372239748 0.03375527426160337
14 0.7271293375394322 0.26371308016877637 0.03470031545741325 0.03797468354430379
14 0.7570977917981072 0.2341772151898734 0.031545741324921134 0.03797468354430379
14 0.7870662460567823 0.20042194092827004 0.028391167192429023 0.03797468354430379
14 0.8154574132492113 0.1729957805907173 0.028391167192429023 0.03375527426160337
14 0.8438485804416404 0.15400843881856538 0.022082018927444793 0.03797468354430379
14 0.8722397476340694 0.11603375527426159 0.028391167192429023 0.02953586497890295
14 0.8990536277602523 0.09493670886075949 0.031545741324921134 0.03797468354430379
14 0.9258675078864353 0.056962025316455694 0.03470031545741325 0.03797468354430379
14 0.9605678233438486 0.02320675105485232 0.03470031545741325 0.03797468354430379
14 0.5173501577287066 0.24472573839662445 0.031545741324921134 0.04219409282700422
14 0.5173501577287066 0.2995780590717299 0.01892744479495268 0.050632911392405056
14 0.5362776025236593 0.20253164556962022 0.031545741324921134 0.04219409282700422
14 0.5504731861198738 0.15189873417721517 0.03470031545741325 0.050632911392405056
14 0.5599369085173501 0.10126582278481011 0.028391167192429023 0.04219409282700422
14 0.5757097791798107 0.05274261603375527 0.022082018927444793 0.03797468354430379
14 0.5946372239747634 0.014767932489451475 0.022082018927444793 0.02953586497890295
14 0.46529968454258674 0.8248945147679324 0.028391167192429023 0.02109704641350211
14 0.5063091482649842 0.8438818565400843 0.03470031545741325 0.016877637130801686
14 0.5362776025236593 0.860759493670886 0.025236593059936908 0.016877637130801686
14 0.5851735015772871 0.8945147679324894 0.022082018927444793 0.016877637130801686
14 0.6293375394321766 0.9240506329113923 0.028391167192429023 0.016877637130801686
14 0.6766561514195584 0.9683544303797468 0.022082018927444793 0.02109704641350211
14 0.5205047318611987 0.930379746835443 0.01892744479495268 0.012658227848101264
14 0.5630914826498422 0.9514767932489451 0.022082018927444793 0.02109704641350211
14 0.5946372239747634 0.9662447257383966 0.015772870662460567 0.016877637130801686
14 0.006309148264984227 0.4662447257383966 0.012618296529968454 0.012658227848101264
14 0.025236593059936908 0.4831223628691983 0.012618296529968454 0.012658227848101264
14 0.04574132492113565 0.5021097046413502 0.015772870662460567 0.008438818565400843
14 0.1198738170347003 0.0590717299578059 0.012618296529968454 0.025316455696202528
14 0.13406940063091483 0.08649789029535865 0.015772870662460567 0.02109704641350211
14 0.14826498422712933 0.11181434599156118 0.012618296529968454 0.02109704641350211
14 0.15772870662460567 0.14345991561181434 0.012618296529968454 0.025316455696202528
14 0.17034700315457413 0.17088607594936708 0.012618296529968454 0.02109704641350211
14 0.17823343848580442 0.20042194092827004 0.015772870662460567 0.02953586497890295
14 0.19085173501577288 0.22573839662447256 0.00946372239747634 0.02953586497890295
14 0.20504731861198738 0.25949367088607594 0.012618296529968454 0.02109704641350211
14 0.23817034700315456 0.36075949367088606 0.00946372239747634 0.012658227848101264
14 0.2476340694006309 0.3924050632911392 0.00946372239747634 0.025316455696202528
