14 0.09870550161812298 0.06060606060606061 0.022653721682847898 0.11255411255411256
14 0.4741100323624596 0.021645021645021644 0.022653721682847898 0.04329004329004329
14 0.4595469255663431 0.09523809523809523 0.025889967637540454 0.06060606060606061
14 0.44012944983818775 0.17316017316017315 0.03236245954692557 0.06926406926406926
14 0.4190938511326861 0.24891774891774893 0.042071197411003236 0.0735930735930736
14 0.40129449838187703 0.3354978354978355 0.03883495145631068 0.08225108225108226
14 0.3640776699029126 0.4004329004329004 0.022653721682847898 0.03896103896103896
14 0.3511326860841424 0.45454545454545453 0.016181229773462785 0.04329004329004329
14 0.19902912621359226 0.4025974025974026 0.00970873786407767 0.017316017316017316
14 0.21197411003236247 0.43073593073593075 0.003236245954692557 0.021645021645021644
14 0.22168284789644013 0.4588744588744589 0.00970873786407767 0.017316017316017316
14 0.23462783171521037 0.487012987012987 0.00970873786407767 0.012987012987012988
14 0.24271844660194175 0.5108225108225108 0.006472491909385114 0.017316017316017316
14 0.2524271844660194 0.5346320346320347 0.006472491909385114 0.012987012987012988
14 0.2702265372168285 0.7792207792207793 0.022653721682847898 0.025974025974025976
14 0.7944983818770227 0.030303030303030304 0.05501618122977347 0.04329004329004329
14 0.7524271844660194 0.07575757575757576 0.042071197411003236 0.03896103896103896
14 0.7184466019417476 0.12337662337662338 0.045307443365695796 0.03896103896103896
14 0.6844660194174758 0.1645021645021645 0.042071197411003236 0.03463203463203463
14 0.6553398058252428 0.20346320346320346 0.042071197411003236 0.03463203463203463
14 0.6181229773462783 0.24675324675324675 0.05177993527508091 0.03463203463203463
14 0.5841423948220065 0.29004329004329005 0.04854368932038835 0.04329004329004329
14 0.5453074433656958 0.3333333333333333 0.042071197411003236 0.04329004329004329
14 0.5048543689320388 0.37662337662337664 0.045307443365695796 0.04329004329004329
14 0.46763754045307443 0.4329004329004329 0.042071197411003236 0.05194805194805195
14 0.43851132686084143 0.4805194805194805 0.03559870550161812 0.04329004329004329
14 0.40291262135922334 0.5238095238095238 0.05501618122977347 0.05194805194805195
14 0.35760517799352753 0.5562770562770563 0.022653721682847898 0.021645021645021644
14 0.34304207119741104 0.5844155844155844 0.025889967637540454 0.025974025974025976
14 0.3220064724919094 0.6147186147186147 0.016181229773462785 0.017316017316017316
14 0.39967637540453077 0.5692640692640693 0.022653721682847898 0.030303030303030304
14 0.3786407766990291 0.5995670995670995 0.012944983818770227 0.021645021645021644
14 0.3608414239482201 0.6233766233766234 0.00970873786407767 0.017316017316017316
14 0.41585760517799353 0.8593073593073594 0.016181229773462785 0.012987012987012988
14 0.441747572815534 0.8722943722943723 0.016181229773462785 0.012987012987012988
14 0.49838187702265374 0.9047619047619048 0.01941747572815534 0.017316017316017316
14 0.529126213592233 0.9264069264069265 0.016181229773462785 0.017316017316017316
14 0.5485436893203883 0.9458874458874459 0.016181229773462785 0.012987012987012988
14 0.5728155339805826 0.9675324675324676 0.01941747572815534 0.021645021645021644
