0 0.17500000000000002 0.9016666666666667 0.06333333333333334 0.06333333333333334
0 0.21166666666666667 0.8200000000000001 0.05 0.060000000000000005
0 0.24833333333333335 0.7666666666666667 0.043333333333333335 0.05333333333333334
0 0.2816666666666667 0.7150000000000001 0.05 0.05666666666666667
0 0.305 0.6583333333333333 0.043333333333333335 0.043333333333333335
0 0.3383333333333334 0.61 0.03666666666666667 0.04666666666666667
0 0.37000000000000005 0.5533333333333333 0.04 0.05333333333333334
0 0.4116666666666667 0.5683333333333334 0.030000000000000002 0.03666666666666667
0 0.4 0.5183333333333333 0.03333333333333333 0.03666666666666667
0 0.42000000000000004 0.4766666666666667 0.03333333333333333 0.04
0 0.45333333333333337 0.4466666666666667 0.02 0.03333333333333333
