14 0.4647651006711409 0.6591928251121076 0.016778523489932886 0.10762331838565023
14 0.5906040268456376 0.08071748878923767 0.013422818791946308 0.15246636771300448
14 0.6006711409395973 0.19506726457399104 0.013422818791946308 0.05829596412556054
14 0.6140939597315436 0.25112107623318386 0.013422818791946308 0.04484304932735426
14 0.62751677852349 0.31390134529147984 0.013422818791946308 0.053811659192825115
14 0.6442953020134228 0.37668161434977576 0.013422818791946308 0.04484304932735426
14 0.6426174496644295 0.531390134529148 0.03691275167785235 0.24663677130044842
14 0.6476510067114094 0.7309417040358744 0.026845637583892617 0.13452914798206278
14 0.8657718120805369 0.26905829596412556 0.006711409395973154 0.026905829596412557
14 0.8557046979865771 0.3094170403587444 0.006711409395973154 0.026905829596412557
14 0.8456375838926175 0.34080717488789236 0.006711409395973154 0.026905829596412557
14 0.8338926174496644 0.3789237668161435 0.010067114093959731 0.03139013452914798
14 0.8238255033557047 0.4147982062780269 0.010067114093959731 0.02242152466367713
14 0.8104026845637584 0.43946188340807174 0.016778523489932886 0.026905829596412557
14 0.8036912751677853 0.4798206278026906 0.016778523489932886 0.03587443946188341
14 0.7902684563758389 0.515695067264574 0.016778523489932886 0.026905829596412557
14 0.7768456375838926 0.5560538116591928 0.016778523489932886 0.03587443946188341
14 0.7651006711409396 0.6031390134529148 0.013422818791946308 0.04035874439461883
14 0.7516778523489933 0.6434977578475336 0.013422818791946308 0.013452914798206279
14 0.32046979865771813 0.42376681614349776 0.010067114093959731 0.013452914798206279
14 0.3338926174496644 0.4506726457399103 0.010067114093959731 0.02242152466367713
14 0.34563758389261745 0.4820627802690583 0.013422818791946308 0.02242152466367713
14 0.35906040268456374 0.5044843049327354 0.013422818791946308 0.02242152466367713
14 0.37416107382550334 0.5358744394618834 0.010067114093959731 0.02242152466367713
14 0.39093959731543626 0.5695067264573991 0.010067114093959731 0.026905829596412557
14 0.4077181208053691 0.6076233183856502 0.010067114093959731 0.03139013452914798
14 0.41946308724832215 0.6390134529147982 0.013422818791946308 0.02242152466367713
14 0.42953020134228187 0.6748878923766816 0.013422818791946308 0.03139013452914798
14 0.44295302013422816 0.7152466367713004 0.013422818791946308 0.03139013452914798
14 0.4513422818791946 0.757847533632287 0.010067114093959731 0.026905829596412557
14 0.4949664429530201 0.9461883408071748 0.010067114093959731 0.07174887892376682
