14 0.313953488372093 0.40308370044052866 0.009966777408637873 0.022026431718061675
14 0.32724252491694356 0.4273127753303965 0.009966777408637873 0.026431718061674013
14 0.3388704318936877 0.4581497797356829 0.013289036544850499 0.03524229074889868
14 0.3554817275747508 0.4889867841409692 0.013289036544850499 0.026431718061674013
14 0.3704318936877076 0.5220264317180617 0.009966777408637873 0.030837004405286347
14 0.3853820598006645 0.5572687224669604 0.013289036544850499 0.030837004405286347
14 0.39867109634551495 0.5881057268722467 0.013289036544850499 0.030837004405286347
14 0.4152823920265781 0.6299559471365639 0.013289036544850499 0.026431718061674013
14 0.4285714285714286 0.6674008810572688 0.019933554817275746 0.030837004405286347
14 0.43853820598006643 0.7026431718061674 0.013289036544850499 0.030837004405286347
14 0.4601328903654485 0.6475770925110133 0.016611295681063124 0.0881057268722467
14 0.5897009966777409 0.061674008810572695 0.009966777408637873 0.12334801762114539
14 0.5963455149501661 0.14757709251101322 0.009966777408637873 0.022026431718061675
14 0.606312292358804 0.18061674008810574 0.009966777408637873 0.03524229074889868
14 0.6162790697674418 0.22907488986784144 0.009966777408637873 0.04405286343612335
14 0.627906976744186 0.28854625550660795 0.013289036544850499 0.039647577092511016
14 0.6411960132890365 0.3348017621145375 0.013289036544850499 0.03524229074889868
14 0.6428571428571429 0.5374449339207049 0.036544850498338874 0.3259911894273128
14 0.8654485049833888 0.23348017621145375 0.009966777408637873 0.026431718061674013
14 0.8521594684385382 0.27092511013215864 0.009966777408637873 0.030837004405286347
14 0.8471760797342193 0.31497797356828194 0.013289036544850499 0.039647577092511016
14 0.8289036544850499 0.36343612334801767 0.016611295681063124 0.05726872246696036
14 0.8106312292358804 0.40969162995594716 0.019933554817275746 0.04405286343612335
14 0.7956810631229236 0.4559471365638767 0.016611295681063124 0.030837004405286347
14 0.7890365448504983 0.4911894273127754 0.009966777408637873 0.022026431718061675
14 0.7774086378737541 0.5242290748898679 0.013289036544850499 0.026431718061674013
14 0.7641196013289037 0.5594713656387665 0.013289036544850499 0.026431718061674013
14 0.7508305647840532 0.5925110132158591 0.026578073089700997 0.022026431718061675
