14 0.5889261744966443 0.08968609865470852 0.016778523489932886 0.16143497757847533
14 0.598993288590604 0.1905829596412556 0.010067114093959731 0.04035874439461883
14 0.6124161073825504 0.23542600896860985 0.010067114093959731 0.04035874439461883
14 0.6241610738255033 0.2802690582959641 0.013422818791946308 0.04932735426008968
14 0.6359060402684563 0.33183856502242154 0.010067114093959731 0.04484304932735426
14 0.6442953020134228 0.36995515695067266 0.006711409395973154 0.03139013452914798
14 0.6426174496644295 0.5515695067264574 0.03691275167785235 0.31390134529147984
14 0.4597315436241611 0.6614349775784754 0.013422818791946308 0.09417040358744394
14 0.49161073825503354 0.9484304932735426 0.016778523489932886 0.09417040358744394
14 0.31208053691275167 0.4170403587443946 0.013422818791946308 0.017937219730941704
14 0.3221476510067114 0.43946188340807174 0.013422818791946308 0.026905829596412557
14 0.33557046979865773 0.46860986547085204 0.013422818791946308 0.02242152466367713
14 0.3473154362416107 0.49327354260089684 0.010067114093959731 0.017937219730941704
14 0.36073825503355705 0.515695067264574 0.010067114093959731 0.026905829596412557
14 0.37416107382550334 0.5538116591928252 0.010067114093959731 0.02242152466367713
14 0.38758389261744963 0.5807174887892377 0.010067114093959731 0.02242152466367713
14 0.40268456375838924 0.6143497757847534 0.013422818791946308 0.026905829596412557
14 0.41946308724832215 0.647982062780269 0.013422818791946308 0.03139013452914798
14 0.42953020134228187 0.6905829596412556 0.013422818791946308 0.03587443946188341
14 0.4395973154362416 0.7354260089686099 0.013422818791946308 0.04484304932735426
14 0.45805369127516776 0.7309417040358744 0.003355704697986577 0.026905829596412557
14 0.6476510067114094 0.7376681614349776 0.013422818791946308 0.04932735426008968
14 0.6442953020134228 0.7802690582959642 0.006711409395973154 0.017937219730941704
14 0.860738255033557 0.2825112107623318 0.010067114093959731 0.026905829596412557
14 0.8708053691275167 0.24663677130044842 0.010067114093959731 0.03587443946188341
14 0.8506711409395973 0.3071748878923767 0.010067114093959731 0.02242152466367713
14 0.8422818791946308 0.3363228699551569 0.013422818791946308 0.026905829596412557
14 0.8338926174496644 0.3632286995515695 0.016778523489932886 0.026905829596412557
14 0.8238255033557047 0.3968609865470852 0.016778523489932886 0.03139013452914798
14 0.8104026845637584 0.4327354260089686 0.016778523489932886 0.03139013452914798
14 0.8003355704697986 0.47533632286995514 0.016778523489932886 0.03587443946188341
14 0.7869127516778524 0.5089686098654709 0.010067114093959731 0.03139013452914798
14 0.7768456375838926 0.5448430493273543 0.010067114093959731 0.03139013452914798
14 0.7667785234899329 0.5829596412556054 0.010067114093959731 0.026905829596412557
