14 0.47391304347826085 0.2810077519379845 0.008695652173913044 0.01937984496124031
14 0.4782608695652174 0.3062015503875969 0.011594202898550725 0.015503875968992248
14 0.48695652173913045 0.32945736434108525 0.005797101449275362 0.023255813953488372
14 0.49420289855072463 0.3546511627906977 0.002898550724637681 0.011627906976744186
14 0.45217391304347826 0.09302325581395349 0.005797101449275362 0.015503875968992248
14 0.463768115942029 0.12403100775193798 0.011594202898550725 0.023255813953488372
14 0.4753623188405797 0.15503875968992248 0.011594202898550725 0.015503875968992248
14 0.4855072463768116 0.18410852713178294 0.008695652173913044 0.027131782945736434
14 0.4985507246376812 0.21124031007751937 0.011594202898550725 0.027131782945736434
14 0.5115942028985507 0.2441860465116279 0.008695652173913044 0.023255813953488372
14 0.5289855072463768 0.2868217054263566 0.014492753623188406 0.03875968992248062
14 0.5434782608695652 0.3372093023255814 0.008695652173913044 0.031007751937984496
14 0.5623188405797102 0.38372093023255816 0.011594202898550725 0.031007751937984496
14 0.5782608695652174 0.436046511627907 0.014492753623188406 0.03488372093023256
14 0.5927536231884059 0.47674418604651164 0.008695652173913044 0.023255813953488372
14 0.6057971014492753 0.5135658914728682 0.011594202898550725 0.027131782945736434
14 0.618840579710145 0.5503875968992248 0.008695652173913044 0.031007751937984496
14 0.6304347826086957 0.6124031007751938 0.008695652173913044 0.05426356589147287
14 0.6376811594202899 0.6627906976744186 0.005797101449275362 0.023255813953488372
14 0.6434782608695653 0.7267441860465116 0.011594202898550725 0.08914728682170542
14 0.5347826086956522 0.4844961240310077 0.008695652173913044 0.023255813953488372
14 0.5434782608695652 0.5174418604651163 0.008695652173913044 0.027131782945736434
14 0.5536231884057972 0.5542635658914729 0.011594202898550725 0.031007751937984496
14 0.563768115942029 0.5910852713178294 0.008695652173913044 0.03488372093023256
14 0.572463768115942 0.6337209302325582 0.008695652173913044 0.03488372093023256
14 0.5840579710144927 0.6802325581395349 0.014492753623188406 0.04263565891472868
14 0.591304347826087 0.7248062015503876 0.011594202898550725 0.03875968992248062
14 0.5971014492753624 0.7732558139534884 0.011594202898550725 0.04263565891472868
14 0.6043478260869565 0.8255813953488372 0.008695652173913044 0.05426356589147287
14 0.6115942028985507 0.9147286821705426 0.011594202898550725 0.10852713178294573
14 0.5101449275362319 0.6317829457364341 0.011594202898550725 0.023255813953488372
14 0.5173913043478261 0.6511627906976745 0.008695652173913044 0.015503875968992248
14 0.5246376811594203 0.6724806201550387 0.011594202898550725 0.01937984496124031
14 0.5333333333333333 0.7034883720930233 0.011594202898550725 0.027131782945736434
14 0.5434782608695652 0.7383720930232558 0.008695652173913044 0.01937984496124031
14 0.5536231884057972 0.7655038759689923 0.005797101449275362 0.01937984496124031
14 0.563768115942029 0.7965116279069767 0.008695652173913044 0.01937984496124031
14 0.5739130434782609 0.8294573643410853 0.011594202898550725 0.015503875968992248
14 0.7376811594202899 0.5077519379844961 0.020289855072463767 0.06201550387596899
14 0.7231884057971014 0.5581395348837209 0.026086956521739132 0.03875968992248062
14 0.7101449275362319 0.6046511627906976 0.028985507246376812 0.05426356589147287
14 0.7028985507246377 0.6569767441860465 0.026086956521739132 0.04263565891472868
14 0.6985507246376812 0.6976744186046512 0.017391304347826087 0.031007751937984496
14 0.691304347826087 0.7344961240310077 0.014492753623188406 0.03488372093023256
