14 0.45509708737864074 0.01779935275080906 0.007281553398058252 0.022653721682847898
14 0.4648058252427184 0.05501618122977347 0.007281553398058252 0.03236245954692557
14 0.4745145631067961 0.09223300970873786 0.012135922330097085 0.03559870550161812
14 0.48665048543689315 0.127831715210356 0.012135922330097085 0.03559870550161812
14 0.49878640776699024 0.16019417475728157 0.012135922330097085 0.02912621359223301
14 0.5133495145631067 0.19579288025889968 0.01699029126213592 0.02912621359223301
14 0.5279126213592232 0.2313915857605178 0.012135922330097085 0.03559870550161812
14 0.5400485436893203 0.2621359223300971 0.01699029126213592 0.03236245954692557
14 0.5533980582524272 0.2993527508090615 0.014563106796116504 0.02912621359223301
14 0.5655339805825242 0.33495145631067963 0.009708737864077669 0.022653721682847898
14 0.5776699029126213 0.36569579288025894 0.009708737864077669 0.01941747572815534
14 0.5861650485436892 0.3964401294498382 0.007281553398058252 0.022653721682847898
14 0.5970873786407767 0.43203883495145634 0.009708737864077669 0.022653721682847898
14 0.6067961165048543 0.46601941747572817 0.009708737864077669 0.03236245954692557
14 0.6177184466019416 0.5032362459546926 0.012135922330097085 0.02912621359223301
14 0.625 0.5420711974110033 0.012135922330097085 0.02912621359223301
14 0.6347087378640777 0.5825242718446603 0.007281553398058252 0.03236245954692557
14 0.6407766990291262 0.627831715210356 0.009708737864077669 0.03236245954692557
14 0.6516990291262136 0.7200647249190939 0.012135922330097085 0.13268608414239483
14 0.48300970873786403 0.2637540453074434 0.009708737864077669 0.03559870550161812
14 0.48786407766990286 0.29449838187702265 0.009708737864077669 0.012944983818770227
14 0.4939320388349514 0.31715210355987056 0.007281553398058252 0.01941747572815534
14 0.5024271844660194 0.34789644012944987 0.009708737864077669 0.02912621359223301
14 0.5485436893203883 0.49838187702265374 0.009708737864077669 0.025889967637540454
14 0.558252427184466 0.5372168284789645 0.009708737864077669 0.03236245954692557
14 0.5691747572815533 0.5760517799352751 0.007281553398058252 0.03883495145631068
14 0.5776699029126213 0.6245954692556634 0.009708737864077669 0.03236245954692557
14 0.5825242718446602 0.6601941747572816 0.009708737864077669 0.03236245954692557
14 0.5922330097087378 0.6990291262135923 0.009708737864077669 0.01941747572815534
14 0.7669902912621358 0.42880258899676377 0.019417475728155338 0.04854368932038835
14 0.7536407766990291 0.470873786407767 0.021844660194174755 0.042071197411003236
14 0.7439320388349514 0.5064724919093851 0.01699029126213592 0.03559870550161812
14 0.7317961165048543 0.5436893203883495 0.021844660194174755 0.03236245954692557
14 0.7208737864077669 0.5841423948220065 0.029126213592233007 0.042071197411003236
14 0.7087378640776698 0.6294498381877023 0.02427184466019417 0.042071197411003236
14 0.7063106796116504 0.6731391585760518 0.019417475728155338 0.03883495145631068
14 0.6990291262135921 0.7071197411003236 0.014563106796116504 0.022653721682847898
