14 0.45076923076923076 0.07377049180327869 0.00923076923076923 0.03278688524590164
14 0.46153846153846156 0.1168032786885246 0.006153846153846154 0.028688524590163935
14 0.47384615384615386 0.1557377049180328 0.012307692307692308 0.03278688524590164
14 0.4876923076923077 0.19262295081967215 0.015384615384615385 0.03278688524590164
14 0.5030769230769231 0.22950819672131148 0.015384615384615385 0.04098360655737705
14 0.52 0.27049180327868855 0.012307692307692308 0.04098360655737705
14 0.5384615384615384 0.3155737704918033 0.01846153846153846 0.04098360655737705
14 0.5523076923076923 0.3586065573770492 0.015384615384615385 0.028688524590163935
14 0.5661538461538461 0.39344262295081966 0.012307692307692308 0.03278688524590164
14 0.58 0.43032786885245905 0.00923076923076923 0.02459016393442623
14 0.5876923076923077 0.46311475409836067 0.006153846153846154 0.02459016393442623
14 0.6015384615384616 0.4979508196721312 0.00923076923076923 0.028688524590163935
14 0.6107692307692307 0.5491803278688525 0.00923076923076923 0.04098360655737705
14 0.62 0.5881147540983607 0.00923076923076923 0.020491803278688527
14 0.6292307692307693 0.6331967213114754 0.00923076923076923 0.045081967213114756
14 0.6384615384615384 0.6885245901639344 0.00923076923076923 0.04098360655737705
14 0.6415384615384615 0.7438524590163935 0.00923076923076923 0.045081967213114756
14 0.47692307692307695 0.2889344262295082 0.006153846153846154 0.036885245901639344
14 0.4815384615384615 0.3278688524590164 0.00923076923076923 0.01639344262295082
14 0.4907692307692308 0.35655737704918034 0.00923076923076923 0.01639344262295082
14 0.49538461538461537 0.3790983606557377 0.006153846153846154 0.012295081967213115
14 0.5353846153846153 0.5061475409836066 0.006153846153846154 0.020491803278688527
14 0.5461538461538461 0.5327868852459017 0.00923076923076923 0.02459016393442623
14 0.5553846153846154 0.5717213114754098 0.00923076923076923 0.036885245901639344
14 0.5692307692307692 0.6188524590163935 0.012307692307692308 0.04098360655737705
14 0.5753846153846154 0.6659836065573771 0.012307692307692308 0.045081967213114756
14 0.5861538461538461 0.7110655737704918 0.00923076923076923 0.036885245901639344
14 0.5938461538461538 0.7622950819672132 0.012307692307692308 0.04918032786885246
14 0.5984615384615385 0.8237704918032788 0.00923076923076923 0.05737704918032787
14 0.6046153846153847 0.9221311475409837 0.015384615384615385 0.12295081967213116
14 0.5107692307692308 0.639344262295082 0.012307692307692308 0.01639344262295082
14 0.5184615384615384 0.6659836065573771 0.00923076923076923 0.028688524590163935
14 0.5307692307692308 0.6987704918032788 0.00923076923076923 0.028688524590163935
14 0.54 0.7336065573770493 0.00923076923076923 0.03278688524590164
14 0.5523076923076923 0.7704918032786886 0.015384615384615385 0.03278688524590164
14 0.5646153846153846 0.8094262295081968 0.00923076923076923 0.036885245901639344
14 0.5769230769230769 0.8565573770491803 0.015384615384615385 0.05737704918032787
14 0.5384615384615384 0.8114754098360656 0.012307692307692308 0.04098360655737705
14 0.5492307692307692 0.8627049180327869 0.027692307692307693 0.05327868852459017
14 0.5538461538461539 0.9364754098360656 0.03076923076923077 0.06967213114754099
14 0.7369230769230769 0.5102459016393442 0.021538461538461538 0.06147540983606558
14 0.7215384615384616 0.5655737704918034 0.027692307692307693 0.04098360655737705
14 0.7107692307692308 0.6086065573770492 0.024615384615384615 0.045081967213114756
14 0.6984615384615385 0.6516393442622951 0.024615384615384615 0.04918032786885246
14 0.6923076923076923 0.6987704918032788 0.01846153846153846 0.05327868852459017
