14 0.3315972222222222 0.21990740740740738 0.010416666666666666 0.023148148148148147
14 0.3454861111111111 0.24305555555555555 0.010416666666666666 0.013888888888888888
14 0.3628472222222222 0.2638888888888889 0.010416666666666666 0.018518518518518517
14 0.3819444444444444 0.28935185185185186 0.013888888888888888 0.023148148148148147
14 0.40104166666666663 0.3194444444444444 0.010416666666666666 0.018518518518518517
14 0.421875 0.34027777777777773 0.017361111111111112 0.023148148148148147
14 0.44791666666666663 0.375 0.013888888888888888 0.018518518518518517
14 0.4722222222222222 0.4074074074074074 0.013888888888888888 0.018518518518518517
14 0.4913194444444444 0.4351851851851852 0.010416666666666666 0.018518518518518517
14 0.5121527777777778 0.46759259259259256 0.010416666666666666 0.018518518518518517
14 0.5277777777777778 0.5138888888888888 0.013888888888888888 0.037037037037037035
14 0.5416666666666666 0.5555555555555556 0.013888888888888888 0.018518518518518517
14 0.5520833333333333 0.5856481481481481 0.006944444444444444 0.032407407407407406
14 0.5590277777777778 0.6319444444444444 0.006944444444444444 0.032407407407407406
14 0.6614583333333333 0.24074074074074073 0.010416666666666666 0.046296296296296294
14 0.6545138888888888 0.28935185185185186 0.010416666666666666 0.041666666666666664
14 0.6493055555555555 0.34259259259259256 0.013888888888888888 0.05555555555555555
14 0.6371527777777778 0.40509259259259256 0.017361111111111112 0.06018518518518518
14 0.625 0.4837962962962963 0.013888888888888888 0.08796296296296297
14 0.6128472222222222 0.5694444444444444 0.010416666666666666 0.037037037037037035
14 0.18576388888888887 0.2222222222222222 0.010416666666666666 0.027777777777777776
14 0.2517361111111111 0.4236111111111111 0.010416666666666666 0.013888888888888888
14 0.265625 0.43981481481481477 0.017361111111111112 0.009259259259259259
14 0.2881944444444444 0.4583333333333333 0.013888888888888888 0.018518518518518517
14 0.3038194444444444 0.48148148148148145 0.017361111111111112 0.018518518518518517
14 0.328125 0.4976851851851852 0.010416666666666666 0.013888888888888888
14 0.3506944444444444 0.5324074074074073 0.013888888888888888 0.018518518518518517
14 0.3680555555555555 0.5532407407407407 0.013888888888888888 0.013888888888888888
14 0.4392361111111111 0.6527777777777778 0.010416666666666666 0.027777777777777776
14 0.4461805555555555 0.6875 0.017361111111111112 0.023148148148148147
14 0.46354166666666663 0.7175925925925926 0.010416666666666666 0.018518518518518517
14 0.47916666666666663 0.75 0.006944444444444444 0.027777777777777776
14 0.29166666666666663 0.7129629629629629 0.020833333333333332 0.009259259259259259
14 0.3263888888888889 0.7268518518518519 0.020833333333333332 0.009259259259259259
14 0.3576388888888889 0.7453703703703703 0.013888888888888888 0.018518518518518517
14 0.9288194444444444 0.7476851851851851 0.06597222222222222 0.013888888888888888
