14 0.313588850174216 0.1813953488372093 0.013937282229965157 0.018604651162790697
14 0.32578397212543553 0.20930232558139533 0.010452961672473868 0.018604651162790697
14 0.343205574912892 0.24186046511627907 0.010452961672473868 0.018604651162790697
14 0.3885017421602787 0.313953488372093 0.010452961672473868 0.023255813953488372
14 0.4076655052264808 0.3372093023255814 0.013937282229965157 0.013953488372093023
14 0.4268292682926829 0.3581395348837209 0.010452961672473868 0.018604651162790697
14 0.44076655052264807 0.3767441860465116 0.010452961672473868 0.009302325581395349
14 0.47038327526132406 0.4069767441860465 0.013937282229965157 0.023255813953488372
14 0.4930313588850174 0.43953488372093025 0.017421602787456445 0.023255813953488372
14 0.5139372822299652 0.4720930232558139 0.017421602787456445 0.023255813953488372
14 0.5278745644599303 0.5 0.017421602787456445 0.023255813953488372
14 0.5435540069686411 0.5372093023255814 0.013937282229965157 0.03255813953488372
14 0.5574912891986062 0.5744186046511628 0.013937282229965157 0.03255813953488372
14 0.5696864111498258 0.6255813953488372 0.017421602787456445 0.04186046511627907
14 0.681184668989547 0.313953488372093 0.010452961672473868 0.023255813953488372
14 0.6742160278745645 0.3511627906976744 0.010452961672473868 0.03255813953488372
14 0.6672473867595818 0.3883720930232558 0.010452961672473868 0.03255813953488372
14 0.6602787456445993 0.4255813953488372 0.017421602787456445 0.04186046511627907
14 0.6533101045296167 0.4790697674418605 0.017421602787456445 0.037209302325581395
14 0.6445993031358885 0.5279069767441861 0.020905923344947737 0.05116279069767442
14 0.632404181184669 0.5767441860465117 0.017421602787456445 0.037209302325581395
14 0.627177700348432 0.6255813953488372 0.013937282229965157 0.04186046511627907
14 0.6149825783972126 0.672093023255814 0.010452961672473868 0.04186046511627907
14 0.5975609756097561 0.7302325581395349 0.017421602787456445 0.018604651162790697
14 0.26306620209059234 0.4418604651162791 0.010452961672473868 0.009302325581395349
14 0.28397212543554007 0.46511627906976744 0.017421602787456445 0.018604651162790697
14 0.30662020905923343 0.48604651162790696 0.013937282229965157 0.023255813953488372
14 0.32752613240418116 0.5093023255813953 0.013937282229965157 0.023255813953488372
14 0.3501742160278746 0.5325581395348837 0.017421602787456445 0.013953488372093023
14 0.37282229965156793 0.5581395348837209 0.013937282229965157 0.018604651162790697
14 0.39547038327526135 0.586046511627907 0.010452961672473868 0.018604651162790697
14 0.45818815331010454 0.6953488372093023 0.017421602787456445 0.03255813953488372
14 0.4738675958188153 0.727906976744186 0.013937282229965157 0.023255813953488372
14 0.4878048780487805 0.7581395348837209 0.006968641114982578 0.018604651162790697
14 0.4965156794425087 0.7953488372093023 0.010452961672473868 0.027906976744186046
14 0.30662020905923343 0.7302325581395349 0.013937282229965157 0.018604651162790697
14 0.32578397212543553 0.7372093023255814 0.010452961672473868 0.023255813953488372
14 0.34494773519163763 0.7465116279069768 0.013937282229965157 0.03255813953488372
14 0.3641114982578397 0.7581395348837209 0.010452961672473868 0.027906976744186046
14 0.38501742160278746 0.772093023255814 0.017421602787456445 0.018604651162790697
14 0.9198606271777003 0.786046511627907 0.041811846689895474 0.018604651162790697
14 0.9547038327526133 0.7651162790697674 0.03484320557491289 0.013953488372093023
