14 0.28253424657534243 0.49543378995433784 0.010273972602739725 0.0319634703196347
14 0.2722602739726027 0.5251141552511416 0.010273972602739725 0.0182648401826484
14 0.3202054794520548 0.5410958904109588 0.017123287671232876 0.0228310502283105
14 0.3339041095890411 0.5136986301369862 0.010273972602739725 0.0136986301369863
14 0.34931506849315064 0.5 0.0136986301369863 0.0136986301369863
14 0.363013698630137 0.4817351598173516 0.0136986301369863 0.0136986301369863
14 0.4297945205479452 0.410958904109589 0.010273972602739725 0.0182648401826484
14 0.4434931506849315 0.39497716894977164 0.017123287671232876 0.0136986301369863
14 0.46061643835616434 0.37671232876712324 0.017123287671232876 0.0136986301369863
14 0.47431506849315064 0.363013698630137 0.010273972602739725 0.0136986301369863
14 0.48630136986301364 0.34931506849315064 0.0136986301369863 0.0136986301369863
14 0.5017123287671232 0.3424657534246575 0.010273972602739725 0.0091324200913242
14 0.5136986301369862 0.3264840182648402 0.0136986301369863 0.0136986301369863
14 0.5325342465753424 0.3150684931506849 0.010273972602739725 0.0091324200913242
14 0.5821917808219178 0.2831050228310502 0.0136986301369863 0.045662100456621
14 0.5907534246575342 0.23059360730593606 0.010273972602739725 0.0319634703196347
14 0.601027397260274 0.19406392694063926 0.010273972602739725 0.0319634703196347
14 0.6147260273972602 0.1552511415525114 0.010273972602739725 0.0365296803652968
