14 0.3615916955017301 0.4838709677419355 0.01730103806228374 0.018433179723502304
14 0.3391003460207613 0.5069124423963134 0.01384083044982699 0.018433179723502304
14 0.3235294117647059 0.5299539170506913 0.010380622837370242 0.018433179723502304
14 0.28546712802768165 0.47465437788018433 0.010380622837370242 0.027649769585253454
14 0.2768166089965398 0.511520737327189 0.01384083044982699 0.027649769585253454
14 0.43771626297577854 0.4032258064516129 0.010380622837370242 0.013824884792626727
14 0.45155709342560557 0.38940092165898615 0.010380622837370242 0.013824884792626727
14 0.47058823529411764 0.37327188940092165 0.01384083044982699 0.018433179723502304
14 0.486159169550173 0.3548387096774194 0.010380622837370242 0.018433179723502304
14 0.5051903114186851 0.3456221198156682 0.01384083044982699 0.018433179723502304
14 0.5224913494809689 0.3317972350230415 0.01384083044982699 0.027649769585253454
14 0.5397923875432526 0.31797235023041476 0.01384083044982699 0.018433179723502304
14 0.5570934256055363 0.30414746543778803 0.01384083044982699 0.009216589861751152
14 0.5778546712802768 0.2926267281105991 0.020761245674740483 0.013824884792626727
14 0.6124567474048443 0.16589861751152074 0.006920415224913495 0.027649769585253454
14 0.6038062283737025 0.20276497695852536 0.010380622837370242 0.027649769585253454
14 0.596885813148789 0.23732718894009217 0.010380622837370242 0.03225806451612903
14 0.5865051903114187 0.26036866359447003 0.010380622837370242 0.013824884792626727
