14 0.29692832764505117 0.17954545454545454 0.006825938566552901 0.05909090909090909
14 0.3054607508532423 0.22954545454545452 0.010238907849829351 0.031818181818181815
14 0.32081911262798635 0.25227272727272726 0.013651877133105802 0.031818181818181815
14 0.3310580204778157 0.27954545454545454 0.013651877133105802 0.022727272727272728
14 0.3447098976109215 0.31136363636363634 0.013651877133105802 0.022727272727272728
14 0.36006825938566556 0.3409090909090909 0.010238907849829351 0.01818181818181818
14 0.4812286689419795 0.5931818181818181 0.013651877133105802 0.031818181818181815
14 0.4982935153583618 0.6272727272727272 0.013651877133105802 0.02727272727272727
14 0.5136518771331058 0.6681818181818181 0.010238907849829351 0.03636363636363636
14 0.5221843003412969 0.7068181818181818 0.013651877133105802 0.022727272727272728
14 0.5358361774744027 0.7295454545454545 0.013651877133105802 0.022727272727272728
14 0.5460750853242321 0.8181818181818181 0.013651877133105802 0.14545454545454545
14 0.5580204778156996 0.8090909090909091 0.010238907849829351 0.045454545454545456
14 0.5716723549488054 0.8568181818181818 0.017064846416382253 0.031818181818181815
14 0.5802047781569966 0.8954545454545454 0.013651877133105802 0.02727272727272727
14 0.4726962457337884 0.7999999999999999 0.017064846416382253 0.01818181818181818
14 0.49146757679180886 0.8295454545454545 0.013651877133105802 0.022727272727272728
14 0.5085324232081911 0.8568181818181818 0.013651877133105802 0.031818181818181815
14 0.5273037542662116 0.884090909090909 0.017064846416382253 0.022727272727272728
14 0.5494880546075085 0.9136363636363636 0.020477815699658702 0.02727272727272727
14 0.4709897610921502 0.8772727272727272 0.013651877133105802 0.02727272727272727
14 0.48293515358361777 0.9045454545454545 0.010238907849829351 0.01818181818181818
14 0.5 0.9363636363636363 0.010238907849829351 0.02727272727272727
14 0.5290102389078498 0.031818181818181815 0.027303754266211604 0.05454545454545454
14 0.5546075085324232 0.09999999999999999 0.023890784982935155 0.05454545454545454
14 0.5733788395904437 0.1568181818181818 0.040955631399317405 0.049999999999999996
14 0.5938566552901023 0.21136363636363636 0.040955631399317405 0.049999999999999996
14 0.6143344709897611 0.2681818181818182 0.04778156996587031 0.06363636363636363
14 0.6348122866894198 0.34318181818181814 0.04778156996587031 0.05909090909090909
14 0.6535836177474402 0.39999999999999997 0.030716723549488054 0.045454545454545456
14 0.6655290102389079 0.44999999999999996 0.027303754266211604 0.03636363636363636
14 0.6843003412969283 0.4909090909090909 0.017064846416382253 0.03636363636363636
14 0.6979522184300342 0.5386363636363636 0.017064846416382253 0.031818181818181815
14 0.7150170648464164 0.5909090909090908 0.017064846416382253 0.045454545454545456
14 0.7286689419795221 0.6409090909090909 0.017064846416382253 0.03636363636363636
14 0.742320819112628 0.6954545454545454 0.017064846416382253 0.05454545454545454
14 0.7542662116040956 0.7545454545454545 0.020477815699658702 0.045454545454545456
14 0.7627986348122867 0.8045454545454545 0.023890784982935155 0.03636363636363636
14 0.7747440273037542 0.859090909090909 0.013651877133105802 0.05454545454545454
14 0.7815699658703071 0.9363636363636363 0.020477815699658702 0.08181818181818182
14 0.9761092150170648 0.9613636363636363 0.040955631399317405 0.06818181818181818
