14 0.5389830508474576 0.06561085972850679 0.02711864406779661 0.09502262443438915
14 0.5661016949152542 0.15610859728506787 0.02711864406779661 0.06787330316742082
14 0.5864406779661017 0.22624434389140274 0.03389830508474576 0.05429864253393665
14 0.611864406779661 0.2918552036199095 0.03728813559322034 0.05882352941176471
14 0.6338983050847458 0.3552036199095023 0.03389830508474576 0.0497737556561086
14 0.6542372881355932 0.416289592760181 0.03389830508474576 0.05429864253393665
14 0.6711864406779661 0.4728506787330317 0.03389830508474576 0.04072398190045249
14 0.6864406779661016 0.5271493212669683 0.03728813559322034 0.0497737556561086
14 0.7 0.574660633484163 0.023728813559322035 0.03619909502262444
14 0.7186440677966102 0.6221719457013575 0.02711864406779661 0.04072398190045249
14 0.7305084745762712 0.6696832579185521 0.01694915254237288 0.03619909502262444
14 0.747457627118644 0.7239819004524888 0.01694915254237288 0.05429864253393665
14 0.7644067796610169 0.7941176470588236 0.01694915254237288 0.06787330316742082
14 0.7796610169491526 0.8687782805429864 0.013559322033898305 0.05429864253393665
14 0.7898305084745763 0.9434389140271494 0.013559322033898305 0.07692307692307693
14 0.30508474576271183 0.24208144796380093 0.013559322033898305 0.0497737556561086
14 0.32033898305084746 0.28054298642533937 0.010169491525423728 0.01809954751131222
14 0.3305084745762712 0.30995475113122173 0.010169491525423728 0.022624434389140274
14 0.3440677966101695 0.33710407239819007 0.010169491525423728 0.022624434389140274
14 0.35762711864406777 0.3733031674208145 0.01694915254237288 0.022624434389140274
14 0.37796610169491524 0.4049773755656109 0.01694915254237288 0.031674208144796386
14 0.5016949152542373 0.66289592760181 0.020338983050847456 0.022624434389140274
14 0.5152542372881356 0.6923076923076924 0.013559322033898305 0.027149321266968326
14 0.5271186440677966 0.7307692307692308 0.01694915254237288 0.031674208144796386
14 0.5423728813559322 0.7714932126696833 0.013559322033898305 0.031674208144796386
14 0.5525423728813559 0.8076923076923077 0.013559322033898305 0.031674208144796386
14 0.5627118644067797 0.8529411764705883 0.020338983050847456 0.031674208144796386
14 0.576271186440678 0.902714932126697 0.013559322033898305 0.0497737556561086
14 0.48813559322033895 0.8529411764705883 0.013559322033898305 0.022624434389140274
14 0.5050847457627119 0.8778280542986426 0.013559322033898305 0.01809954751131222
14 0.5203389830508475 0.902714932126697 0.01694915254237288 0.022624434389140274
14 0.5389830508474576 0.9276018099547512 0.013559322033898305 0.01809954751131222
14 0.5576271186440678 0.9524886877828055 0.010169491525423728 0.013574660633484163
