14 0.2736842105263158 0.09579439252336448 0.014035087719298246 0.0794392523364486
14 0.7701754385964913 0.77803738317757 0.052631578947368425 0.397196261682243
14 0.3 0.16822429906542055 0.017543859649122806 0.02803738317757009
14 0.3192982456140351 0.2102803738317757 0.021052631578947368 0.02803738317757009
14 0.34035087719298246 0.24766355140186913 0.021052631578947368 0.037383177570093455
14 0.35964912280701755 0.2850467289719626 0.02456140350877193 0.037383177570093455
14 0.3859649122807018 0.3317757009345794 0.021052631578947368 0.037383177570093455
14 0.4105263157894737 0.3761682242990654 0.021052631578947368 0.03271028037383177
14 0.43333333333333335 0.41355140186915884 0.017543859649122806 0.03271028037383177
14 0.45087719298245615 0.4532710280373831 0.017543859649122806 0.02803738317757009
14 0.47017543859649125 0.4906542056074766 0.021052631578947368 0.02803738317757009
14 0.4912280701754386 0.5420560747663551 0.014035087719298246 0.037383177570093455
14 0.5087719298245614 0.5957943925233644 0.014035087719298246 0.04205607476635514
14 0.5298245614035088 0.6518691588785046 0.014035087719298246 0.0514018691588785
14 0.5666666666666667 0.5957943925233644 0.017543859649122806 0.16355140186915887
14 0.5614035087719298 0.04906542056074766 0.03508771929824561 0.07009345794392523
14 0.5859649122807018 0.12850467289719625 0.03508771929824561 0.07009345794392523
14 0.6157894736842106 0.2102803738317757 0.03859649122807018 0.07476635514018691
14 0.6473684210526316 0.28738317757009346 0.031578947368421054 0.07009345794392523
14 0.6719298245614035 0.36214953271028033 0.03859649122807018 0.06074766355140186
14 0.6947368421052632 0.42990654205607476 0.028070175438596492 0.05607476635514018
14 0.3859649122807018 0.5233644859813084 0.021052631578947368 0.02803738317757009
