14 0.4362745098039216 0.8471615720524017 0.029411764705882353 0.017467248908296942
14 0.46405228758169936 0.8296943231441047 0.0196078431372549 0.017467248908296942
14 0.48366013071895425 0.816593886462882 0.013071895424836602 0.017467248908296942
14 0.5375816993464052 0.8078602620087336 0.06209150326797386 0.026200873362445413
14 0.5882352941176471 0.7816593886462881 0.05228758169934641 0.034934497816593885
14 0.6421568627450981 0.7554585152838428 0.049019607843137254 0.043668122270742356
14 0.6944444444444444 0.7248908296943231 0.049019607843137254 0.043668122270742356
14 0.7467320261437909 0.7074235807860262 0.049019607843137254 0.034934497816593885
14 0.7957516339869282 0.6812227074235807 0.049019607843137254 0.034934497816593885
14 0.8447712418300654 0.6572052401746724 0.049019607843137254 0.03930131004366812
14 0.8970588235294118 0.631004366812227 0.049019607843137254 0.03930131004366812
14 0.9591503267973857 0.5917030567685589 0.06862745098039216 0.021834061135371178
