14 0.9653465346534653 0.5855263157894737 0.0627062706270627 0.021929824561403508
14 0.9026402640264026 0.6118421052631579 0.056105610561056105 0.03070175438596491
14 0.8531353135313532 0.6425438596491228 0.056105610561056105 0.03070175438596491
14 0.7937293729372937 0.6732456140350876 0.0627062706270627 0.03070175438596491
14 0.7376237623762376 0.6995614035087719 0.06930693069306931 0.03070175438596491
14 0.6815181518151815 0.7302631578947368 0.0627062706270627 0.03070175438596491
14 0.6254125412541254 0.756578947368421 0.056105610561056105 0.039473684210526314
14 0.5693069306930694 0.7741228070175438 0.04950495049504951 0.021929824561403508
14 0.5247524752475248 0.7938596491228069 0.04620462046204621 0.017543859649122806
14 0.48514851485148514 0.8135964912280701 0.04620462046204621 0.013157894736842105
14 0.45874587458745875 0.8662280701754386 0.04620462046204621 0.013157894736842105
