14 0.925986842105263 0.581140350877193 0.08223684210526315 0.021929824561403508
14 0.8733552631578947 0.6118421052631579 0.05592105263157894 0.03070175438596491
14 0.8174342105263157 0.6447368421052632 0.05592105263157894 0.03508771929824561
14 0.7549342105263157 0.6710526315789473 0.049342105263157895 0.043859649122807015
14 0.7039473684210525 0.6995614035087719 0.05921052631578947 0.039473684210526314
14 0.6398026315789473 0.7302631578947368 0.05592105263157894 0.039473684210526314
14 0.5904605263157895 0.7543859649122806 0.03618421052631579 0.05263157894736842
14 0.544407894736842 0.7653508771929824 0.049342105263157895 0.03070175438596491
14 0.49671052631578944 0.7872807017543859 0.046052631578947366 0.021929824561403508
14 0.5526315789473684 0.7916666666666666 0.03289473684210526 0.021929824561403508
14 0.5164473684210527 0.8135964912280701 0.03289473684210526 0.013157894736842105
14 0.4786184210526315 0.831140350877193 0.03618421052631579 0.013157894736842105
14 0.4473684210526315 0.8135964912280701 0.046052631578947366 0.021929824561403508
