14 0.33916083916083917 0.5633802816901409 0.23076923076923078 0.028169014084507043
14 0.506993006993007 0.57981220657277 0.08391608391608392 0.023474178403755867
14 0.5804195804195804 0.5915492957746479 0.027972027972027972 0.018779342723004695
14 0.6486013986013986 0.6032863849765259 0.06643356643356643 0.014084507042253521
14 0.7465034965034965 0.6103286384976526 0.10139860139860139 0.009389671361502348
14 0.8269230769230769 0.6009389671361502 0.045454545454545456 0.009389671361502348
14 0.1048951048951049 0.363849765258216 0.02097902097902098 0.11737089201877934
14 0.057692307692307696 0.2699530516431925 0.024475524475524476 0.07042253521126761
14 0.012237762237762238 0.27230046948356806 0.024475524475524476 0.06572769953051644
14 0.0472027972027972 0.3403755868544601 0.038461538461538464 0.051643192488262914
14 0.06993006993006994 0.6431924882629109 0.02097902097902098 0.018779342723004695
14 0.08566433566433566 0.6244131455399061 0.017482517482517484 0.018779342723004695
