14 0.41725352112676056 0.5259433962264151 0.18661971830985916 0.023584905660377357
14 0.5598591549295775 0.535377358490566 0.09859154929577466 0.023584905660377357
14 0.6408450704225352 0.5448113207547169 0.04929577464788733 0.023584905660377357
14 0.7376760563380282 0.5566037735849056 0.12323943661971831 0.018867924528301886
14 0.47535211267605637 0.6320754716981132 0.1619718309859155 0.018867924528301886
14 0.09859154929577466 0.22169811320754715 0.02112676056338028 0.07547169811320754
14 0.01056338028169014 0.11084905660377357 0.02112676056338028 0.04245283018867924
14 0.03697183098591549 0.14622641509433962 0.024647887323943664 0.04716981132075471
14 0.035211267605633804 0.3278301886792453 0.014084507042253521 0.023584905660377357
14 0.0528169014084507 0.35377358490566035 0.014084507042253521 0.018867924528301886
14 0.06866197183098592 0.38443396226415094 0.017605633802816902 0.023584905660377357
14 0.08802816901408451 0.41273584905660377 0.014084507042253521 0.023584905660377357
14 0.1056338028169014 0.44811320754716977 0.014084507042253521 0.018867924528301886
14 0.1267605633802817 0.6084905660377359 0.014084507042253521 0.018867924528301886
