14 0.4864406779661017 0.5203619909502263 0.07796610169491525 0.04524886877828055
14 0.576271186440678 0.5407239819004526 0.08813559322033898 0.05882352941176471
14 0.6525423728813559 0.5633484162895928 0.06440677966101695 0.0497737556561086
14 0.7084745762711864 0.5859728506787331 0.04067796610169491 0.0497737556561086
14 0.7491525423728813 0.6063348416289593 0.02711864406779661 0.04524886877828055
14 0.7762711864406779 0.6266968325791856 0.020338983050847456 0.04072398190045249
14 0.8033898305084746 0.6470588235294118 0.020338983050847456 0.03619909502262444
14 0.8220338983050848 0.6832579185520362 0.01694915254237288 0.05429864253393665
14 0.3898305084745763 0.5 0.12203389830508474 0.031674208144796386
14 0.559322033898305 0.3393665158371041 0.020338983050847456 0.01809954751131222
14 0.7644067796610169 0.502262443438914 0.01694915254237288 0.027149321266968326
14 0.7864406779661016 0.5384615384615385 0.020338983050847456 0.03619909502262444
14 0.7338983050847457 0.3800904977375566 0.01694915254237288 0.15384615384615385
14 0.5288135593220339 0.19457013574660637 0.013559322033898305 0.01809954751131222
14 0.5525423728813559 0.22171945701357468 0.013559322033898305 0.01809954751131222
14 0.5728813559322034 0.24208144796380093 0.013559322033898305 0.022624434389140274
14 0.5881355932203389 0.2647058823529412 0.010169491525423728 0.022624434389140274
14 0.6101694915254237 0.28054298642533937 0.013559322033898305 0.01809954751131222
14 0.6254237288135593 0.3054298642533937 0.010169491525423728 0.022624434389140274
14 0.6406779661016949 0.328054298642534 0.013559322033898305 0.022624434389140274
14 0.6610169491525424 0.3552036199095023 0.013559322033898305 0.022624434389140274
14 0.676271186440678 0.3778280542986426 0.01694915254237288 0.022624434389140274
14 0.6915254237288135 0.40271493212669685 0.013559322033898305 0.027149321266968326
14 0.7067796610169491 0.4298642533936652 0.010169491525423728 0.027149321266968326
14 0.7203389830508474 0.45927601809954754 0.010169491525423728 0.022624434389140274
14 0.5016949152542373 0.16289592760180996 0.013559322033898305 0.01809954751131222
14 0.5152542372881356 0.1809954751131222 0.013559322033898305 0.01809954751131222
14 0.48474576271186437 0.14705882352941177 0.013559322033898305 0.022624434389140274
