0 0.49000000000000005 0.2016666666666667 0.03333333333333333 0.030000000000000002
0 0.53 0.22166666666666668 0.02666666666666667 0.030000000000000002
0 0.5650000000000001 0.24000000000000002 0.023333333333333334 0.03333333333333333
0 0.5933333333333334 0.25833333333333336 0.02666666666666667 0.023333333333333334
0 0.7266666666666667 0.3916666666666667 0.02666666666666667 0.030000000000000002
0 0.43333333333333335 0.17500000000000002 0.03333333333333333 0.030000000000000002
0 0.395 0.135 0.023333333333333334 0.023333333333333334
0 0.36000000000000004 0.11166666666666668 0.02 0.016666666666666666
0 0.33 0.09166666666666667 0.02 0.016666666666666666
0 0.34833333333333333 0.13166666666666668 0.01 0.01
0 0.36833333333333335 0.16166666666666668 0.016666666666666666 0.016666666666666666
0 0.39333333333333337 0.18666666666666668 0.013333333333333334 0.02
