14 0.3381294964028777 0.4401913875598086 0.02158273381294964 0.019138755980861243
14 0.3669064748201439 0.4473684210526316 0.02158273381294964 0.023923444976076555
14 0.39928057553956836 0.4593301435406698 0.02877697841726619 0.028708133971291863
14 0.4406474820143885 0.4688995215311005 0.03956834532374101 0.028708133971291863
14 0.5017985611510791 0.4880382775119617 0.08273381294964029 0.03827751196172249
14 0.5737410071942446 0.507177033492823 0.046762589928057555 0.03827751196172249
14 0.6223021582733813 0.5167464114832536 0.04316546762589928 0.028708133971291863
14 0.6654676258992807 0.5358851674641149 0.03597122302158273 0.028708133971291863
14 0.7050359712230216 0.5574162679425837 0.03597122302158273 0.03349282296650718
14 0.7410071942446044 0.5789473684210527 0.02158273381294964 0.03827751196172249
14 0.7679856115107914 0.5980861244019139 0.025179856115107917 0.03827751196172249
14 0.7895683453237411 0.6220095693779905 0.017985611510791366 0.028708133971291863
14 0.8165467625899281 0.6555023923444976 0.02158273381294964 0.057416267942583726
14 0.7931654676258993 0.69377990430622 0.025179856115107917 0.019138755980861243
14 0.7841726618705036 0.5047846889952153 0.03597122302158273 0.11961722488038277
14 0.5629496402877698 0.3397129186602871 0.025179856115107917 0.019138755980861243
14 0.512589928057554 0.16985645933014354 0.01079136690647482 0.014354066985645932
14 0.5305755395683454 0.18660287081339713 0.017985611510791366 0.019138755980861243
14 0.5467625899280576 0.20574162679425836 0.014388489208633094 0.019138755980861243
14 0.5629496402877698 0.22727272727272727 0.017985611510791366 0.023923444976076555
14 0.5827338129496403 0.2511961722488038 0.02158273381294964 0.023923444976076555
14 0.6025179856115108 0.2727272727272727 0.017985611510791366 0.019138755980861243
14 0.6205035971223022 0.2966507177033493 0.017985611510791366 0.028708133971291863
14 0.6420863309352518 0.3181818181818182 0.017985611510791366 0.023923444976076555
14 0.6564748201438849 0.34210526315789475 0.01079136690647482 0.023923444976076555
14 0.6726618705035972 0.3684210526315789 0.014388489208633094 0.019138755980861243
14 0.6852517985611511 0.3923444976076555 0.01079136690647482 0.028708133971291863
14 0.6996402877697843 0.4138755980861244 0.017985611510791366 0.014354066985645932
14 0.7086330935251799 0.43779904306220097 0.007194244604316547 0.014354066985645932
14 0.7248201438848921 0.4688995215311005 0.01079136690647482 0.028708133971291863
14 0.7374100719424461 0.5047846889952153 0.007194244604316547 0.03349282296650718
14 0.7302158273381295 0.3684210526315789 0.014388489208633094 0.14354066985645933
14 0.9496402877697843 0.8444976076555024 0.03597122302158273 0.014354066985645932
14 0.9802158273381295 0.8564593301435406 0.025179856115107917 0.019138755980861243
