14 0.411371237458194 0.171875 0.013377926421404682 0.18303571428571427
14 0.4197324414715719 0.33482142857142855 0.010033444816053512 0.017857142857142856
14 0.4280936454849498 0.41741071428571425 0.020066889632107024 0.07589285714285714
14 0.4397993311036789 0.5223214285714285 0.016722408026755852 0.11607142857142856
14 0.45484949832775917 0.6227678571428571 0.033444816053511704 0.06696428571428571
14 0.48327759197324416 0.7142857142857142 0.016722408026755852 0.10714285714285714
14 0.49498327759197325 0.8058035714285714 0.013377926421404682 0.06696428571428571
14 0.4498327759197324 0.6964285714285714 0.010033444816053512 0.05357142857142857
14 0.4598662207357859 0.7611607142857142 0.016722408026755852 0.049107142857142856
14 0.47157190635451507 0.8214285714285714 0.013377926421404682 0.05357142857142857
14 0.3494983277591973 0.703125 0.016722408026755852 0.040178571428571425
14 0.4230769230769231 0.8683035714285714 0.016722408026755852 0.040178571428571425
14 0.7709030100334449 0.6584821428571428 0.016722408026755852 0.03125
14 0.7190635451505016 0.7142857142857142 0.020066889632107024 0.017857142857142856
14 0.6989966555183946 0.7433035714285714 0.020066889632107024 0.02232142857142857
14 0.6705685618729097 0.7723214285714285 0.023411371237458192 0.017857142857142856
