14 0.45114006514657984 0.17965367965367965 0.00977198697068404 0.16883116883116883
14 0.44951140065146583 0.3246753246753247 0.013029315960912053 0.017316017316017316
14 0.45602605863192186 0.3961038961038961 0.01954397394136808 0.05627705627705628
14 0.4657980456026059 0.5303030303030303 0.026058631921824105 0.19480519480519481
14 0.49185667752442996 0.683982683982684 0.013029315960912053 0.08658008658008658
14 0.506514657980456 0.7813852813852814 0.00977198697068404 0.08225108225108226
14 0.4657980456026059 0.6796536796536796 0.013029315960912053 0.06926406926406926
14 0.4706840390879479 0.7445887445887446 0.00977198697068404 0.03463203463203463
14 0.48045602605863197 0.7965367965367965 0.00977198697068404 0.05194805194805195
14 0.49022801302931596 0.8506493506493507 0.003257328990228013 0.030303030303030304
14 0.36156351791530944 0.70995670995671 0.01954397394136808 0.04329004329004329
14 0.43485342019543977 0.8787878787878788 0.016286644951140065 0.03463203463203463
14 0.7280130293159609 0.7142857142857143 0.016286644951140065 0.017316017316017316
14 0.7117263843648208 0.7359307359307359 0.00977198697068404 0.017316017316017316
14 0.6970684039087948 0.7532467532467533 0.013029315960912053 0.017316017316017316
14 0.6824104234527688 0.7727272727272727 0.00977198697068404 0.021645021645021644
