14 0.4414715719063545 0.14888888888888888 0.013377926421404682 0.19111111111111112
14 0.4431438127090301 0.3022222222222222 0.010033444816053512 0.017777777777777778
14 0.4498327759197324 0.40444444444444444 0.016722408026755852 0.11555555555555555
14 0.4648829431438127 0.5488888888888889 0.026755852842809364 0.14666666666666667
14 0.4916387959866221 0.6466666666666666 0.013377926421404682 0.04888888888888889
14 0.4983277591973244 0.7111111111111111 0.013377926421404682 0.06222222222222222
14 0.5083612040133779 0.7822222222222223 0.006688963210702341 0.06222222222222222
14 0.46655518394648826 0.6666666666666666 0.010033444816053512 0.06222222222222222
14 0.47491638795986624 0.7244444444444444 0.006688963210702341 0.026666666666666665
14 0.479933110367893 0.7711111111111111 0.010033444816053512 0.04888888888888889
14 0.3595317725752508 0.6866666666666666 0.016722408026755852 0.04
14 0.431438127090301 0.8577777777777778 0.013377926421404682 0.044444444444444446
14 0.7290969899665551 0.7044444444444444 0.020066889632107024 0.022222222222222223
14 0.7107023411371237 0.7266666666666667 0.016722408026755852 0.022222222222222223
14 0.6939799331103679 0.7488888888888889 0.016722408026755852 0.022222222222222223
14 0.6755852842809364 0.7666666666666667 0.013377926421404682 0.013333333333333332
