14 0.46864686468646866 0.14096916299559473 0.013201320132013201 0.15859030837004406
14 0.46864686468646866 0.28634361233480177 0.013201320132013201 0.01762114537444934
14 0.47854785478547857 0.3876651982378855 0.019801980198019802 0.10572687224669605
14 0.4884488448844885 0.5330396475770925 0.026402640264026403 0.16740088105726875
14 0.5148514851485149 0.669603524229075 0.013201320132013201 0.11453744493392072
14 0.5198019801980198 0.775330396475771 0.009900990099009901 0.07048458149779736
14 0.4867986798679868 0.656387665198238 0.009900990099009901 0.061674008810572695
14 0.49174917491749176 0.7290748898678415 0.013201320132013201 0.05726872246696036
14 0.3712871287128713 0.6740088105726872 0.023102310231023104 0.052863436123348026
14 0.44224422442244227 0.8524229074889869 0.019801980198019802 0.048458149779735685
14 0.6798679867986799 0.7665198237885463 0.013201320132013201 0.01762114537444934
14 0.6963696369636964 0.7444933920704847 0.013201320132013201 0.01762114537444934
14 0.7128712871287128 0.7246696035242292 0.013201320132013201 0.022026431718061675
14 0.735973597359736 0.7070484581497798 0.013201320132013201 0.022026431718061675
