14 0.46835443037974683 0.09322033898305085 0.012658227848101266 0.1864406779661017
14 0.46677215189873417 0.2542372881355932 0.015822784810126583 0.01694915254237288
14 0.4762658227848101 0.3728813559322034 0.022151898734177215 0.15254237288135594
14 0.49050632911392406 0.5254237288135594 0.03164556962025317 0.1271186440677966
14 0.5126582278481012 0.6228813559322034 0.012658227848101266 0.059322033898305086
14 0.5189873417721519 0.7055084745762712 0.012658227848101266 0.09745762711864407
14 0.48575949367088606 0.6228813559322034 0.00949367088607595 0.0423728813559322
14 0.4889240506329114 0.6779661016949152 0.00949367088607595 0.0423728813559322
14 0.495253164556962 0.7288135593220338 0.00949367088607595 0.05084745762711865
14 0.6708860759493671 0.7457627118644068 0.012658227848101266 0.01694915254237288
14 0.6867088607594937 0.7288135593220338 0.012658227848101266 0.01694915254237288
14 0.7041139240506329 0.7076271186440678 0.015822784810126583 0.01694915254237288
14 0.7183544303797468 0.690677966101695 0.012658227848101266 0.01694915254237288
14 0.7357594936708861 0.6758474576271186 0.00949367088607595 0.012711864406779662
