14 0.5101351351351352 0.018018018018018018 0.02027027027027027 0.036036036036036036
14 0.5033783783783784 0.05405405405405406 0.013513513513513514 0.036036036036036036
14 0.44763513513513514 0.015765765765765764 0.016891891891891893 0.03153153153153153
14 0.4408783783783784 0.05405405405405406 0.010135135135135136 0.036036036036036036
14 0.4273648648648649 0.10135135135135136 0.016891891891891893 0.04054054054054054
14 0.41891891891891897 0.1554054054054054 0.013513513513513514 0.04954954954954955
14 0.40371621621621623 0.20270270270270271 0.010135135135135136 0.04504504504504504
14 0.8766891891891893 0.704954954954955 0.22635135135135137 0.04954954954954955
14 0.6942567567567568 0.6734234234234234 0.125 0.03153153153153153
14 0.7060810810810811 0.704954954954955 0.11486486486486487 0.02252252252252252
14 0.5912162162162162 0.6441441441441441 0.06756756756756757 0.018018018018018018
14 0.5861486486486487 0.6801801801801802 0.08445945945945946 0.02702702702702703
14 0.5219594594594595 0.6261261261261262 0.057432432432432436 0.018018018018018018
14 0.4898648648648649 0.6644144144144144 0.0945945945945946 0.03153153153153153
14 0.39020270270270274 0.6013513513513513 0.037162162162162164 0.013513513513513514
14 0.44932432432432434 0.6171171171171171 0.060810810810810814 0.018018018018018018
14 0.41216216216216217 0.6441441441441441 0.05405405405405406 0.02702702702702703
