14 0.39625850340136054 0.5909090909090908 0.030612244897959183 0.01818181818181818
14 0.4625850340136054 0.6022727272727273 0.08163265306122448 0.022727272727272728
14 0.5425170068027211 0.6204545454545454 0.057823129251700675 0.013636363636363636
14 0.6122448979591837 0.6318181818181818 0.05442176870748299 0.02727272727272727
14 0.6836734693877551 0.6545454545454545 0.07482993197278912 0.01818181818181818
14 0.7704081632653061 0.6772727272727272 0.06462585034013606 0.02727272727272727
14 0.4965986394557823 0.65 0.05442176870748299 0.01818181818181818
14 0.5697278911564626 0.6636363636363636 0.06462585034013606 0.02727272727272727
14 0.43537414965986393 0.6363636363636364 0.047619047619047616 0.01818181818181818
14 0.629251700680272 0.6704545454545454 0.027210884353741496 0.022727272727272728
14 0.695578231292517 0.6795454545454546 0.07142857142857142 0.022727272727272728
14 0.5153061224489796 0.024999999999999998 0.01020408163265306 0.049999999999999996
14 0.45408163265306123 0.02727272727272727 0.01020408163265306 0.03636363636363636
