0 0.33666666666666667 0.31 0.02 0.013333333333333334
0 0.52 0.7433333333333334 0.02666666666666667 0.02666666666666667
0 0.525 0.6866666666666668 0.016666666666666666 0.02
0 0.5033333333333334 0.6583333333333333 0.013333333333333334 0.016666666666666666
0 0.4866666666666667 0.625 0.013333333333333334 0.016666666666666666
0 0.5850000000000001 0.7916666666666667 0.016666666666666666 0.023333333333333334
0 0.61 0.8116666666666668 0.013333333333333334 0.023333333333333334
0 0.6283333333333334 0.8400000000000001 0.01 0.02
0 0.645 0.8600000000000001 0.016666666666666666 0.02666666666666667
0 0.3916666666666667 0.7333333333333334 0.023333333333333334 0.013333333333333334
0 0.42333333333333334 0.7516666666666667 0.02 0.016666666666666666
0 0.46166666666666667 0.775 0.023333333333333334 0.023333333333333334
0 0.49833333333333335 0.7916666666666667 0.023333333333333334 0.023333333333333334
0 0.535 0.79 0.016666666666666666 0.02666666666666667
0 0.5466666666666667 0.8266666666666668 0.02 0.02
0 0.5716666666666667 0.8466666666666667 0.023333333333333334 0.013333333333333334
0 0.6000000000000001 0.8616666666666667 0.02 0.016666666666666666
0 0.6283333333333334 0.89 0.023333333333333334 0.02
0 0.26333333333333336 0.5966666666666667 0.02666666666666667 0.02
