14 0.7311643835616438 0.4726027397260274 0.07876712328767123 0.0228310502283105
14 0.6404109589041096 0.4908675799086758 0.07534246575342465 0.0228310502283105
14 0.5496575342465753 0.4908675799086758 0.07876712328767123 0.0136986301369863
14 0.46061643835616434 0.5114155251141552 0.09246575342465753 0.0182648401826484
14 0.3613013698630137 0.5273972602739726 0.07876712328767123 0.0136986301369863
14 0.39212328767123283 0.5684931506849314 0.07191780821917808 0.0136986301369863
14 0.4657534246575342 0.5570776255707762 0.06164383561643835 0.0182648401826484
14 0.5273972602739726 0.54337899543379 0.04794520547945205 0.0273972602739726
14 0.571917808219178 0.5251141552511416 0.0410958904109589 0.0273972602739726
14 0.613013698630137 0.5205479452054794 0.0273972602739726 0.0182648401826484
14 0.6506849315068493 0.5136986301369862 0.02054794520547945 0.0136986301369863
