14 0.7157534246575342 0.502283105022831 0.11643835616438356 0.0273972602739726
14 0.6695205479452054 0.5319634703196346 0.07191780821917808 0.0228310502283105
14 0.5924657534246575 0.547945205479452 0.0684931506849315 0.0182648401826484
14 0.5171232876712328 0.5662100456621004 0.0684931506849315 0.0182648401826484
14 0.4246575342465753 0.5799086757990868 0.10273972602739725 0.0182648401826484
14 0.37671232876712324 0.545662100456621 0.1095890410958904 0.0136986301369863
14 0.4845890410958904 0.5273972602739726 0.09931506849315068 0.0136986301369863
14 0.809931506849315 0.4931506849315068 0.05136986301369863 0.0182648401826484
14 0.9092465753424657 0.45662100456621 0.16095890410958902 0.0091324200913242
14 0.3886986301369863 0.0365296803652968 0.017123287671232876 0.0730593607305936
14 0.3613013698630137 0.0593607305936073 0.010273972602739725 0.0639269406392694
