14 0.0372168284789644 0.10822510822510822 0.016181229773462785 0.03463203463203463
14 0.06148867313915858 0.15151515151515152 0.01941747572815534 0.03463203463203463
14 0.0889967637540453 0.19047619047619047 0.022653721682847898 0.03463203463203463
14 0.11488673139158577 0.23809523809523808 0.022653721682847898 0.03463203463203463
14 0.1504854368932039 0.29653679653679654 0.02912621359223301 0.05627705627705628
14 0.1877022653721683 0.3463203463203463 0.03883495145631068 0.03463203463203463
14 0.22006472491909387 0.38961038961038963 0.025889967637540454 0.03463203463203463
14 0.255663430420712 0.4393939393939394 0.025889967637540454 0.03896103896103896
14 0.284789644012945 0.48917748917748916 0.025889967637540454 0.03463203463203463
14 0.3122977346278317 0.5151515151515151 0.016181229773462785 0.017316017316017316
14 0.3268608414239482 0.5497835497835498 0.012944983818770227 0.017316017316017316
14 0.34304207119741104 0.5714285714285714 0.006472491909385114 0.017316017316017316
14 0.35760517799352753 0.5909090909090909 0.00970873786407767 0.012987012987012988
14 0.43203883495145634 0.6125541125541125 0.022653721682847898 0.047619047619047616
14 0.42394822006472493 0.6558441558441559 0.012944983818770227 0.030303030303030304
14 0.45307443365695793 0.9307359307359307 0.01941747572815534 0.12987012987012986
14 0.44336569579288027 0.5670995670995671 0.025889967637540454 0.04329004329004329
14 0.45469255663430425 0.5151515151515151 0.02912621359223301 0.04329004329004329
14 0.46601941747572817 0.461038961038961 0.025889967637540454 0.047619047619047616
14 0.4724919093851133 0.4069264069264069 0.03236245954692557 0.06060606060606061
14 0.48381877022653724 0.3354978354978355 0.022653721682847898 0.05627705627705628
14 0.4870550161812298 0.2813852813852814 0.00970873786407767 0.05194805194805195
14 0.49190938511326865 0.22727272727272727 0.012944983818770227 0.05627705627705628
14 0.5 0.2857142857142857 0.00970873786407767 0.03463203463203463
14 0.5080906148867315 0.24242424242424243 0.006472491909385114 0.04329004329004329
14 0.5145631067961165 0.19480519480519481 0.006472491909385114 0.03463203463203463
14 0.522653721682848 0.15584415584415584 0.00970873786407767 0.03463203463203463
14 0.5307443365695793 0.09740259740259741 0.012944983818770227 0.047619047619047616
