14 0.4511041009463722 0.5903361344537815 0.01892744479495268 0.037815126050420166
14 0.444794952681388 0.634453781512605 0.01892744479495268 0.04201680672268907
14 0.4668769716088328 0.5504201680672268 0.031545741324921134 0.05042016806722689
14 0.48264984227129337 0.5021008403361344 0.031545741324921134 0.04621848739495798
14 0.49369085173501576 0.45588235294117646 0.028391167192429023 0.037815126050420166
14 0.5031545741324921 0.4096638655462185 0.015772870662460567 0.037815126050420166
14 0.5126182965299685 0.36974789915966383 0.015772870662460567 0.025210084033613446
14 0.4668769716088328 0.41806722689075626 0.012618296529968454 0.1134453781512605
14 0.4842271293375394 0.3214285714285714 0.015772870662460567 0.04621848739495798
14 0.4952681388012618 0.26050420168067223 0.012618296529968454 0.04201680672268907
14 0.501577287066246 0.20378151260504201 0.006309148264984227 0.021008403361344536
14 0.5268138801261829 0.32983193277310924 0.012618296529968454 0.029411764705882353
14 0.5331230283911672 0.29411764705882354 0.012618296529968454 0.01680672268907563
14 0.5378548895899053 0.26260504201680673 0.00946372239747634 0.021008403361344536
14 0.5473186119873816 0.23319327731092435 0.015772870662460567 0.037815126050420166
14 0.5536277602523659 0.19117647058823528 0.00946372239747634 0.037815126050420166
14 0.5662460567823344 0.15126050420168066 0.00946372239747634 0.04201680672268907
14 0.5741324921135647 0.1092436974789916 0.006309148264984227 0.025210084033613446
14 0.5820189274447949 0.07142857142857142 0.00946372239747634 0.025210084033613446
14 0.4668769716088328 0.9222689075630252 0.01892744479495268 0.12184873949579832
14 0.03943217665615142 0.01680672268907563 0.015772870662460567 0.01680672268907563
14 0.055205047318611984 0.04621848739495798 0.015772870662460567 0.025210084033613446
14 0.07097791798107256 0.0819327731092437 0.015772870662460567 0.021008403361344536
14 0.08990536277602523 0.1092436974789916 0.015772870662460567 0.025210084033613446
14 0.11041009463722397 0.14705882352941177 0.01892744479495268 0.025210084033613446
14 0.12776025236593058 0.18067226890756302 0.015772870662460567 0.025210084033613446
14 0.14984227129337538 0.21428571428571427 0.015772870662460567 0.025210084033613446
14 0.17350157728706625 0.24579831932773108 0.01892744479495268 0.029411764705882353
14 0.19400630914826497 0.2857142857142857 0.015772870662460567 0.025210084033613446
14 0.21293375394321765 0.31512605042016806 0.015772870662460567 0.025210084033613446
14 0.2334384858044164 0.35084033613445376 0.025236593059936908 0.029411764705882353
14 0.26025236593059936 0.3907563025210084 0.022082018927444793 0.03361344537815126
14 0.2854889589905363 0.430672268907563 0.022082018927444793 0.037815126050420166
14 0.3107255520504732 0.4663865546218487 0.022082018927444793 0.025210084033613446
14 0.334384858044164 0.5 0.01892744479495268 0.025210084033613446
14 0.3533123028391167 0.5336134453781513 0.006309148264984227 0.01680672268907563
14 0.36908517350157727 0.5630252100840336 0.012618296529968454 0.025210084033613446
14 0.5189274447949527 0.657563025210084 0.015772870662460567 0.0546218487394958
14 0.5741324921135647 0.6218487394957983 0.025236593059936908 0.06722689075630252
