14 0.4498381877022654 0.5775862068965517 0.01941747572815534 0.06034482758620689
14 0.44012944983818775 0.6336206896551724 0.012944983818770227 0.034482758620689655
14 0.46601941747572817 0.5323275862068966 0.025889967637540454 0.03879310344827586
14 0.4789644012944984 0.4849137931034483 0.01941747572815534 0.04741379310344827
14 0.49029126213592233 0.4418103448275862 0.016181229773462785 0.03879310344827586
14 0.5032362459546926 0.39655172413793105 0.016181229773462785 0.034482758620689655
14 0.5129449838187703 0.35129310344827586 0.00970873786407767 0.03879310344827586
14 0.5210355987055016 0.3103448275862069 0.012944983818770227 0.02586206896551724
14 0.5744336569579288 0.05818965517241379 0.00970873786407767 0.021551724137931036
14 0.56957928802589 0.08836206896551724 0.006472491909385114 0.021551724137931036
14 0.5614886731391586 0.11422413793103448 0.003236245954692557 0.030172413793103446
14 0.5533980582524272 0.15301724137931033 0.006472491909385114 0.030172413793103446
14 0.5469255663430421 0.1810344827586207 0.006472491909385114 0.02586206896551724
14 0.540453074433657 0.21551724137931033 0.006472491909385114 0.02586206896551724
14 0.5339805825242718 0.2521551724137931 0.006472491909385114 0.021551724137931036
14 0.5242718446601942 0.27801724137931033 0.012944983818770227 0.021551724137931036
14 0.46601941747572817 0.41594827586206895 0.012944983818770227 0.04741379310344827
14 0.47734627831715215 0.3599137931034483 0.016181229773462785 0.03879310344827586
14 0.48381877022653724 0.3081896551724138 0.00970873786407767 0.03879310344827586
14 0.49514563106796117 0.25862068965517243 0.012944983818770227 0.04310344827586207
14 0.05339805825242719 0.034482758620689655 0.016181229773462785 0.02586206896551724
14 0.0744336569579288 0.07112068965517242 0.01941747572815534 0.030172413793103446
14 0.0970873786407767 0.11206896551724138 0.012944983818770227 0.02586206896551724
14 0.11488673139158577 0.15517241379310345 0.022653721682847898 0.02586206896551724
14 0.13915857605177995 0.1810344827586207 0.01941747572815534 0.02586206896551724
14 0.16019417475728157 0.22198275862068964 0.016181229773462785 0.030172413793103446
14 0.17637540453074435 0.25 0.016181229773462785 0.02586206896551724
14 0.19255663430420714 0.2801724137931034 0.016181229773462785 0.02586206896551724
14 0.21359223300970875 0.3125 0.012944983818770227 0.030172413793103446
14 0.23300970873786409 0.3426724137931034 0.01941747572815534 0.021551724137931036
14 0.25728155339805825 0.3771551724137931 0.022653721682847898 0.021551724137931036
14 0.27993527508090615 0.41810344827586204 0.022653721682847898 0.034482758620689655
14 0.30258899676375406 0.4547413793103448 0.016181229773462785 0.021551724137931036
14 0.3300970873786408 0.4892241379310345 0.01941747572815534 0.030172413793103446
14 0.3381877022653722 0.521551724137931 0.016181229773462785 0.017241379310344827
14 0.3592233009708738 0.5474137931034483 0.012944983818770227 0.017241379310344827
14 0.3737864077669903 0.5711206896551724 0.00970873786407767 0.01293103448275862
14 0.3511326860841424 0.5064655172413793 0.00970873786407767 0.01293103448275862
14 0.36569579288025894 0.5323275862068966 0.006472491909385114 0.01293103448275862
14 0.38349514563106796 0.5625 0.016181229773462785 0.030172413793103446
14 0.46116504854368934 0.9116379310344828 0.022653721682847898 0.1336206896551724
14 0.5064724919093851 0.665948275862069 0.00970873786407767 0.01293103448275862
14 0.5566343042071198 0.625 0.012944983818770227 0.017241379310344827
14 0.5728155339805826 0.6099137931034483 0.012944983818770227 0.01293103448275862
14 0.5873786407766991 0.5926724137931034 0.016181229773462785 0.021551724137931036
