0 0.16833333333333333 0.43500000000000005 0.023333333333333334 0.023333333333333334
0 0.04666666666666667 0.2966666666666667 0.02666666666666667 0.02666666666666667
0 0.22 0.5183333333333333 0.02 0.016666666666666666
0 0.24833333333333335 0.5416666666666667 0.016666666666666666 0.016666666666666666
0 0.26666666666666666 0.5683333333333334 0.02 0.023333333333333334
0 0.016666666666666666 0.6000000000000001 0.02666666666666667 0.02666666666666667
0 0.03833333333333334 0.6366666666666667 0.023333333333333334 0.02666666666666667
0 0.058333333333333334 0.67 0.023333333333333334 0.02666666666666667
0 0.07500000000000001 0.6983333333333334 0.016666666666666666 0.016666666666666666
0 0.09666666666666668 0.7300000000000001 0.02 0.02666666666666667
0 0.01 0.7033333333333334 0.02 0.03333333333333333
0 0.04166666666666667 0.7366666666666667 0.023333333333333334 0.03333333333333333
0 0.06333333333333334 0.7716666666666667 0.02666666666666667 0.030000000000000002
0 0.09166666666666667 0.795 0.016666666666666666 0.030000000000000002
0 0.11833333333333335 0.8266666666666668 0.016666666666666666 0.03333333333333333
0 0.12833333333333335 0.795 0.023333333333333334 0.016666666666666666
0 0.15000000000000002 0.8383333333333334 0.02666666666666667 0.03666666666666667
