14 0.5031446540880503 0.20711297071129706 0.012578616352201259 0.10460251046025104
14 0.4308176100628931 0.4351464435146443 0.012578616352201259 0.016736401673640166
14 0.40408805031446543 0.4811715481171548 0.009433962264150945 0.016736401673640166
14 0.6116352201257862 0.4623430962343096 0.022012578616352203 0.012552301255230124
14 0.6352201257861636 0.47698744769874474 0.01886792452830189 0.016736401673640166
14 0.6619496855345912 0.4916317991631799 0.015723270440251572 0.012552301255230124
14 0.6855345911949686 0.50836820083682 0.025157232704402517 0.012552301255230124
14 0.7185534591194969 0.5313807531380753 0.022012578616352203 0.025104602510460247
14 0.7468553459119497 0.5690376569037656 0.02830188679245283 0.050209205020920494
14 0.7814465408805031 0.5920502092050208 0.03459119496855346 0.05439330543933054
14 0.8223270440251573 0.6150627615062761 0.03459119496855346 0.05857740585774058
14 0.8616352201257862 0.6527196652719665 0.031446540880503145 0.050209205020920494
14 0.8946540880503145 0.6757322175732217 0.02830188679245283 0.046025104602510455
14 0.9276729559748428 0.702928870292887 0.025157232704402517 0.05857740585774058
14 0.9591194968553459 0.7238493723849372 0.031446540880503145 0.05857740585774058
14 0.9874213836477987 0.7510460251046025 0.01886792452830189 0.046025104602510455
14 0.5361635220125787 0.41004184100418406 0.022012578616352203 0.03347280334728033
14 0.5267295597484277 0.46861924686192463 0.04088050314465409 0.050209205020920494
14 0.5141509433962265 0.5209205020920502 0.03459119496855346 0.046025104602510455
14 0.49842767295597484 0.5669456066945606 0.02830188679245283 0.03765690376569037
14 0.4858490566037736 0.6025104602510459 0.022012578616352203 0.03347280334728033
14 0.46855345911949686 0.6443514644351463 0.031446540880503145 0.03347280334728033
14 0.4638364779874214 0.6799163179916318 0.022012578616352203 0.02928870292887029
14 0.4528301886792453 0.7092050209205021 0.012578616352201259 0.02092050209205021
14 0.4449685534591195 0.7510460251046025 0.015723270440251572 0.046025104602510455
14 0.43238993710691825 0.7991631799163179 0.022012578616352203 0.03347280334728033
14 0.4229559748427673 0.8410041841004183 0.015723270440251572 0.025104602510460247
14 0.4088050314465409 0.8744769874476986 0.012578616352201259 0.016736401673640166
14 0.4025157232704403 0.899581589958159 0.012578616352201259 0.016736401673640166
14 0.39308176100628933 0.9539748953974895 0.012578616352201259 0.06694560669456066
14 0.5141509433962265 0.6255230125523012 0.009433962264150945 0.08786610878661087
14 0.5047169811320755 0.7238493723849372 0.009433962264150945 0.07531380753138074
14 0.49056603773584906 0.8263598326359832 0.012578616352201259 0.08786610878661087
