14 0.503030303030303 0.23588709677419353 0.012121212121212121 0.09274193548387097
14 0.40606060606060607 0.5100806451612903 0.012121212121212121 0.012096774193548387
14 0.3939393939393939 0.5342741935483871 0.012121212121212121 0.020161290322580645
14 0.4287878787878788 0.4657258064516129 0.00909090909090909 0.012096774193548387
14 0.4196969696969697 0.48588709677419356 0.02727272727272727 0.012096774193548387
14 0.543939393939394 0.43951612903225806 0.015151515151515152 0.03225806451612903
14 0.5333333333333333 0.469758064516129 0.012121212121212121 0.020161290322580645
14 0.5287878787878788 0.5262096774193549 0.03333333333333333 0.06854838709677419
14 0.5106060606060606 0.5907258064516129 0.03333333333333333 0.05241935483870967
14 0.49242424242424243 0.6532258064516129 0.02727272727272727 0.04838709677419355
14 0.48484848484848486 0.7096774193548387 0.01818181818181818 0.04838709677419355
14 0.4712121212121212 0.7681451612903225 0.021212121212121213 0.05241935483870967
14 0.4590909090909091 0.8165322580645161 0.015151515151515152 0.03629032258064516
14 0.44696969696969696 0.8689516129032258 0.015151515151515152 0.05241935483870967
14 0.4348484848484849 0.9354838709677419 0.015151515151515152 0.06451612903225806
14 0.5136363636363637 0.6975806451612903 0.015151515151515152 0.04032258064516129
14 0.5045454545454545 0.7641129032258064 0.015151515151515152 0.06854838709677419
14 0.4954545454545455 0.8568548387096774 0.015151515151515152 0.10887096774193548
14 0.48787878787878786 0.9274193548387096 0.012121212121212121 0.03225806451612903
14 0.6363636363636364 0.5161290322580645 0.024242424242424242 0.024193548387096774
14 0.6636363636363637 0.532258064516129 0.01818181818181818 0.016129032258064516
14 0.6863636363636364 0.5544354838709677 0.021212121212121213 0.020161290322580645
14 0.7166666666666667 0.5786290322580645 0.021212121212121213 0.020161290322580645
14 0.7439393939393939 0.6149193548387096 0.02727272727272727 0.04435483870967742
14 0.7712121212121212 0.6370967741935484 0.021212121212121213 0.04838709677419355
14 0.8 0.6633064516129032 0.024242424242424242 0.05241935483870967
14 0.8272727272727273 0.6955645161290323 0.024242424242424242 0.05241935483870967
14 0.8560606060606061 0.7217741935483871 0.03333333333333333 0.04838709677419355
14 0.8878787878787878 0.752016129032258 0.024242424242424242 0.06854838709677419
14 0.9136363636363637 0.7762096774193549 0.02727272727272727 0.06048387096774194
14 0.9424242424242424 0.8044354838709677 0.024242424242424242 0.04435483870967742
14 0.9787878787878788 0.8306451612903225 0.03636363636363636 0.056451612903225805
14 0.6424242424242425 0.5483870967741935 0.012121212121212121 0.016129032258064516
14 0.6636363636363637 0.5665322580645161 0.012121212121212121 0.012096774193548387
14 0.6848484848484848 0.5846774193548387 0.012121212121212121 0.016129032258064516
14 0.706060606060606 0.6048387096774194 0.01818181818181818 0.016129032258064516
14 0.7257575757575757 0.625 0.00909090909090909 0.016129032258064516
