14 0.484 0.23600000000000002 0.008 0.07200000000000001
14 0.46799999999999997 0.394 0.0026666666666666666 0.092
14 0.4613333333333333 0.502 0.005333333333333333 0.092
14 0.4533333333333333 0.674 0.010666666666666666 0.22
14 0.30933333333333335 0.9380000000000001 0.016 0.116
14 0.5386666666666666 0.804 0.010666666666666666 0.032
14 0.504 0.876 0.005333333333333333 0.016
14 0.496 0.902 0.005333333333333333 0.012
14 0.48666666666666664 0.918 0.008 0.012
14 0.9253333333333333 0.6920000000000001 0.026666666666666665 0.024
14 0.7853333333333333 0.652 0.013333333333333332 0.04
