14 0.2558139534883721 0.47038327526132406 0.013953488372093023 0.03484320557491289
14 0.27209302325581397 0.5104529616724739 0.013953488372093023 0.0313588850174216
14 0.3302325581395349 0.5365853658536586 0.009302325581395349 0.05574912891986063
14 0.5895348837209302 0.18641114982578397 0.0069767441860465115 0.024390243902439025
14 0.5697674418604651 0.2264808362369338 0.009302325581395349 0.020905923344947737
14 0.55 0.26480836236933797 0.0069767441860465115 0.027874564459930314
14 0.5337209302325582 0.2926829268292683 0.011627906976744186 0.020905923344947737
14 0.5174418604651163 0.32752613240418116 0.011627906976744186 0.027874564459930314
14 0.5034883720930232 0.3501742160278746 0.011627906976744186 0.017421602787456445
14 0.4906976744186046 0.37282229965156793 0.009302325581395349 0.020905923344947737
14 0.4790697674418605 0.4024390243902439 0.013953488372093023 0.024390243902439025
14 0.463953488372093 0.42857142857142855 0.011627906976744186 0.020905923344947737
14 0.45348837209302323 0.45818815331010454 0.009302325581395349 0.017421602787456445
14 0.4418604651162791 0.4843205574912892 0.009302325581395349 0.020905923344947737
14 0.42790697674418604 0.5121951219512195 0.013953488372093023 0.027874564459930314
14 0.42209302325581394 0.5348432055749129 0.011627906976744186 0.017421602787456445
