14 0.33490566037735847 0.549469964664311 0.009433962264150943 0.0812720848056537
14 0.25825471698113206 0.4664310954063604 0.007075471698113208 0.021201413427561835
14 0.27240566037735847 0.5017667844522968 0.011792452830188678 0.028268551236749116
14 0.41981132075471694 0.549469964664311 0.014150943396226415 0.010600706713780918
14 0.43278301886792453 0.519434628975265 0.011792452830188678 0.014134275618374558
14 0.4410377358490566 0.4929328621908127 0.009433962264150943 0.010600706713780918
14 0.4540094339622641 0.4646643109540636 0.011792452830188678 0.0176678445229682
14 0.46226415094339623 0.44346289752650175 0.014150943396226415 0.010600706713780918
14 0.4775943396226415 0.42226148409893993 0.011792452830188678 0.0176678445229682
14 0.4870283018867924 0.3957597173144876 0.011792452830188678 0.014134275618374558
14 0.49528301886792453 0.3763250883392226 0.009433962264150943 0.010600706713780918
14 0.5047169811320754 0.3621908127208481 0.009433962264150943 0.0176678445229682
14 0.517688679245283 0.33568904593639576 0.011792452830188678 0.014134275618374558
14 0.5283018867924528 0.31095406360424027 0.014150943396226415 0.014134275618374558
14 0.5412735849056604 0.2915194346289753 0.007075471698113208 0.0176678445229682
14 0.5495283018867925 0.27385159010600707 0.009433962264150943 0.010600706713780918
14 0.5672169811320754 0.25265017667844525 0.011792452830188678 0.010600706713780918
14 0.5766509433962264 0.21908127208480566 0.011792452830188678 0.021201413427561835
14 0.5896226415094339 0.1978798586572438 0.009433962264150943 0.014134275618374558
