14 0.3317647058823529 0.5563380281690141 0.009411764705882352 0.09154929577464789
14 0.2576470588235294 0.48063380281690143 0.011764705882352941 0.024647887323943664
14 0.27058823529411763 0.5140845070422535 0.009411764705882352 0.02112676056338028
14 0.2823529411764706 0.5492957746478874 0.009411764705882352 0.02112676056338028
14 0.42235294117647054 0.5475352112676056 0.016470588235294115 0.024647887323943664
14 0.4341176470588235 0.5140845070422535 0.016470588235294115 0.02112676056338028
14 0.448235294117647 0.4859154929577465 0.011764705882352941 0.014084507042253521
14 0.4623529411764705 0.4507042253521127 0.011764705882352941 0.014084507042253521
14 0.47764705882352937 0.4242957746478873 0.009411764705882352 0.01056338028169014
14 0.48470588235294115 0.4014084507042254 0.014117647058823528 0.014084507042253521
14 0.4976470588235294 0.38028169014084506 0.007058823529411764 0.007042253521126761
14 0.508235294117647 0.35387323943661975 0.009411764705882352 0.01056338028169014
14 0.5199999999999999 0.3380281690140845 0.009411764705882352 0.014084507042253521
14 0.5317647058823529 0.3080985915492958 0.014117647058823528 0.017605633802816902
14 0.5423529411764706 0.2887323943661972 0.007058823529411764 0.014084507042253521
14 0.5505882352941176 0.2711267605633803 0.009411764705882352 0.014084507042253521
14 0.5611764705882353 0.2535211267605634 0.011764705882352941 0.014084507042253521
14 0.5717647058823528 0.2323943661971831 0.009411764705882352 0.014084507042253521
14 0.5823529411764705 0.2183098591549296 0.011764705882352941 0.02112676056338028
