14 0.32978723404255317 0.5777385159010601 0.016548463356973995 0.09540636042402827
14 0.25886524822695034 0.5017667844522968 0.01182033096926714 0.0353356890459364
14 0.26832151300236406 0.5282685512367491 0.0070921985815602835 0.0176678445229682
14 0.2801418439716312 0.5618374558303887 0.01182033096926714 0.021201413427561835
14 0.41962174940898345 0.5600706713780919 0.016548463356973995 0.0176678445229682
14 0.4314420803782506 0.5353356890459364 0.016548463356973995 0.0176678445229682
14 0.442080378250591 0.5053003533568905 0.014184397163120567 0.007067137809187279
14 0.45271867612293143 0.48056537102473496 0.01182033096926714 0.014134275618374558
14 0.4657210401891253 0.45936395759717313 0.009456264775413711 0.014134275618374558
14 0.4763593380614657 0.43109540636042404 0.016548463356973995 0.028268551236749116
14 0.491725768321513 0.40989399293286216 0.014184397163120567 0.014134275618374558
14 0.49763593380614657 0.38162544169611307 0.01182033096926714 0.021201413427561835
14 0.5118203309692672 0.3657243816254417 0.01182033096926714 0.0176678445229682
14 0.5200945626477541 0.33922261484098937 0.004728132387706856 0.014134275618374558
14 0.5295508274231678 0.3197879858657244 0.004728132387706856 0.0176678445229682
14 0.5449172576832151 0.29328621908127206 0.01182033096926714 0.014134275618374558
