14 0.3333333333333333 0.5709219858156028 0.009456264775413711 0.0851063829787234
14 0.2576832151300236 0.5 0.009456264775413711 0.02127659574468085
14 0.2706855791962175 0.5336879432624113 0.0070921985815602835 0.017730496453900707
14 0.28486997635933803 0.5691489361702128 0.01182033096926714 0.031914893617021274
14 0.41962174940898345 0.5762411347517731 0.01182033096926714 0.017730496453900707
14 0.42789598108747046 0.5478723404255319 0.009456264775413711 0.010638297872340425
14 0.43853427895981084 0.5230496453900709 0.01182033096926714 0.010638297872340425
14 0.44799054373522457 0.5053191489361702 0.01182033096926714 0.010638297872340425
14 0.458628841607565 0.4858156028368794 0.009456264775413711 0.02127659574468085
14 0.47044917257683216 0.46099290780141844 0.014184397163120567 0.0070921985815602835
14 0.47990543735224583 0.43439716312056736 0.009456264775413711 0.010638297872340425
14 0.4905437352245863 0.41134751773049644 0.01182033096926714 0.02127659574468085
14 0.5011820330969267 0.39184397163120566 0.009456264775413711 0.017730496453900707
14 0.5130023640661938 0.36879432624113473 0.009456264775413711 0.02127659574468085
14 0.524822695035461 0.34397163120567376 0.009456264775413711 0.0070921985815602835
14 0.5330969267139479 0.3226950354609929 0.0070921985815602835 0.014184397163120567
14 0.5460992907801419 0.3102836879432624 0.009456264775413711 0.017730496453900707
14 0.5591016548463357 0.2801418439716312 0.0070921985815602835 0.014184397163120567
