14 0.33098591549295775 0.5845070422535211 0.009389671361502348 0.09154929577464789
14 0.255868544600939 0.5088028169014085 0.014084507042253521 0.024647887323943664
14 0.27699530516431925 0.5580985915492958 0.014084507042253521 0.045774647887323945
14 0.41901408450704225 0.573943661971831 0.011737089201877934 0.014084507042253521
14 0.4307511737089202 0.551056338028169 0.011737089201877934 0.017605633802816902
14 0.44014084507042256 0.522887323943662 0.011737089201877934 0.017605633802816902
14 0.4483568075117371 0.5052816901408451 0.009389671361502348 0.01056338028169014
14 0.46009389671361506 0.4823943661971831 0.014084507042253521 0.02112676056338028
14 0.47300469483568075 0.4595070422535211 0.007042253521126761 0.017605633802816902
14 0.4823943661971831 0.4366197183098592 0.011737089201877934 0.028169014084507043
14 0.49765258215962443 0.40492957746478875 0.014084507042253521 0.02112676056338028
14 0.5140845070422535 0.3767605633802817 0.009389671361502348 0.014084507042253521
14 0.528169014084507 0.35387323943661975 0.009389671361502348 0.01056338028169014
14 0.5387323943661972 0.33098591549295775 0.007042253521126761 0.014084507042253521
14 0.5504694835680751 0.30633802816901406 0.007042253521126761 0.014084507042253521
14 0.5575117370892019 0.2887323943661972 0.007042253521126761 0.007042253521126761
