14 0.2142857142857143 0.9336917562724014 0.02380952380952381 0.0967741935483871
14 0.5488095238095239 0.507168458781362 0.02142857142857143 0.03225806451612903
14 0.567857142857143 0.46953405017921146 0.01666666666666667 0.014336917562724014
14 0.5761904761904763 0.44265232974910396 0.014285714285714287 0.010752688172043012
14 0.5928571428571429 0.4175627240143369 0.01904761904761905 0.025089605734767026
14 0.6095238095238096 0.3781362007168459 0.01904761904761905 0.03225806451612903
14 0.6261904761904763 0.3548387096774194 0.014285714285714287 0.021505376344086023
14 0.6404761904761905 0.32437275985663083 0.009523809523809525 0.017921146953405017
14 0.5345238095238096 0.5645161290322581 0.011904761904761906 0.03225806451612903
14 0.5202380952380953 0.5949820788530465 0.011904761904761906 0.021505376344086023
14 0.5023809523809524 0.6290322580645161 0.014285714285714287 0.025089605734767026
14 0.4892857142857143 0.6630824372759857 0.011904761904761906 0.021505376344086023
14 0.4797619047619048 0.6917562724014337 0.011904761904761906 0.021505376344086023
14 0.46666666666666673 0.7150537634408602 0.009523809523809525 0.017921146953405017
14 0.455952380952381 0.7437275985663082 0.011904761904761906 0.017921146953405017
14 0.44523809523809527 0.7759856630824373 0.009523809523809525 0.017921146953405017
14 0.4345238095238096 0.7992831541218638 0.0071428571428571435 0.021505376344086023
14 0.5166666666666667 0.5448028673835126 0.004761904761904762 0.014336917562724014
14 0.505952380952381 0.5698924731182796 0.0071428571428571435 0.014336917562724014
14 0.49523809523809526 0.5949820788530465 0.004761904761904762 0.014336917562724014
14 0.48690476190476195 0.6182795698924731 0.0071428571428571435 0.017921146953405017
14 0.47380952380952385 0.6379928315412187 0.009523809523809525 0.014336917562724014
14 0.4630952380952381 0.6648745519713262 0.0071428571428571435 0.017921146953405017
14 0.45000000000000007 0.6881720430107527 0.009523809523809525 0.021505376344086023
14 0.4404761904761905 0.7186379928315412 0.009523809523809525 0.017921146953405017
14 0.4285714285714286 0.7508960573476703 0.009523809523809525 0.025089605734767026
