14 0.21919431279620855 0.9234875444839857 0.02132701421800948 0.11032028469750889
14 0.5533175355450237 0.5 0.016587677725118485 0.01779359430604982
14 0.5746445497630333 0.45373665480427045 0.016587677725118485 0.01779359430604982
14 0.590047393364929 0.42882562277580066 0.014218009478672987 0.01779359430604982
14 0.604265402843602 0.40213523131672596 0.014218009478672987 0.021352313167259787
14 0.6208530805687205 0.37722419928825623 0.014218009478672987 0.021352313167259787
14 0.6338862559241707 0.35231316725978645 0.016587677725118485 0.021352313167259787
14 0.6457345971563981 0.32562277580071175 0.016587677725118485 0.01779359430604982
14 0.6658767772511849 0.29537366548042704 0.009478672985781991 0.021352313167259787
14 0.5402843601895735 0.5658362989323843 0.009478672985781991 0.028469750889679714
14 0.5260663507109005 0.592526690391459 0.009478672985781991 0.02491103202846975
14 0.5130331753554502 0.6227758007117438 0.007109004739336493 0.021352313167259787
14 0.5 0.6512455516014235 0.004739336492890996 0.014234875444839857
14 0.490521327014218 0.6708185053380783 0.004739336492890996 0.01779359430604982
14 0.4798578199052133 0.695729537366548 0.002369668246445498 0.01779359430604982
14 0.47037914691943133 0.7241992882562277 0.007109004739336493 0.01779359430604982
14 0.4573459715639811 0.7526690391459074 0.004739336492890996 0.01779359430604982
14 0.4443127962085308 0.7793594306049821 0.007109004739336493 0.021352313167259787
14 0.4845971563981043 0.6174377224199288 0.002369668246445498 0.01779359430604982
14 0.4774881516587678 0.6476868327402134 0.007109004739336493 0.021352313167259787
14 0.4620853080568721 0.6743772241992882 0.004739336492890996 0.01779359430604982
14 0.4561611374407583 0.701067615658363 0.007109004739336493 0.014234875444839857
14 0.4443127962085308 0.7188612099644128 0.007109004739336493 0.014234875444839857
14 0.43483412322274884 0.7437722419928825 0.007109004739336493 0.014234875444839857
14 0.42298578199052134 0.7704626334519572 0.011848341232227489 0.01779359430604982
