14 0.6766109785202864 0.2974910394265233 0.007159904534606206 0.014336917562724014
14 0.662291169451074 0.3172043010752688 0.007159904534606206 0.017921146953405017
14 0.6515513126491647 0.34587813620071683 0.00954653937947494 0.017921146953405017
14 0.6372315035799523 0.36200716845878134 0.00954653937947494 0.014336917562724014
14 0.6252983293556086 0.3888888888888889 0.00954653937947494 0.017921146953405017
14 0.6073985680190931 0.4103942652329749 0.016706443914081145 0.017921146953405017
14 0.5918854415274464 0.4444444444444444 0.014319809069212411 0.021505376344086023
14 0.5799522673031027 0.47491039426523296 0.014319809069212411 0.017921146953405017
14 0.5656324582338902 0.496415770609319 0.00954653937947494 0.025089605734767026
14 0.5596658711217184 0.5304659498207885 0.011933174224343677 0.021505376344086023
14 0.5513126491646778 0.5609318996415771 0.014319809069212411 0.025089605734767026
14 0.5393794749403341 0.589605734767025 0.00954653937947494 0.025089605734767026
14 0.5310262529832935 0.6129032258064516 0.007159904534606206 0.021505376344086023
14 0.5202863961813843 0.6290322580645161 0.00954653937947494 0.017921146953405017
14 0.5095465393794749 0.6523297491039427 0.011933174224343677 0.014336917562724014
14 0.49642004773269693 0.6845878136200717 0.00954653937947494 0.021505376344086023
14 0.48448687350835323 0.7114695340501792 0.00954653937947494 0.017921146953405017
14 0.47732696897374705 0.7311827956989247 0.00477326968973747 0.014336917562724014
14 0.4630071599045346 0.7544802867383512 0.00477326968973747 0.010752688172043012
14 0.4606205250596659 0.7777777777777778 0.00477326968973747 0.014336917562724014
14 0.22673031026252985 0.9301075268817204 0.023866348448687354 0.08243727598566308
