14 0.6547619047619048 0.32974910394265233 0.009523809523809525 0.021505376344086023
14 0.6428571428571429 0.34946236559139787 0.014285714285714287 0.017921146953405017
14 0.6285714285714287 0.3727598566308244 0.014285714285714287 0.021505376344086023
14 0.6154761904761905 0.3996415770609319 0.01666666666666667 0.025089605734767026
14 0.6023809523809525 0.4211469534050179 0.014285714285714287 0.017921146953405017
14 0.5869047619047619 0.4444444444444444 0.026190476190476195 0.021505376344086023
14 0.5738095238095239 0.47491039426523296 0.01904761904761905 0.025089605734767026
14 0.5607142857142857 0.5 0.026190476190476195 0.017921146953405017
14 0.5595238095238095 0.525089605734767 0.009523809523809525 0.017921146953405017
14 0.5547619047619048 0.5448028673835126 0.009523809523809525 0.021505376344086023
14 0.5440476190476191 0.5627240143369175 0.0071428571428571435 0.014336917562724014
14 0.5357142857142858 0.5878136200716846 0.014285714285714287 0.02867383512544803
14 0.5226190476190476 0.6218637992831542 0.0071428571428571435 0.017921146953405017
14 0.5107142857142858 0.6469534050179212 0.011904761904761906 0.017921146953405017
14 0.5023809523809524 0.6720430107526881 0.009523809523809525 0.017921146953405017
14 0.4904761904761905 0.6899641577060932 0.009523809523809525 0.017921146953405017
14 0.4821428571428572 0.7114695340501792 0.0071428571428571435 0.017921146953405017
14 0.47500000000000003 0.7383512544802867 0.0071428571428571435 0.021505376344086023
14 0.45952380952380956 0.7634408602150538 0.009523809523809525 0.021505376344086023
14 0.4488095238095238 0.7939068100358423 0.0071428571428571435 0.017921146953405017
14 0.4416666666666667 0.8172043010752689 0.0071428571428571435 0.021505376344086023
14 0.4297619047619048 0.8440860215053764 0.0071428571428571435 0.017921146953405017
14 0.41785714285714287 0.8709677419354839 0.011904761904761906 0.021505376344086023
14 0.22500000000000003 0.931899641577061 0.04047619047619048 0.12186379928315412
14 0.5154761904761905 0.5663082437275986 0.0071428571428571435 0.014336917562724014
14 0.5285714285714286 0.557347670250896 0.004761904761904762 0.010752688172043012
14 0.5035714285714287 0.6039426523297491 0.0071428571428571435 0.010752688172043012
14 0.46547619047619054 0.6774193548387096 0.0071428571428571435 0.014336917562724014
