14 0.6618705035971223 0.33453237410071945 0.009592326139088728 0.02158273381294964
14 0.645083932853717 0.35431654676258995 0.009592326139088728 0.017985611510791366
14 0.6330935251798561 0.37769784172661874 0.014388489208633093 0.02158273381294964
14 0.619904076738609 0.4064748201438849 0.01199040767386091 0.02158273381294964
14 0.6067146282973621 0.43165467625899284 0.009592326139088728 0.02158273381294964
14 0.5947242206235012 0.45143884892086333 0.014388489208633093 0.017985611510791366
14 0.580335731414868 0.47482014388489213 0.014388489208633093 0.02158273381294964
14 0.5647482014388489 0.5107913669064749 0.021582733812949638 0.02158273381294964
14 0.5599520383693045 0.5431654676258993 0.007194244604316546 0.014388489208633094
14 0.552757793764988 0.564748201438849 0.007194244604316546 0.014388489208633094
14 0.5419664268585132 0.5845323741007195 0.009592326139088728 0.017985611510791366
14 0.5335731414868106 0.6079136690647482 0.01199040767386091 0.02158273381294964
14 0.5251798561151079 0.6330935251798562 0.004796163069544364 0.007194244604316547
14 0.514388489208633 0.6438848920863309 0.007194244604316546 0.014388489208633094
14 0.5035971223021583 0.6762589928057554 0.014388489208633093 0.02158273381294964
14 0.4940047961630695 0.7068345323741008 0.009592326139088728 0.017985611510791366
14 0.4832134292565947 0.7302158273381295 0.007194244604316546 0.014388489208633094
14 0.47242206235011985 0.7482014388489209 0.009592326139088728 0.014388489208633094
14 0.46522781774580335 0.7715827338129497 0.009592326139088728 0.017985611510791366
14 0.4544364508393285 0.7967625899280576 0.007194244604316546 0.017985611510791366
14 0.44604316546762585 0.8237410071942447 0.009592326139088728 0.02158273381294964
14 0.43405275779376495 0.8507194244604317 0.004796163069544364 0.01079136690647482
14 0.42206235011990406 0.8794964028776979 0.004796163069544364 0.017985611510791366
14 0.4160671462829736 0.9118705035971223 0.007194244604316546 0.017985611510791366
14 0.5359712230215827 0.5503597122302158 0.01199040767386091 0.014388489208633094
14 0.5251798561151079 0.5719424460431655 0.004796163069544364 0.014388489208633094
14 0.5167865707434053 0.5899280575539568 0.007194244604316546 0.007194244604316547
14 0.5083932853717026 0.6115107913669066 0.004796163069544364 0.014388489208633094
14 0.4976019184652278 0.631294964028777 0.007194244604316546 0.017985611510791366
14 0.4832134292565947 0.6528776978417267 0.007194244604316546 0.017985611510791366
14 0.47601918465227816 0.6762589928057554 0.01199040767386091 0.014388489208633094
14 0.4640287769784172 0.6960431654676259 0.007194244604316546 0.01079136690647482
14 0.4580335731414868 0.7176258992805756 0.009592326139088728 0.017985611510791366
14 0.44844124700239807 0.7464028776978417 0.009592326139088728 0.017985611510791366
14 0.4376498800959232 0.7805755395683454 0.01199040767386091 0.02158273381294964
14 0.23381294964028776 0.9262589928057554 0.026378896882494004 0.11151079136690648
