14 0.3832116788321168 0.7116788321167883 0.021897810218978103 0.1386861313868613
14 0.3953771289537713 0.583941605839416 0.0170316301703163 0.11678832116788321
14 0.41119221411192214 0.4817518248175182 0.014598540145985401 0.06569343065693431
14 0.4221411192214112 0.41423357664233573 0.012165450121654502 0.05474452554744525
14 0.4343065693430657 0.3448905109489051 0.0072992700729927005 0.04744525547445255
14 0.24939172749391728 0.4105839416058394 0.012165450121654502 0.025547445255474453
14 0.2664233576642336 0.43613138686131386 0.0170316301703163 0.01824817518248175
14 0.2822384428223844 0.46532846715328463 0.009732360097323601 0.01824817518248175
14 0.29683698296836986 0.49635036496350365 0.009732360097323601 0.021897810218978103
14 0.3150851581508516 0.5218978102189781 0.0072992700729927005 0.021897810218978103
14 0.3345498783454988 0.5802919708029197 0.012165450121654502 0.0364963503649635
14 0.5486618004866181 0.23357664233576642 0.012165450121654502 0.014598540145985401
14 0.5632603406326034 0.22627737226277372 0.012165450121654502 0.014598540145985401
14 0.5790754257907543 0.20985401459854014 0.014598540145985401 0.01824817518248175
14 0.5961070559610706 0.1989051094890511 0.014598540145985401 0.01824817518248175
14 0.6082725060827251 0.18795620437956204 0.024330900243309004 0.025547445255474453
14 0.621654501216545 0.16970802919708028 0.012165450121654502 0.010948905109489052
14 0.962287104622871 0.06386861313868612 0.012165450121654502 0.01824817518248175
14 0.9416058394160585 0.09306569343065693 0.009732360097323601 0.025547445255474453
14 0.9233576642335767 0.11496350364963503 0.012165450121654502 0.01824817518248175
14 0.8953771289537713 0.14233576642335766 0.014598540145985401 0.021897810218978103
14 0.8771289537712895 0.1678832116788321 0.012165450121654502 0.021897810218978103
14 0.8503649635036497 0.19525547445255473 0.012165450121654502 0.025547445255474453
14 0.8248175182481752 0.22445255474452555 0.009732360097323601 0.01824817518248175
14 0.8017031630170317 0.25 0.0072992700729927005 0.01824817518248175
14 0.9525547445255474 0.021897810218978103 0.012165450121654502 0.021897810218978103
14 0.9343065693430657 0.03832116788321168 0.009732360097323601 0.01824817518248175
14 0.9148418491484185 0.058394160583941604 0.009732360097323601 0.014598540145985401
14 0.8990267639902677 0.08029197080291971 0.0072992700729927005 0.014598540145985401
14 0.8832116788321168 0.09671532846715328 0.009732360097323601 0.01824817518248175
14 0.8686131386861314 0.11496350364963503 0.014598540145985401 0.01824817518248175
