14 0.24695863746958638 0.42700729927007297 0.0170316301703163 0.021897810218978103
14 0.26520681265206814 0.4616788321167883 0.019464720194647202 0.025547445255474453
14 0.28345498783454987 0.49452554744525545 0.012165450121654502 0.01824817518248175
14 0.30170316301703165 0.5218978102189781 0.009732360097323601 0.021897810218978103
14 0.3223844282238443 0.5656934306569343 0.012165450121654502 0.021897810218978103
14 0.5437956204379563 0.25 0.012165450121654502 0.01824817518248175
14 0.5571776155717761 0.2354014598540146 0.014598540145985401 0.025547445255474453
14 0.5754257907542579 0.22080291970802918 0.012165450121654502 0.025547445255474453
14 0.5912408759124088 0.2062043795620438 0.014598540145985401 0.01824817518248175
14 0.6070559610705596 0.18795620437956204 0.0170316301703163 0.01824817518248175
14 0.975669099756691 0.05656934306569343 0.019464720194647202 0.025547445255474453
14 0.9598540145985401 0.08029197080291971 0.012165450121654502 0.014598540145985401
14 0.940389294403893 0.09854014598540145 0.0072992700729927005 0.014598540145985401
14 0.916058394160584 0.12226277372262773 0.012165450121654502 0.025547445255474453
14 0.8953771289537713 0.145985401459854 0.009732360097323601 0.014598540145985401
14 0.8734793187347932 0.16970802919708028 0.009732360097323601 0.01824817518248175
14 0.854014598540146 0.19343065693430656 0.004866180048661801 0.014598540145985401
14 0.8394160583941606 0.21715328467153283 0.004866180048661801 0.010948905109489052
14 0.378345498783455 0.7098540145985401 0.021897810218978103 0.18613138686131386
14 0.39416058394160586 0.5529197080291971 0.014598540145985401 0.12773722627737225
14 0.4148418491484185 0.4306569343065693 0.012165450121654502 0.08759124087591241
14 0.4318734793187348 0.33394160583941607 0.0072992700729927005 0.06204379562043796
