14 0.2396593673965937 0.41818181818181815 0.012165450121654502 0.02181818181818182
14 0.25547445255474455 0.4490909090909091 0.014598540145985401 0.01818181818181818
14 0.2737226277372263 0.4781818181818182 0.012165450121654502 0.01818181818181818
14 0.28953771289537716 0.5072727272727273 0.009732360097323601 0.01818181818181818
14 0.30413625304136255 0.54 0.014598540145985401 0.025454545454545455
14 0.3199513381995134 0.5745454545454546 0.0072992700729927005 0.014545454545454545
14 0.3333333333333333 0.6018181818181818 0.009732360097323601 0.025454545454545455
14 0.3807785888077859 0.7218181818181818 0.021897810218978103 0.15636363636363637
14 0.3929440389294404 0.5781818181818181 0.0170316301703163 0.10909090909090909
14 0.4075425790754258 0.4727272727272727 0.012165450121654502 0.06545454545454546
14 0.4197080291970803 0.3981818181818182 0.012165450121654502 0.04727272727272727
14 0.43795620437956206 0.3054545454545455 0.009732360097323601 0.08727272727272728
14 0.5389294403892945 0.2581818181818182 0.012165450121654502 0.02181818181818182
14 0.5583941605839416 0.2381818181818182 0.0170316301703163 0.025454545454545455
14 0.5778588807785888 0.21818181818181817 0.0170316301703163 0.02181818181818182
14 0.5985401459854015 0.19818181818181818 0.014598540145985401 0.01818181818181818
14 0.9695863746958637 0.06909090909090909 0.0170316301703163 0.02181818181818182
14 0.9452554744525548 0.09090909090909091 0.012165450121654502 0.02181818181818182
14 0.9221411192214112 0.11818181818181818 0.014598540145985401 0.025454545454545455
14 0.8965936739659368 0.14545454545454545 0.0170316301703163 0.02181818181818182
14 0.8746958637469586 0.17272727272727273 0.012165450121654502 0.01818181818181818
14 0.8515815085158152 0.19636363636363635 0.009732360097323601 0.014545454545454545
14 0.8309002433090025 0.2290909090909091 0.0072992700729927005 0.02181818181818182
14 0.9549878345498783 0.02181818181818182 0.0072992700729927005 0.014545454545454545
14 0.9306569343065694 0.04181818181818182 0.0072992700729927005 0.01090909090909091
14 0.9172749391727494 0.06 0.004866180048661801 0.01090909090909091
14 0.891727493917275 0.0890909090909091 0.0072992700729927005 0.01090909090909091
