14 0.5917338709677419 0.4123867069486405 0.01814516129032258 0.0634441087613293
14 0.5695564516129032 0.48942598187311176 0.01814516129032258 0.06646525679758308
14 0.5463709677419355 0.5709969788519638 0.020161290322580645 0.08459214501510574
14 0.532258064516129 0.6616314199395771 0.020161290322580645 0.06646525679758308
14 0.5221774193548387 0.7356495468277946 0.008064516129032258 0.0513595166163142
14 0.5070564516129032 0.7885196374622356 0.014112903225806451 0.04229607250755287
14 0.4949596774193548 0.8489425981873112 0.010080645161290322 0.060422960725075525
14 0.4808467741935484 0.9380664652567976 0.014112903225806451 0.11178247734138973
14 0.6078629032258064 0.37462235649546827 0.014112903225806451 0.04229607250755287
14 0.6229838709677419 0.33081570996978854 0.012096774193548387 0.027190332326283987
14 0.6340725806451613 0.29607250755287007 0.010080645161290322 0.01812688821752266
14 0.6451612903225806 0.26435045317220546 0.012096774193548387 0.027190332326283987
14 0.65625 0.23867069486404835 0.010080645161290322 0.01812688821752266
14 0.6693548387096774 0.21148036253776434 0.008064516129032258 0.012084592145015106
14 0.6784274193548387 0.19184290030211482 0.010080645161290322 0.015105740181268881
14 0.689516129032258 0.17069486404833836 0.012096774193548387 0.015105740181268881
14 0.7006048387096774 0.14652567975830816 0.010080645161290322 0.015105740181268881
14 0.7157258064516129 0.12537764350453173 0.008064516129032258 0.015105740181268881
14 0.5252016129032258 0.5906344410876133 0.010080645161290322 0.027190332326283987
14 0.5131048387096774 0.6555891238670695 0.010080645161290322 0.02416918429003021
14 0.501008064516129 0.6978851963746223 0.010080645161290322 0.03625377643504532
14 0.4788306451612903 0.7824773413897281 0.010080645161290322 0.04229607250755287
