14 0.5565656565656566 0.5740181268882175 0.022222222222222223 0.04229607250755287
14 0.5676767676767677 0.5241691842900302 0.0202020202020202 0.045317220543806644
14 0.5818181818181818 0.4788519637462236 0.01616161616161616 0.027190332326283987
14 0.597979797979798 0.44410876132930516 0.01616161616161616 0.03625377643504532
14 0.6090909090909091 0.4003021148036254 0.014141414141414142 0.03927492447129909
14 0.6222222222222222 0.3564954682779456 0.01616161616161616 0.030211480362537763
14 0.6383838383838384 0.3157099697885196 0.012121212121212121 0.027190332326283987
14 0.6484848484848484 0.2809667673716012 0.012121212121212121 0.02416918429003021
14 0.6606060606060606 0.25226586102719034 0.012121212121212121 0.027190332326283987
14 0.6686868686868687 0.22507552870090636 0.012121212121212121 0.021148036253776436
14 0.6797979797979798 0.20090634441087613 0.0101010101010101 0.015105740181268881
14 0.692929292929293 0.17069486404833836 0.00404040404040404 0.00906344410876133
14 0.5535353535353535 0.6087613293051359 0.00808080808080808 0.021148036253776436
14 0.5434343434343434 0.6646525679758308 0.00808080808080808 0.03625377643504532
14 0.5363636363636364 0.7145015105740181 0.006060606060606061 0.027190332326283987
14 0.5232323232323233 0.7658610271903323 0.00808080808080808 0.021148036253776436
14 0.5151515151515151 0.8051359516616314 0.00808080808080808 0.027190332326283987
14 0.503030303030303 0.8459214501510574 0.00808080808080808 0.030211480362537763
14 0.49696969696969695 0.904833836858006 0.012121212121212121 0.03323262839879154
