14 0.5704225352112676 0.5377643504531722 0.018108651911468814 0.054380664652567974
14 0.5845070422535211 0.4909365558912387 0.014084507042253523 0.03927492447129909
14 0.5965794768611671 0.4501510574018127 0.018108651911468814 0.04229607250755287
14 0.6096579476861167 0.41389728096676737 0.01609657947686117 0.04229607250755287
14 0.6237424547283703 0.37462235649546827 0.012072434607645876 0.03625377643504532
14 0.6327967806841047 0.3429003021148036 0.006036217303822938 0.021148036253776436
14 0.6418511066398391 0.31419939577039274 0.008048289738430584 0.02416918429003021
14 0.6529175050301811 0.28851963746223563 0.01006036217303823 0.027190332326283987
14 0.6659959758551308 0.25226586102719034 0.008048289738430584 0.027190332326283987
14 0.6770623742454729 0.22507552870090636 0.01006036217303823 0.027190332326283987
14 0.5633802816901409 0.5936555891238671 0.012072434607645876 0.03927492447129909
14 0.557344064386318 0.6389728096676737 0.012072434607645876 0.03323262839879154
14 0.5472837022132797 0.6858006042296072 0.008048289738430584 0.03625377643504532
14 0.5372233400402415 0.7280966767371602 0.008048289738430584 0.03625377643504532
14 0.5251509054325956 0.770392749244713 0.01609657947686117 0.02416918429003021
14 0.5150905432595574 0.8157099697885196 0.01609657947686117 0.03625377643504532
14 0.506036217303823 0.8610271903323263 0.014084507042253523 0.03625377643504532
14 0.49597585513078474 0.9018126888217523 0.01006036217303823 0.03323262839879154
14 0.4899396378269618 0.959214501510574 0.01006036217303823 0.05740181268882175
