14 0.5473790322580645 0.5903614457831325 0.02217741935483871 0.03614457831325302
14 0.5554435483870968 0.6265060240963856 0.006048387096774193 0.03614457831325302
14 0.5413306451612903 0.6762048192771085 0.014112903225806451 0.03313253012048193
14 0.532258064516129 0.7274096385542169 0.004032258064516129 0.03313253012048193
14 0.5221774193548387 0.7725903614457832 0.008064516129032258 0.02710843373493976
14 0.5110887096774194 0.8207831325301205 0.010080645161290322 0.0391566265060241
14 0.49798387096774194 0.8765060240963856 0.008064516129032258 0.042168674698795185
14 0.48689516129032256 0.944277108433735 0.014112903225806451 0.06325301204819278
14 0.563508064516129 0.549698795180723 0.01814516129032258 0.0391566265060241
14 0.5735887096774194 0.5090361445783133 0.01814516129032258 0.030120481927710843
14 0.5877016129032258 0.4668674698795181 0.010080645161290322 0.024096385542168676
14 0.5987903225806451 0.4352409638554217 0.012096774193548387 0.02710843373493976
14 0.6108870967741935 0.40060240963855426 0.012096774193548387 0.03614457831325302
14 0.6209677419354839 0.36897590361445787 0.012096774193548387 0.0391566265060241
14 0.6350806451612903 0.33283132530120485 0.012096774193548387 0.03313253012048193
14 0.6451612903225806 0.2936746987951807 0.008064516129032258 0.03313253012048193
14 0.65625 0.2680722891566265 0.010080645161290322 0.01807228915662651
14 0.6703629032258064 0.22891566265060243 0.010080645161290322 0.01807228915662651
