14 0.7388724035608308 0.1891089108910891 0.02967359050445104 0.061386138613861385
14 0.6320474777448072 0.46534653465346537 0.02967359050445104 0.12673267326732673
14 0.19881305637982197 0.8693069306930693 0.02373887240356083 0.09504950495049505
14 0.2626112759643917 0.6297029702970297 0.026706231454005934 0.023762376237623763
14 0.2759643916913947 0.6069306930693069 0.02373887240356083 0.013861386138613862
14 0.2922848664688427 0.5871287128712871 0.02077151335311573 0.013861386138613862
14 0.3056379821958457 0.5663366336633664 0.02373887240356083 0.015841584158415842
14 0.3189910979228487 0.5455445544554456 0.026706231454005934 0.013861386138613862
14 0.33234421364985167 0.5237623762376238 0.02373887240356083 0.009900990099009901
14 0.35014836795252224 0.502970297029703 0.02373887240356083 0.015841584158415842
14 0.3590504451038576 0.4792079207920792 0.005934718100890208 0.007920792079207921
14 0.37240356083086057 0.4524752475247525 0.01483679525222552 0.017821782178217824
14 0.39169139465875374 0.42574257425742573 0.011869436201780416 0.015841584158415842
14 0.40801186943620177 0.4 0.008902077151335312 0.011881188118811881
