14 0.6454005934718101 0.4495049504950495 0.026706231454005934 0.08712871287128712
14 0.7462908011869437 0.19603960396039605 0.026706231454005934 0.023762376237623763
14 0.2878338278931751 0.6247524752475248 0.011869436201780416 0.017821782178217824
14 0.30118694362017806 0.596039603960396 0.02077151335311573 0.015841584158415842
14 0.3160237388724036 0.5762376237623762 0.01483679525222552 0.011881188118811881
14 0.327893175074184 0.5544554455445545 0.01483679525222552 0.011881188118811881
14 0.3427299703264095 0.5316831683168317 0.01483679525222552 0.013861386138613862
14 0.3560830860534125 0.5099009900990099 0.017804154302670624 0.017821782178217824
14 0.3694362017804154 0.4900990099009901 0.02077151335311573 0.017821782178217824
14 0.3827893175074184 0.4643564356435644 0.017804154302670624 0.017821782178217824
14 0.4020771513353116 0.43663366336633663 0.01483679525222552 0.02178217821782178
14 0.41543026706231456 0.4108910891089109 0.017804154302670624 0.0297029702970297
14 0.2195845697329377 0.8722772277227723 0.02967359050445104 0.09306930693069307
