14 0.22941176470588234 0.8637254901960785 0.011764705882352941 0.07254901960784313
14 0.29558823529411765 0.6362745098039215 0.014705882352941176 0.029411764705882353
14 0.31029411764705883 0.611764705882353 0.026470588235294117 0.0196078431372549
14 0.325 0.5843137254901961 0.020588235294117647 0.01568627450980392
14 0.3426470588235294 0.557843137254902 0.020588235294117647 0.00980392156862745
14 0.3529411764705882 0.5352941176470588 0.01764705882352941 0.01568627450980392
14 0.3720588235294118 0.5029411764705882 0.026470588235294117 0.021568627450980392
14 0.3941176470588235 0.4764705882352941 0.01764705882352941 0.011764705882352941
14 0.4073529411764706 0.4519607843137255 0.008823529411764706 0.00980392156862745
14 0.425 0.42058823529411765 0.014705882352941176 0.013725490196078431
14 0.6485294117647059 0.4784313725490196 0.032352941176470584 0.13725490196078433
14 0.7455882352941177 0.20490196078431372 0.032352941176470584 0.029411764705882353
14 0.7235294117647059 0.2588235294117647 0.023529411764705882 0.050980392156862744
14 0.7014705882352941 0.30980392156862746 0.026470588235294117 0.03529411764705882
