14 0.6642228739002932 0.48336594911937375 0.03225806451612903 0.10567514677103718
14 0.6656891495601173 0.40802348336594907 0.02346041055718475 0.021526418786692758
14 0.7243401759530792 0.30430528375733856 0.02932551319648094 0.01761252446183953
14 0.7404692082111437 0.2632093933463796 0.020527859237536656 0.021526418786692758
14 0.7609970674486803 0.2054794520547945 0.03225806451612903 0.03131115459882583
14 0.3152492668621701 0.6320939334637965 0.020527859237536656 0.019569471624266144
14 0.24780058651026393 0.8747553816046967 0.01466275659824047 0.0821917808219178
14 0.32991202346041054 0.6076320939334637 0.020527859237536656 0.01761252446183953
14 0.34310850439882695 0.5851272015655578 0.01759530791788856 0.007827788649706457
14 0.3548387096774194 0.5636007827788649 0.011730205278592375 0.011741682974559686
14 0.36656891495601174 0.5420743639921721 0.011730205278592375 0.019569471624266144
14 0.3812316715542522 0.5195694716242661 0.02932551319648094 0.009784735812133072
14 0.3885630498533724 0.5 0.020527859237536656 0.01761252446183953
14 0.40175953079178883 0.4726027397260274 0.01759530791788856 0.021526418786692758
14 0.4222873900293255 0.4569471624266145 0.02346041055718475 0.025440313111545987
14 0.43841642228739003 0.4334637964774951 0.020527859237536656 0.021526418786692758
14 0.4472140762463343 0.41291585127201563 0.020527859237536656 0.015655577299412915
