14 0.3055555555555555 0.6318359375 0.02046783625730994 0.021484375
14 0.3187134502923976 0.6123046875 0.017543859649122806 0.009765625
14 0.33479532163742687 0.5947265625 0.014619883040935672 0.009765625
14 0.34502923976608185 0.5712890625 0.017543859649122806 0.005859375
14 0.35818713450292394 0.5498046875 0.02046783625730994 0.009765625
14 0.24122807017543857 0.8642578125 0.02046783625730994 0.083984375
14 0.3684210526315789 0.5205078125 0.017543859649122806 0.013671875
14 0.3874269005847953 0.4990234375 0.014619883040935672 0.009765625
14 0.39766081871345027 0.4853515625 0.011695906432748537 0.005859375
14 0.40789473684210525 0.46484375 0.014619883040935672 0.01171875
14 0.42105263157894735 0.4501953125 0.017543859649122806 0.009765625
14 0.435672514619883 0.4296875 0.011695906432748537 0.01171875
14 0.44883040935672514 0.404296875 0.014619883040935672 0.01171875
14 0.5292397660818713 0.2431640625 0.011695906432748537 0.029296875
14 0.7543859649122806 0.2119140625 0.03508771929824561 0.064453125
14 0.7266081871345029 0.2783203125 0.03216374269005848 0.068359375
14 0.6637426900584795 0.470703125 0.023391812865497075 0.13671875
