14 0.2338235294117647 0.8588235294117647 0.014705882352941176 0.054901960784313725
14 0.3073529411764706 0.6264705882352941 0.014705882352941176 0.029411764705882353
14 0.7558823529411764 0.2107843137254902 0.023529411764705882 0.052941176470588235
14 0.7308823529411764 0.27058823529411763 0.026470588235294117 0.058823529411764705
14 0.6985294117647058 0.3176470588235294 0.032352941176470584 0.03137254901960784
14 0.6588235294117647 0.4647058823529412 0.029411764705882353 0.12941176470588234
14 0.5279411764705882 0.23529411764705882 0.014705882352941176 0.023529411764705882
14 0.45588235294117646 0.3764705882352941 0.0058823529411764705 0.011764705882352941
14 0.43823529411764706 0.40588235294117647 0.011764705882352941 0.011764705882352941
14 0.4235294117647059 0.43137254901960786 0.011764705882352941 0.01568627450980392
14 0.4088235294117647 0.44901960784313727 0.011764705882352941 0.01568627450980392
14 0.39852941176470585 0.46862745098039216 0.020588235294117647 0.0196078431372549
14 0.38676470588235295 0.492156862745098 0.008823529411764706 0.01568627450980392
14 0.3735294117647059 0.5127450980392156 0.011764705882352941 0.01764705882352941
14 0.3602941176470588 0.5352941176470588 0.008823529411764706 0.011764705882352941
14 0.35 0.5558823529411765 0.01764705882352941 0.01764705882352941
14 0.3338235294117647 0.5735294117647058 0.014705882352941176 0.013725490196078431
14 0.3235294117647059 0.596078431372549 0.023529411764705882 0.01568627450980392
