14 0.45440729483282677 0.16937119675456389 0.02127659574468085 0.02231237322515213
14 0.47416413373860183 0.1876267748478702 0.0182370820668693 0.014198782961460446
14 0.49848024316109424 0.21196754563894524 0.0182370820668693 0.014198782961460446
14 0.5182370820668692 0.23326572008113589 0.00911854103343465 0.012170385395537525
14 0.5425531914893617 0.2606490872210953 0.015197568389057751 0.010141987829614604
14 0.5030395136778115 0.45334685598377283 0.00911854103343465 0.010141987829614604
14 0.4848024316109423 0.47058823529411764 0.00911854103343465 0.012170385395537525
14 0.4635258358662614 0.4908722109533469 0.015197568389057751 0.016227180527383367
14 0.44376899696048633 0.5081135902636916 0.0121580547112462 0.010141987829614604
14 0.43009118541033436 0.5253549695740365 0.00911854103343465 0.012170385395537525
14 0.41033434650455924 0.5436105476673427 0.0121580547112462 0.012170385395537525
14 0.3844984802431611 0.5649087221095335 0.02127659574468085 0.018255578093306288
14 0.36930091185410335 0.5811359026369168 0.015197568389057751 0.014198782961460446
14 0.35106382978723405 0.6014198782961461 0.02127659574468085 0.014198782961460446
14 0.3373860182370821 0.6146044624746451 0.0121580547112462 0.008113590263691683
14 0.31458966565349544 0.6298174442190669 0.02735562310030395 0.010141987829614604
14 0.30547112462006076 0.6480730223123732 0.00911854103343465 0.010141987829614604
14 0.29331306990881456 0.6612576064908722 0.00911854103343465 0.012170385395537525
14 0.2750759878419453 0.6764705882352942 0.00911854103343465 0.010141987829614604
14 0.25835866261398177 0.6906693711967545 0.0060790273556231 0.006085192697768763
14 0.24316109422492402 0.7058823529411764 0.0121580547112462 0.016227180527383367
14 0.22036474164133737 0.72920892494929 0.00911854103343465 0.014198782961460446
14 0.20820668693009117 0.7515212981744421 0.015197568389057751 0.014198782961460446
14 0.19756838905775076 0.7778904665314401 0.0182370820668693 0.014198782961460446
14 0.182370820668693 0.7981744421906694 0.0121580547112462 0.014198782961460446
14 0.1702127659574468 0.8296146044624746 0.0182370820668693 0.028397565922920892
14 0.5425531914893617 0.8438133874239351 0.02735562310030395 0.016227180527383367
14 0.5759878419452887 0.8630831643002028 0.02735562310030395 0.010141987829614604
14 0.60790273556231 0.8782961460446247 0.0243161094224924 0.012170385395537525
14 0.6413373860182371 0.9026369168356998 0.0243161094224924 0.008113590263691683
14 0.6762917933130699 0.922920892494929 0.03343465045592705 0.02028397565922921
