14 0.45151515151515154 0.15821501014198783 0.024242424242424242 0.016227180527383367
14 0.47424242424242424 0.18559837728194725 0.021212121212121213 0.018255578093306288
14 0.6045454545454545 0.8813387423935091 0.015151515151515152 0.014198782961460446
14 0.6378787878787878 0.9006085192697768 0.021212121212121213 0.012170385395537525
14 0.5196969696969697 0.8245436105476673 0.015151515151515152 0.014198782961460446
14 0.5454545454545454 0.8427991886409736 0.024242424242424242 0.006085192697768763
14 0.5075757575757576 0.4462474645030426 0.00909090909090909 0.016227180527383367
14 0.4909090909090909 0.460446247464503 0.012121212121212121 0.012170385395537525
14 0.4727272727272727 0.4817444219066937 0.012121212121212121 0.014198782961460446
14 0.45151515151515154 0.5 0.012121212121212121 0.010141987829614604
14 0.4348484848484849 0.5172413793103449 0.015151515151515152 0.012170385395537525
14 0.4212121212121212 0.5334685598377282 0.012121212121212121 0.012170385395537525
