14 0.5134328358208955 0.43339960238568587 0.005970149253731343 0.011928429423459244
14 0.4880597014925373 0.45526838966202776 0.014925373134328358 0.015904572564612324
14 0.4746268656716418 0.48011928429423456 0.01791044776119403 0.017892644135188866
14 0.4552238805970149 0.49999999999999994 0.014925373134328358 0.013916500994035784
14 0.4328358208955224 0.5129224652087475 0.011940298507462687 0.011928429423459244
14 0.4208955223880597 0.5328031809145128 0.01791044776119403 0.011928429423459244
14 0.40298507462686567 0.55168986083499 0.011940298507462687 0.013916500994035784
14 0.3791044776119403 0.5705765407554672 0.01791044776119403 0.019880715705765405
14 0.3597014925373134 0.5914512922465208 0.020895522388059702 0.013916500994035784
14 0.34328358208955223 0.6093439363817097 0.011940298507462687 0.009940357852882702
14 0.32686567164179103 0.6282306163021868 0.014925373134328358 0.011928429423459244
14 0.3044776119402985 0.6451292246520874 0.011940298507462687 0.009940357852882702
14 0.28059701492537314 0.6630218687872763 0.011940298507462687 0.013916500994035784
14 0.5238805970149254 0.8200795228628229 0.026865671641791045 0.013916500994035784
14 0.5567164179104478 0.8389662027833001 0.026865671641791045 0.011928429423459244
14 0.5791044776119403 0.8538767395626242 0.01791044776119403 0.005964214711729622
14 0.6029850746268657 0.8727634194831013 0.01791044776119403 0.007952286282306162
14 0.6313432835820896 0.8926441351888668 0.026865671641791045 0.011928429423459244
14 0.6597014925373135 0.9115308151093439 0.029850746268656716 0.009940357852882702
14 0.4552238805970149 0.1570576540755467 0.014925373134328358 0.02385685884691849
14 0.47611940298507466 0.1908548707753479 0.020895522388059702 0.02385685884691849
14 0.508955223880597 0.21669980119284293 0.020895522388059702 0.02385685884691849
14 0.5313432835820896 0.2445328031809145 0.023880597014925373 0.019880715705765405
