14 0.7495145631067961 0.5421511627906976 0.007766990291262136 0.026162790697674417
14 0.7660194174757281 0.5668604651162791 0.009708737864077669 0.029069767441860465
14 0.7786407766990291 0.5973837209302325 0.011650485436893204 0.020348837209302327
14 0.8436893203883494 0.7383720930232558 0.009708737864077669 0.023255813953488372
14 0.8650485436893204 0.7892441860465116 0.013592233009708738 0.0377906976744186
14 0.21844660194174756 0.7587209302325582 0.009708737864077669 0.01744186046511628
14 0.2320388349514563 0.7340116279069767 0.005825242718446602 0.020348837209302327
14 0.24757281553398058 0.7122093023255814 0.009708737864077669 0.01744186046511628
14 0.2669902912621359 0.6831395348837209 0.009708737864077669 0.01744186046511628
14 0.28058252427184466 0.6627906976744186 0.009708737864077669 0.011627906976744186
14 0.5233009708737864 0.4433139534883721 0.005825242718446602 0.014534883720930232
14 0.5087378640776699 0.45930232558139533 0.007766990291262136 0.011627906976744186
14 0.487378640776699 0.4752906976744186 0.007766990291262136 0.014534883720930232
14 0.4679611650485437 0.49127906976744184 0.003883495145631068 0.011627906976744186
14 0.45436893203883494 0.5072674418604651 0.007766990291262136 0.00872093023255814
14 0.4388349514563107 0.5188953488372093 0.003883495145631068 0.00872093023255814
14 0.4262135922330097 0.5305232558139534 0.005825242718446602 0.014534883720930232
14 0.4077669902912621 0.5494186046511628 0.011650485436893204 0.011627906976744186
14 0.3902912621359223 0.559593023255814 0.011650485436893204 0.014534883720930232
14 0.36796116504854365 0.5712209302325582 0.013592233009708738 0.014534883720930232
14 0.34271844660194173 0.5886627906976745 0.021359223300970873 0.014534883720930232
14 0.32233009708737864 0.6104651162790697 0.007766990291262136 0.011627906976744186
14 0.30679611650485433 0.626453488372093 0.011650485436893204 0.014534883720930232
