14 0.6579457364341085 0.3241279069767442 0.013565891472868217 0.020348837209302327
14 0.7625968992248062 0.5523255813953488 0.029069767441860465 0.046511627906976744
14 0.7829457364341085 0.5915697674418604 0.011627906976744186 0.020348837209302327
14 0.5784883720930233 0.39680232558139533 0.009689922480620155 0.014534883720930232
14 0.560077519379845 0.41424418604651164 0.007751937984496124 0.00872093023255814
14 0.5445736434108527 0.43023255813953487 0.007751937984496124 0.011627906976744186
14 0.5290697674418604 0.4418604651162791 0.007751937984496124 0.01744186046511628
14 0.5125968992248062 0.4578488372093023 0.013565891472868217 0.014534883720930232
14 0.49127906976744184 0.4752906976744186 0.009689922480620155 0.020348837209302327
14 0.47771317829457366 0.4898255813953488 0.013565891472868217 0.014534883720930232
14 0.4583333333333333 0.5 0.009689922480620155 0.011627906976744186
14 0.43992248062015504 0.5174418604651163 0.015503875968992248 0.011627906976744186
14 0.4176356589147287 0.5348837209302325 0.013565891472868217 0.01744186046511628
14 0.3992248062015504 0.5537790697674418 0.011627906976744186 0.014534883720930232
14 0.375 0.5668604651162791 0.01744186046511628 0.011627906976744186
14 0.3323643410852713 0.6017441860465116 0.009689922480620155 0.01744186046511628
14 0.31007751937984496 0.626453488372093 0.011627906976744186 0.014534883720930232
14 0.29748062015503873 0.6468023255813954 0.009689922480620155 0.014534883720930232
14 0.2858527131782946 0.6671511627906976 0.009689922480620155 0.020348837209302327
14 0.27325581395348836 0.684593023255814 0.011627906976744186 0.020348837209302327
14 0.2558139534883721 0.7107558139534884 0.011627906976744186 0.020348837209302327
14 0.2374031007751938 0.7354651162790697 0.009689922480620155 0.01744186046511628
14 0.22674418604651161 0.7572674418604651 0.007751937984496124 0.014534883720930232
14 0.21220930232558138 0.7805232558139534 0.013565891472868217 0.026162790697674417
14 0.1947674418604651 0.815406976744186 0.009689922480620155 0.020348837209302327
14 0.2558139534883721 0.8473837209302325 0.011627906976744186 0.014534883720930232
14 0.27228682170542634 0.8372093023255813 0.009689922480620155 0.01744186046511628
