14 0.7524177949709865 0.5290697674418604 0.015473887814313346 0.023255813953488372
14 0.7688588007736944 0.5566860465116279 0.013539651837524178 0.020348837209302327
14 0.7833655705996132 0.5872093023255814 0.01160541586073501 0.029069767441860465
14 0.6537717601547389 0.32848837209302323 0.007736943907156673 0.011627906976744186
14 0.6315280464216635 0.35174418604651164 0.009671179883945842 0.011627906976744186
14 0.6083172147001934 0.37209302325581395 0.005802707930367505 0.011627906976744186
14 0.586073500967118 0.3880813953488372 0.01160541586073501 0.00872093023255814
14 0.5667311411992263 0.4069767441860465 0.007736943907156673 0.011627906976744186
14 0.5541586073500967 0.4258720930232558 0.009671179883945842 0.014534883720930232
14 0.534816247582205 0.438953488372093 0.009671179883945842 0.011627906976744186
14 0.5183752417794971 0.45348837209302323 0.01160541586073501 0.011627906976744186
14 0.4961315280464217 0.47238372093023256 0.009671179883945842 0.00872093023255814
14 0.4816247582205029 0.4840116279069767 0.01160541586073501 0.014534883720930232
14 0.4622823984526112 0.5 0.015473887814313346 0.01744186046511628
14 0.44197292069632493 0.5159883720930233 0.013539651837524178 0.014534883720930232
14 0.42263056092843326 0.5348837209302325 0.013539651837524178 0.011627906976744186
14 0.40618955512572535 0.5479651162790697 0.01160541586073501 0.014534883720930232
14 0.38781431334622823 0.565406976744186 0.009671179883945842 0.014534883720930232
14 0.36943907156673117 0.5741279069767442 0.015473887814313346 0.014534883720930232
14 0.3481624758220503 0.5901162790697674 0.015473887814313346 0.011627906976744186
14 0.33365570599613154 0.6075581395348837 0.013539651837524178 0.011627906976744186
