14 0.75 0.5376811594202898 0.005791505791505792 0.014492753623188406
14 0.7615830115830116 0.5666666666666667 0.009652509652509652 0.020289855072463767
14 0.7750965250965252 0.5956521739130435 0.013513513513513514 0.020289855072463767
14 0.4584942084942085 0.5173913043478261 0.017374517374517374 0.014492753623188406
14 0.47393822393822393 0.5 0.017374517374517374 0.014492753623188406
14 0.49131274131274133 0.48695652173913045 0.009652509652509652 0.005797101449275362
14 0.5077220077220077 0.4753623188405797 0.011583011583011584 0.011594202898550725
14 0.5202702702702703 0.4623188405797102 0.009652509652509652 0.008695652173913044
14 0.5366795366795367 0.4492753623188406 0.007722007722007722 0.005797101449275362
14 0.5530888030888031 0.43478260869565216 0.013513513513513514 0.005797101449275362
14 0.5685328185328186 0.4217391304347826 0.009652509652509652 0.008695652173913044
14 0.5830115830115831 0.40869565217391307 0.007722007722007722 0.011594202898550725
14 0.5965250965250966 0.39420289855072466 0.011583011583011584 0.011594202898550725
14 0.6293436293436293 0.3695652173913044 0.007722007722007722 0.008695652173913044
14 0.6418918918918919 0.36086956521739133 0.009652509652509652 0.008695652173913044
14 0.6534749034749034 0.3492753623188406 0.009652509652509652 0.008695652173913044
14 0.6631274131274132 0.3391304347826087 0.009652509652509652 0.011594202898550725
