14 0.5705996131528046 0.4520348837209302 0.01160541586073501 0.00872093023255814
14 0.5996131528046422 0.42441860465116277 0.007736943907156673 0.011627906976744186
14 0.6121856866537717 0.40843023255813954 0.009671179883945842 0.00872093023255814
14 0.6266924564796905 0.40406976744186046 0.007736943907156673 0.011627906976744186
14 0.6460348162475822 0.38372093023255816 0.007736943907156673 0.01744186046511628
14 0.660541586073501 0.373546511627907 0.009671179883945842 0.014534883720930232
14 0.6702127659574468 0.3590116279069767 0.005802707930367505 0.014534883720930232
14 0.6827852998065764 0.34738372093023256 0.007736943907156673 0.014534883720930232
14 0.7678916827852998 0.559593023255814 0.007736943907156673 0.020348837209302327
14 0.7804642166344294 0.5872093023255814 0.009671179883945842 0.01744186046511628
14 0.7940038684719536 0.6148255813953488 0.009671179883945842 0.026162790697674417
