14 0.46551724137931033 0.3282674772036474 0.02231237322515213 0.0243161094224924
14 0.49594320486815413 0.3586626139817629 0.018255578093306288 0.0182370820668693
14 0.524340770791075 0.3860182370820669 0.02231237322515213 0.0182370820668693
14 0.5537525354969574 0.4133738601823708 0.016227180527383367 0.0182370820668693
14 0.577079107505071 0.439209726443769 0.02231237322515213 0.02127659574468085
14 0.603448275862069 0.46200607902735563 0.02231237322515213 0.0182370820668693
14 0.6257606490872211 0.48328267477203646 0.014198782961460446 0.0182370820668693
14 0.6450304259634888 0.5045592705167173 0.012170385395537525 0.0121580547112462
14 0.6683569979716024 0.5197568389057751 0.010141987829614604 0.0182370820668693
14 0.6835699797160243 0.5364741641337386 0.012170385395537525 0.015197568389057751
14 0.6997971602434077 0.5531914893617021 0.016227180527383367 0.0182370820668693
14 0.7241379310344828 0.5714285714285714 0.016227180527383367 0.0243161094224924
14 0.12880324543610547 0.6306990881458967 0.014198782961460446 0.015197568389057751
14 0.11663286004056794 0.6534954407294833 0.010141987829614604 0.0121580547112462
14 0.09939148073022312 0.6732522796352584 0.008113590263691683 0.015197568389057751
14 0.0872210953346856 0.6990881458966566 0.008113590263691683 0.0182370820668693
14 0.07403651115618662 0.71580547112462 0.006085192697768763 0.015197568389057751
14 0.058823529411764705 0.7386018237082067 0.008113590263691683 0.0243161094224924
14 0.0436105476673428 0.7598784194528876 0.006085192697768763 0.0182370820668693
14 0.029411764705882353 0.7841945288753799 0.006085192697768763 0.0182370820668693
14 0.012170385395537525 0.8130699088145896 0.008113590263691683 0.02127659574468085
