14 0.46780684104627773 0.35090361445783136 0.022132796780684107 0.021084337349397592
14 0.5030181086519115 0.38403614457831325 0.024144869215291753 0.02710843373493976
14 0.5321931589537224 0.4126506024096386 0.022132796780684107 0.024096385542168676
14 0.5583501006036218 0.44728915662650603 0.018108651911468814 0.021084337349397592
14 0.5824949698189136 0.4623493975903615 0.014084507042253523 0.015060240963855422
14 0.6056338028169015 0.48343373493975905 0.012072434607645876 0.015060240963855422
14 0.625754527162978 0.5075301204819277 0.01609657947686117 0.015060240963855422
14 0.6428571428571429 0.5256024096385542 0.014084507042253523 0.015060240963855422
14 0.6639839034205232 0.5376506024096386 0.012072434607645876 0.009036144578313254
14 0.6851106639839035 0.5572289156626506 0.018108651911468814 0.012048192771084338
14 0.7042253521126761 0.5813253012048193 0.01609657947686117 0.01807228915662651
14 0.7243460764587526 0.5918674698795181 0.012072434607645876 0.015060240963855422
14 0.07847082494969819 0.6927710843373495 0.012072434607645876 0.024096385542168676
14 0.06740442655935615 0.7153614457831325 0.006036217303822938 0.015060240963855422
14 0.05030181086519115 0.7364457831325302 0.008048289738430584 0.015060240963855422
14 0.03219315895372234 0.7605421686746988 0.008048289738430584 0.009036144578313254
14 0.019114688128772636 0.783132530120482 0.006036217303822938 0.012048192771084338
14 0.01006036217303823 0.8072289156626506 0.004024144869215292 0.012048192771084338
14 0.002012072434607646 0.8207831325301205 0.004024144869215292 0.009036144578313254
