14 0.4748490945674045 0.36253776435045315 0.02012072434607646 0.030211480362537763
14 0.5 0.3851963746223565 0.022132796780684107 0.027190332326283987
14 0.5261569416498995 0.4078549848942598 0.014084507042253523 0.02416918429003021
14 0.5432595573440644 0.43202416918429004 0.01609657947686117 0.01812688821752266
14 0.5633802816901409 0.4501510574018127 0.012072434607645876 0.01812688821752266
14 0.5824949698189136 0.472809667673716 0.01006036217303823 0.015105740181268881
14 0.6046277665995976 0.4909365558912387 0.01006036217303823 0.015105740181268881
14 0.6227364185110664 0.5075528700906344 0.01006036217303823 0.012084592145015106
14 0.6458752515090543 0.5302114803625377 0.012072434607645876 0.027190332326283987
14 0.6659959758551308 0.5483383685800605 0.01609657947686117 0.021148036253776436
14 0.6851106639839035 0.5619335347432024 0.01006036217303823 0.01812688821752266
14 0.7052313883299799 0.5709969788519638 0.01006036217303823 0.01812688821752266
