14 0.5140280561122244 0.39759036144578314 0.014028056112224447 0.024096385542168676
14 0.5360721442885771 0.4231927710843374 0.018036072144288574 0.021084337349397592
14 0.564128256513026 0.44578313253012053 0.022044088176352703 0.01807228915662651
14 0.5851703406813626 0.46837349397590367 0.01603206412825651 0.021084337349397592
14 0.6082164328657315 0.49096385542168675 0.01002004008016032 0.012048192771084338
14 0.6262525050100199 0.5090361445783133 0.01002004008016032 0.012048192771084338
14 0.6432865731462926 0.5271084337349398 0.012024048096192383 0.012048192771084338
14 0.6663326653306613 0.5451807228915663 0.014028056112224447 0.012048192771084338
14 0.6863727454909819 0.5617469879518072 0.014028056112224447 0.009036144578313254
14 0.721442885771543 0.585843373493976 0.03607214428857715 0.021084337349397592
