0 0.7200000000000001 0.2516666666666667 0.02 0.030000000000000002
0 0.7000000000000001 0.29000000000000004 0.013333333333333334 0.02
0 0.7033333333333334 0.32666666666666666 0.02 0.02
0 0.7000000000000001 0.36333333333333334 0.006666666666666667 0.02666666666666667
0 0.3116666666666667 0.9533333333333334 0.08333333333333334 0.04666666666666667
0 0.5133333333333334 0.29500000000000004 0.02 0.016666666666666666
0 0.4966666666666667 0.3216666666666667 0.02666666666666667 0.023333333333333334
0 0.44 0.395 0.02 0.016666666666666666
0 0.3916666666666667 0.465 0.023333333333333334 0.030000000000000002
0 0.3516666666666667 0.5333333333333333 0.023333333333333334 0.02
0 0.30333333333333334 0.6033333333333334 0.02 0.02
0 0.32333333333333336 0.5816666666666667 0.02 0.016666666666666666
0 0.3716666666666667 0.4966666666666667 0.016666666666666666 0.02
0 0.2866666666666667 0.635 0.02 0.023333333333333334
0 0.6683333333333333 0.4033333333333334 0.016666666666666666 0.02
