14 0.27426636568848756 0.608843537414966 0.015801354401805866 0.013605442176870748
14 0.2968397291196388 0.596938775510204 0.01128668171557562 0.01020408163265306
14 0.3205417607223476 0.5884353741496599 0.02257336343115124 0.013605442176870748
14 0.3510158013544018 0.5748299319727891 0.02934537246049661 0.027210884353741496
14 0.3713318284424379 0.5442176870748299 0.020316027088036117 0.027210884353741496
14 0.3961625282167043 0.5238095238095238 0.020316027088036117 0.027210884353741496
14 0.41986455981941306 0.5153061224489796 0.02257336343115124 0.023809523809523808
14 0.43679458239277646 0.5051020408163265 0.01128668171557562 0.01020408163265306
14 0.4525959367945824 0.48299319727891155 0.015801354401805866 0.013605442176870748
14 0.47629796839729116 0.47108843537414963 0.02257336343115124 0.017006802721088433
14 0.5045146726862302 0.46428571428571425 0.02934537246049661 0.023809523809523808
14 0.520316027088036 0.4387755102040816 0.015801354401805866 0.013605442176870748
14 0.5338600451467268 0.4183673469387755 0.01128668171557562 0.013605442176870748
14 0.5451467268623025 0.39285714285714285 0.01128668171557562 0.01020408163265306
14 0.5620767494356659 0.3826530612244898 0.02257336343115124 0.030612244897959183
14 0.5744920993227991 0.3520408163265306 0.015801354401805866 0.023809523809523808
14 0.17042889390519186 0.4523809523809524 0.01128668171557562 0.14965986394557823
14 0.15237020316027086 0.5748299319727891 0.024830699774266364 0.08843537414965986
14 0.136568848758465 0.6632653061224489 0.020316027088036117 0.07482993197278912
14 0.11625282167042889 0.7534013605442177 0.020316027088036117 0.07142857142857142
