14 0.1762114537444934 0.4174917491749175 0.00881057268722467 0.056105610561056105
14 0.16629955947136565 0.5033003300330033 0.015418502202643174 0.0891089108910891
14 0.1497797356828194 0.6105610561056106 0.01762114537444934 0.09900990099009901
14 0.13656387665198239 0.6947194719471947 0.01762114537444934 0.0627062706270627
14 0.5825991189427313 0.334983498349835 0.011013215859030838 0.036303630363036306
14 0.5572687224669604 0.3844884488448845 0.01762114537444934 0.0297029702970297
14 0.5352422907488987 0.4075907590759076 0.013215859030837006 0.0165016501650165
14 0.5209251101321586 0.43564356435643564 0.015418502202643174 0.026402640264026403
14 0.4911894273127754 0.46534653465346537 0.030837004405286347 0.013201320132013201
14 0.4548458149779736 0.49339933993399343 0.03744493392070485 0.023102310231023104
14 0.41629955947136565 0.5198019801980198 0.048458149779735685 0.023102310231023104
14 0.3755506607929516 0.5511551155115512 0.03744493392070485 0.026402640264026403
14 0.3359030837004406 0.5742574257425742 0.03744493392070485 0.019801980198019802
