14 0.5680803571428571 0.3808724832214765 0.011160714285714284 0.030201342281879193
14 0.5479910714285714 0.41442953020134227 0.015625 0.02348993288590604
14 0.5200892857142857 0.44798657718120805 0.02232142857142857 0.030201342281879193
14 0.49107142857142855 0.48657718120805366 0.017857142857142856 0.03355704697986577
14 0.4386160714285714 0.5251677852348993 0.055803571428571425 0.03691275167785235
14 0.38616071428571425 0.5587248322147651 0.049107142857142856 0.030201342281879193
14 0.3325892857142857 0.5973154362416108 0.049107142857142856 0.026845637583892617
14 0.28683035714285715 0.639261744966443 0.04241071428571428 0.016778523489932886
14 0.17299107142857142 0.44295302013422816 0.011160714285714284 0.08053691275167785
14 0.16294642857142858 0.5419463087248322 0.017857142857142856 0.08389261744966443
14 0.15401785714285712 0.62248322147651 0.02232142857142857 0.07718120805369127
14 0.13616071428571427 0.6895973154362416 0.017857142857142856 0.06375838926174497
