14 0.5635964912280701 0.3733552631578947 0.017543859649122806 0.023026315789473683
14 0.5449561403508771 0.40789473684210525 0.010964912280701754 0.019736842105263157
14 0.5230263157894737 0.43914473684210525 0.019736842105263157 0.023026315789473683
14 0.49780701754385964 0.46546052631578944 0.017543859649122806 0.023026315789473683
14 0.47697368421052627 0.4950657894736842 0.019736842105263157 0.01644736842105263
14 0.4473684210526315 0.5180921052631579 0.03508771929824561 0.023026315789473683
14 0.4057017543859649 0.5493421052631579 0.043859649122807015 0.019736842105263157
14 0.3607456140350877 0.575657894736842 0.03728070175438596 0.019736842105263157
14 0.319078947368421 0.606907894736842 0.046052631578947366 0.023026315789473683
14 0.2741228070175438 0.6447368421052632 0.043859649122807015 0.03289473684210526
14 0.22368421052631576 0.6858552631578947 0.04824561403508772 0.029605263157894735
14 0.16557017543859648 0.4819078947368421 0.015350877192982455 0.12171052631578946
14 0.1513157894736842 0.5921052631578947 0.017543859649122806 0.07894736842105263
14 0.13596491228070173 0.6743421052631579 0.017543859649122806 0.05921052631578947
