14 0.1719101123595506 0.44763513513513514 0.011235955056179777 0.09121621621621623
14 0.16179775280898878 0.5456081081081081 0.017977528089887642 0.08445945945945946
14 0.1460674157303371 0.6351351351351352 0.017977528089887642 0.06756756756756757
14 0.5842696629213484 0.36824324324324326 0.017977528089887642 0.02702702702702703
14 0.5629213483146068 0.40202702702702703 0.006741573033707865 0.02027027027027027
14 0.5393258426966293 0.43243243243243246 0.008988764044943821 0.02027027027027027
14 0.5157303370786517 0.45270270270270274 0.006741573033707865 0.02027027027027027
14 0.4337078651685394 0.5456081081081081 0.04494382022471911 0.02364864864864865
14 0.4685393258426967 0.5152027027027027 0.029213483146067417 0.016891891891891893
14 0.4966292134831461 0.49662162162162166 0.02696629213483146 0.02027027027027027
14 0.3831460674157304 0.5726351351351352 0.038202247191011236 0.02364864864864865
14 0.3370786516853933 0.6013513513513514 0.040449438202247195 0.013513513513513514
