14 0.5654320987654321 0.10740740740740741 0.02962962962962963 0.044444444444444446
14 0.6037037037037037 0.16296296296296298 0.03209876543209877 0.05185185185185186
14 0.6370370370370371 0.21666666666666667 0.02962962962962963 0.04814814814814815
14 0.682716049382716 0.5 0.022222222222222223 0.3037037037037037
14 0.24074074074074073 0.5851851851851853 0.012345679012345678 0.022222222222222223
14 0.25308641975308643 0.6074074074074074 0.012345679012345678 0.014814814814814815
14 0.2716049382716049 0.638888888888889 0.014814814814814815 0.02592592592592593
14 0.2876543209876543 0.6648148148148149 0.012345679012345678 0.018518518518518517
14 0.3037037037037037 0.7055555555555556 0.009876543209876543 0.02592592592592593
14 0.3259259259259259 0.7462962962962963 0.024691358024691357 0.03333333333333333
14 0.345679012345679 0.7777777777777778 0.019753086419753086 0.02962962962962963
14 0.46543209876543207 0.43703703703703706 0.01728395061728395 0.022222222222222223
14 0.48641975308641977 0.45925925925925926 0.014814814814814815 0.022222222222222223
14 0.508641975308642 0.4851851851851852 0.009876543209876543 0.007407407407407408
14 0.528395061728395 0.5111111111111112 0.014814814814814815 0.022222222222222223
14 0.5567901234567901 0.5407407407407407 0.01728395061728395 0.022222222222222223
14 0.5777777777777777 0.5685185185185185 0.019753086419753086 0.018518518518518517
14 0.5975308641975309 0.5962962962962963 0.014814814814814815 0.022222222222222223
14 0.6209876543209877 0.6314814814814815 0.01728395061728395 0.02592592592592593
