14 0.5724789915966386 0.02358490566037736 0.018907563025210083 0.04088050314465409
14 0.9002100840336134 0.35534591194968557 0.0063025210084033615 0.012578616352201259
14 0.6186974789915967 0.4811320754716981 0.010504201680672268 0.025157232704402517
14 0.8340336134453781 0.5864779874213837 0.008403361344537815 0.015723270440251572
14 0.8056722689075629 0.6336477987421384 0.014705882352941176 0.03459119496855346
14 0.792016806722689 0.669811320754717 0.012605042016806723 0.01886792452830189
14 0.7752100840336135 0.7138364779874214 0.012605042016806723 0.031446540880503145
14 0.759453781512605 0.7562893081761006 0.014705882352941176 0.02830188679245283
14 0.7426470588235293 0.7908805031446541 0.014705882352941176 0.02830188679245283
14 0.7289915966386554 0.8317610062893083 0.01680672268907563 0.04088050314465409
14 0.5955882352941176 0.7232704402515724 0.018907563025210083 0.1320754716981132
14 0.4695378151260504 0.42452830188679247 0.018907563025210083 0.07547169811320756
14 0.4926470588235294 0.3427672955974843 0.018907563025210083 0.05660377358490566
14 0.5252100840336135 0.38522012578616355 0.008403361344537815 0.07232704402515723
14 0.5493697478991596 0.22327044025157233 0.014705882352941176 0.05660377358490566
