14 0.5245202558635395 0.26121794871794873 0.01279317697228145 0.022435897435897436
14 0.5074626865671642 0.3108974358974359 0.008528784648187633 0.019230769230769232
14 0.476545842217484 0.3894230769230769 0.010660980810234541 0.022435897435897436
14 0.5181236673773987 0.42788461538461536 0.008528784648187633 0.022435897435897436
14 0.6066098081023454 0.6474358974358975 0.010660980810234541 0.03205128205128205
14 0.591684434968017 0.7532051282051282 0.010660980810234541 0.02564102564102564
14 0.5842217484008528 0.8349358974358974 0.01279317697228145 0.035256410256410256
14 0.7366737739872068 0.8317307692307692 0.014925373134328358 0.022435897435897436
14 0.7739872068230277 0.735576923076923 0.01279317697228145 0.016025641025641024
14 0.8017057569296375 0.6666666666666666 0.008528784648187633 0.01282051282051282
14 0.8230277185501066 0.6185897435897436 0.01279317697228145 0.019230769230769232
