14 0.47703549060542794 0.3616352201257862 0.010438413361169102 0.025157232704402517
14 0.4676409185803757 0.41352201257861637 0.012526096033402922 0.022012578616352203
14 0.487473903966597 0.40408805031446543 0.010438413361169102 0.022012578616352203
14 0.48016701461377864 0.4528301886792453 0.012526096033402922 0.025157232704402517
14 0.44989561586638827 0.4811320754716981 0.014613778705636741 0.031446540880503145
14 0.5083507306889352 0.5015723270440252 0.010438413361169102 0.022012578616352203
14 0.6085594989561586 0.6320754716981133 0.014613778705636741 0.031446540880503145
14 0.6022964509394572 0.6808176100628931 0.018789144050104383 0.04088050314465409
14 0.5939457202505218 0.7484276729559749 0.018789144050104383 0.050314465408805034
14 0.5887265135699373 0.819182389937107 0.020876826722338204 0.05345911949685535
14 0.7390396659707724 0.8270440251572327 0.016701461377870562 0.025157232704402517
14 0.7515657620041752 0.7955974842767296 0.012526096033402922 0.01886792452830189
14 0.7640918580375782 0.7594339622641509 0.012526096033402922 0.015723270440251572
14 0.7787056367432149 0.7279874213836478 0.008350730688935281 0.009433962264150945
14 0.789144050104384 0.6918238993710693 0.0041753653444676405 0.012578616352201259
