14 0.39232053422370616 0.82875 0.01669449081803005 0.2975
14 0.5275459098497496 0.08 0.01001669449081803 0.065
14 0.5175292153589316 0.1375 0.01001669449081803 0.025
14 0.5116861435726211 0.16875 0.005008347245409015 0.0125
14 0.5108514190317196 0.2025 0.00667779632721202 0.02
14 0.501669449081803 0.23875000000000002 0.008347245409015025 0.0225
14 0.4958263772954925 0.28625 0.00333889816360601 0.0225
14 0.48831385642737896 0.32375 0.008347245409015025 0.0225
14 0.48330550918196996 0.36375 0.005008347245409015 0.0175
14 0.47662771285475797 0.41125 0.005008347245409015 0.0275
14 0.4699499165275459 0.4575 0.008347245409015025 0.03
14 0.46160267111853087 0.495 0.011686143572621035 0.025
14 0.4565943238731219 0.53125 0.005008347245409015 0.0175
14 0.44574290484140233 0.5750000000000001 0.01335559265442404 0.03
14 0.4332220367278798 0.6325000000000001 0.008347245409015025 0.025
14 0.41986644407345575 0.68875 0.008347245409015025 0.0225
14 0.4056761268781302 0.7312500000000001 0.00667779632721202 0.0425
14 0.37145242070116863 0.88375 0.011686143572621035 0.0325
14 0.36644407345575963 0.925 0.011686143572621035 0.025
14 0.3639398998330551 0.9675 0.01001669449081803 0.04
