14 0.5936952714535902 0.36220472440944884 0.017513134851138354 0.04199475065616798
14 0.6094570928196147 0.32020997375328086 0.021015761821366025 0.03674540682414698
14 0.6260945709281962 0.2650918635170604 0.012259194395796848 0.031496062992125984
14 0.6409807355516638 0.21653543307086615 0.010507880910683012 0.01837270341207349
14 0.6506129597197898 0.1758530183727034 0.005253940455341506 0.02099737532808399
14 0.5779334500875657 0.410761154855643 0.010507880910683012 0.023622047244094488
14 0.5665499124343257 0.45669291338582674 0.012259194395796848 0.031496062992125984
14 0.5394045534150613 0.5196850393700787 0.014010507880910683 0.031496062992125984
14 0.521891418563923 0.5800524934383202 0.017513134851138354 0.04199475065616798
14 0.5035026269702276 0.6338582677165354 0.01926444833625219 0.03937007874015748
14 0.4833625218914186 0.6955380577427821 0.021015761821366025 0.047244094488188976
14 0.45709281961471104 0.7611548556430446 0.014010507880910683 0.03674540682414698
14 0.43257443082311736 0.8293963254593175 0.021015761821366025 0.04199475065616798
14 0.4071803852889667 0.8818897637795275 0.02276707530647986 0.03674540682414698
14 0.38528896672504376 0.9238845144356955 0.021015761821366025 0.031496062992125984
14 0.3607705779334501 0.968503937007874 0.017513134851138354 0.026246719160104987
14 0.016637478108581436 0.36351706036745407 0.01926444833625219 0.10236220472440945
