14 0.16398390342052316 0.3851963746223565 0.022132796780684107 0.027190332326283987
14 0.19617706237424548 0.4169184290030212 0.022132796780684107 0.02416918429003021
14 0.22837022132796783 0.4471299093655589 0.018108651911468814 0.01812688821752266
14 0.261569416498994 0.47583081570996977 0.02012072434607646 0.027190332326283987
14 0.2887323943661972 0.5030211480362538 0.03018108651911469 0.027190332326283987
14 0.3179074446680081 0.527190332326284 0.02012072434607646 0.021148036253776436
14 0.35110663983903423 0.5558912386706949 0.026156941649899398 0.02416918429003021
14 0.38329979879275655 0.5936555891238671 0.018108651911468814 0.021148036253776436
14 0.40744466800804835 0.6117824773413897 0.018108651911468814 0.021148036253776436
14 0.4366197183098592 0.6374622356495468 0.028169014084507046 0.01812688821752266
14 0.4577464788732395 0.6646525679758308 0.01006036217303823 0.02416918429003021
14 0.4768611670020121 0.6948640483383686 0.02012072434607646 0.02416918429003021
14 0.5020120724346077 0.7114803625377644 0.014084507042253523 0.015105740181268881
14 0.5211267605633804 0.7356495468277946 0.01609657947686117 0.027190332326283987
14 0.5462776659959759 0.7673716012084593 0.018108651911468814 0.02416918429003021
14 0.5744466800804829 0.7990936555891238 0.022132796780684107 0.027190332326283987
14 0.5975855130784709 0.8293051359516617 0.012072434607645876 0.00906344410876133
14 0.6297786720321932 0.8670694864048338 0.01609657947686117 0.02416918429003021
14 0.6498993963782697 0.8942598187311178 0.02012072434607646 0.02416918429003021
14 0.6750503018108652 0.9259818731117825 0.026156941649899398 0.03323262839879154
14 0.7012072434607647 0.9607250755287009 0.022132796780684107 0.030211480362537763
14 0.761569416498994 0.5619335347432024 0.01006036217303823 0.02416918429003021
14 0.7796780684104628 0.595166163141994 0.01006036217303823 0.01812688821752266
14 0.7937625754527163 0.6283987915407855 0.01006036217303823 0.01812688821752266
14 0.8078470824949698 0.6676737160120846 0.01006036217303823 0.02416918429003021
14 0.8229376257545272 0.7054380664652568 0.008048289738430584 0.021148036253776436
14 0.8350100603621731 0.7416918429003021 0.008048289738430584 0.027190332326283987
14 0.847082494969819 0.7749244712990937 0.008048289738430584 0.021148036253776436
14 0.864185110663984 0.8172205438066465 0.01006036217303823 0.03323262839879154
14 0.8772635814889337 0.8640483383685801 0.008048289738430584 0.030211480362537763
14 0.8933601609657948 0.9033232628398792 0.012072434607645876 0.030211480362537763
14 0.9828973843058351 0.959214501510574 0.018108651911468814 0.0755287009063444
