14 0.6429924242424243 0.3125 0.00946969696969697 0.02840909090909091
14 0.6297348484848485 0.34090909090909094 0.013257575757575758 0.03409090909090909
14 0.6174242424242424 0.37357954545454547 0.011363636363636364 0.02556818181818182
14 0.5984848484848485 0.40625 0.011363636363636364 0.02840909090909091
14 0.5861742424242424 0.4375 0.013257575757575758 0.02840909090909091
14 0.5767045454545455 0.46448863636363635 0.013257575757575758 0.02556818181818182
14 0.5606060606060607 0.5 0.015151515151515152 0.03409090909090909
14 0.5397727272727273 0.5340909090909091 0.022727272727272728 0.03409090909090909
14 0.5255681818181819 0.5724431818181819 0.017045454545454544 0.03125
14 0.5037878787878788 0.609375 0.03409090909090909 0.036931818181818184
14 0.4810606060606061 0.6605113636363636 0.026515151515151516 0.04261363636363637
14 0.4630681818181818 0.7059659090909091 0.02840909090909091 0.04261363636363637
14 0.44696969696969696 0.7514204545454546 0.03409090909090909 0.05397727272727273
14 0.42424242424242425 0.8323863636363636 0.04166666666666667 0.10227272727272728
14 0.3731060606060606 0.9360795454545455 0.045454545454545456 0.11079545454545454
14 0.5710227272727273 0.9446022727272727 0.032196969696969696 0.10511363636363637
