14 0.5655105973025049 0.5187319884726225 0.01348747591522158 0.023054755043227664
14 0.5539499036608864 0.5461095100864553 0.009633911368015413 0.02593659942363112
14 0.535645472061657 0.5734870317002881 0.015414258188824663 0.023054755043227664
14 0.5221579961464354 0.6051873198847262 0.015414258188824663 0.02881844380403458
14 0.5009633911368016 0.6440922190201729 0.023121387283236993 0.037463976945244955
14 0.47784200385356457 0.7046109510086455 0.02697495183044316 0.060518731988472615
14 0.453757225433526 0.7636887608069164 0.03275529865125241 0.05187319884726224
14 0.430635838150289 0.8270893371757925 0.036608863198458574 0.07492795389048991
14 0.3834296724470135 0.9351585014409222 0.046242774566473986 0.11239193083573486
14 0.581888246628131 0.48126801152737747 0.011560693641618497 0.017291066282420747
14 0.5953757225433526 0.45821325648414984 0.011560693641618497 0.017291066282420747
14 0.605009633911368 0.43515850144092216 0.011560693641618497 0.011527377521613832
14 0.617533718689788 0.4106628242074928 0.01348747591522158 0.020172910662824207
14 0.6252408477842004 0.3876080691642651 0.009633911368015413 0.01440922190201729
14 0.5741811175337187 0.9481268011527377 0.019267822736030827 0.05187319884726224
