14 0.6439393939393939 0.4318181818181818 0.007575757575757576 0.017045454545454544
14 0.6297348484848485 0.4588068181818182 0.00946969696969697 0.019886363636363636
14 0.6212121212121212 0.484375 0.011363636363636364 0.02556818181818182
14 0.6079545454545455 0.5085227272727273 0.007575757575757576 0.017045454545454544
14 0.5956439393939394 0.5355113636363636 0.00946969696969697 0.019886363636363636
14 0.5842803030303031 0.5596590909090909 0.013257575757575758 0.022727272727272728
14 0.5681818181818182 0.59375 0.011363636363636364 0.02840909090909091
14 0.5511363636363636 0.625 0.01893939393939394 0.02840909090909091
14 0.5378787878787878 0.6633522727272727 0.026515151515151516 0.036931818181818184
14 0.5132575757575758 0.6988636363636364 0.01893939393939394 0.05113636363636364
14 0.487689393939394 0.7443181818181819 0.02462121212121212 0.03977272727272727
14 0.4744318181818182 0.7911931818181819 0.02840909090909091 0.048295454545454544
14 0.45738636363636365 0.84375 0.02840909090909091 0.05113636363636364
14 0.41950757575757575 0.921875 0.032196969696969696 0.11079545454545454
14 0.3873106060606061 0.96875 0.013257575757575758 0.03409090909090909
