0 0.39 0.395 0.05333333333333334 0.2833333333333333
0 0.5900000000000001 0.14333333333333334 0.02 0.03333333333333333
0 0.5850000000000001 0.18500000000000003 0.023333333333333334 0.030000000000000002
0 0.5733333333333334 0.23 0.02 0.04
0 0.5666666666666667 0.29000000000000004 0.02 0.03333333333333333
0 0.5516666666666667 0.335 0.016666666666666666 0.030000000000000002
0 0.535 0.385 0.023333333333333334 0.03666666666666667
0 0.525 0.4316666666666667 0.016666666666666666 0.030000000000000002
0 0.5116666666666667 0.5016666666666667 0.030000000000000002 0.08333333333333334
0 0.47000000000000003 0.5766666666666667 0.03333333333333333 0.05333333333333334
0 0.4133333333333334 0.61 0.02666666666666667 0.10666666666666667
