0 0.5633333333333334 0.465 0.07333333333333333 0.11
0 0.64 0.5583333333333333 0.04666666666666667 0.05
0 0.6883333333333334 0.625 0.05 0.05
0 0.7383333333333334 0.6666666666666667 0.030000000000000002 0.04
0 0.77 0.7083333333333334 0.03333333333333333 0.030000000000000002
0 0.5750000000000001 0.3666666666666667 0.05 0.060000000000000005
0 0.68 0.16833333333333333 0.02666666666666667 0.030000000000000002
0 0.7150000000000001 0.11333333333333334 0.030000000000000002 0.02666666666666667
0 0.625 0.21166666666666667 0.043333333333333335 0.030000000000000002
0 0.8200000000000001 0.745 0.03333333333333333 0.023333333333333334
