0 0.46166666666666667 0.39 0.016666666666666666 0.02666666666666667
0 0.43333333333333335 0.4166666666666667 0.02 0.02
0 0.405 0.4416666666666667 0.016666666666666666 0.016666666666666666
0 0.3866666666666667 0.4666666666666667 0.02 0.02
0 0.36000000000000004 0.48833333333333334 0.013333333333333334 0.016666666666666666
0 0.33666666666666667 0.5083333333333334 0.013333333333333334 0.016666666666666666
0 0.3066666666666667 0.53 0.006666666666666667 0.013333333333333334
0 0.2866666666666667 0.5566666666666668 0.013333333333333334 0.02
0 0.25833333333333336 0.5866666666666667 0.016666666666666666 0.02666666666666667
0 0.23 0.615 0.02 0.016666666666666666
0 0.2016666666666667 0.645 0.016666666666666666 0.023333333333333334
0 0.4066666666666667 0.5533333333333333 0.013333333333333334 0.02
0 0.17833333333333334 0.6766666666666667 0.023333333333333334 0.02
0 0.13166666666666668 0.7566666666666667 0.030000000000000002 0.013333333333333334
0 0.14 0.7216666666666667 0.013333333333333334 0.016666666666666666
