0 0.5883333333333334 0.43333333333333335 0.023333333333333334 0.02666666666666667
0 0.5233333333333333 0.6066666666666667 0.02 0.02
0 0.5383333333333333 0.5866666666666667 0.023333333333333334 0.013333333333333334
0 0.5583333333333333 0.5733333333333334 0.016666666666666666 0.013333333333333334
0 0.5850000000000001 0.5466666666666667 0.01 0.013333333333333334
0 0.6283333333333334 0.5033333333333334 0.016666666666666666 0.013333333333333334
0 0.65 0.49000000000000005 0.013333333333333334 0.013333333333333334
0 0.6633333333333333 0.4716666666666667 0.02 0.016666666666666666
0 0.68 0.45333333333333337 0.02 0.013333333333333334
0 0.6983333333333334 0.43500000000000005 0.01 0.01
0 0.7166666666666667 0.42000000000000004 0.006666666666666667 0.006666666666666667
0 0.7366666666666667 0.4116666666666667 0.013333333333333334 0.01
0 0.7466666666666667 0.38833333333333336 0.013333333333333334 0.01
0 0.765 0.3766666666666667 0.01 0.013333333333333334
0 0.8600000000000001 0.23333333333333334 0.03333333333333333 0.02666666666666667
0 0.8566666666666667 0.26333333333333336 0.013333333333333334 0.013333333333333334
0 0.8500000000000001 0.27666666666666667 0.006666666666666667 0.006666666666666667
0 0.8166666666666668 0.3066666666666667 0.02666666666666667 0.02
0 0.4466666666666667 0.5483333333333333 0.02666666666666667 0.016666666666666666
0 0.48333333333333334 0.525 0.02 0.01
0 0.49500000000000005 0.5116666666666667 0.016666666666666666 0.01
0 0.9016666666666667 0.15833333333333335 0.023333333333333334 0.023333333333333334
0 0.9366666666666668 0.14333333333333334 0.02 0.03333333333333333
