0 0.19833333333333333 0.16833333333333333 0.016666666666666666 0.016666666666666666
0 0.21833333333333335 0.18666666666666668 0.01 0.006666666666666667
0 0.24166666666666667 0.20833333333333334 0.016666666666666666 0.01
0 0.26666666666666666 0.22833333333333336 0.02 0.016666666666666666
0 0.29000000000000004 0.25333333333333335 0.02666666666666667 0.02
0 0.31833333333333336 0.27166666666666667 0.016666666666666666 0.016666666666666666
0 0.3416666666666667 0.29833333333333334 0.023333333333333334 0.023333333333333334
0 0.3766666666666667 0.33166666666666667 0.03333333333333333 0.030000000000000002
0 0.41000000000000003 0.35833333333333334 0.02 0.016666666666666666
0 0.43833333333333335 0.375 0.01 0.01
0 0.4633333333333334 0.4033333333333334 0.013333333333333334 0.006666666666666667
0 0.48833333333333334 0.42500000000000004 0.01 0.01
0 0.5116666666666667 0.4566666666666667 0.030000000000000002 0.02
0 0.2316666666666667 0.2916666666666667 0.01 0.01
0 0.25333333333333335 0.3116666666666667 0.02 0.016666666666666666
0 0.28 0.335 0.02 0.016666666666666666
0 0.30000000000000004 0.3566666666666667 0.013333333333333334 0.013333333333333334
0 0.32 0.375 0.013333333333333334 0.01
0 0.37000000000000005 0.42500000000000004 0.02666666666666667 0.023333333333333334
0 0.39666666666666667 0.45 0.02 0.013333333333333334
0 0.42000000000000004 0.48833333333333334 0.02 0.016666666666666666
0 0.44 0.505 0.013333333333333334 0.016666666666666666
0 0.4633333333333334 0.5266666666666667 0.013333333333333334 0.013333333333333334
0 0.4866666666666667 0.5516666666666667 0.02 0.016666666666666666
0 0.5833333333333334 0.6516666666666667 0.02 0.016666666666666666
0 0.5066666666666667 0.5783333333333334 0.02 0.016666666666666666
0 0.135 0.11666666666666667 0.030000000000000002 0.02666666666666667
0 0.10500000000000001 0.13166666666666668 0.023333333333333334 0.023333333333333334
0 0.10500000000000001 0.10666666666666667 0.016666666666666666 0.013333333333333334
0 0.08833333333333333 0.08166666666666667 0.016666666666666666 0.016666666666666666
