0 0.27166666666666667 0.21166666666666667 0.016666666666666666 0.016666666666666666
0 0.32666666666666666 0.26833333333333337 0.013333333333333334 0.016666666666666666
0 0.3566666666666667 0.29333333333333333 0.013333333333333334 0.013333333333333334
0 0.3766666666666667 0.32 0.013333333333333334 0.013333333333333334
0 0.405 0.34500000000000003 0.023333333333333334 0.023333333333333334
0 0.5716666666666667 0.51 0.016666666666666666 0.013333333333333334
0 0.5933333333333334 0.5333333333333333 0.02 0.013333333333333334
0 0.6183333333333334 0.5533333333333333 0.01 0.013333333333333334
0 0.7133333333333334 0.6616666666666667 0.02 0.023333333333333334
0 0.7416666666666667 0.6833333333333333 0.016666666666666666 0.02
0 0.6616666666666667 0.61 0.01 0.013333333333333334
0 0.7616666666666667 0.7266666666666667 0.016666666666666666 0.02
0 0.79 0.7433333333333334 0.013333333333333334 0.013333333333333334
0 0.8116666666666668 0.77 0.01 0.013333333333333334
0 0.8316666666666667 0.795 0.01 0.016666666666666666
0 0.8516666666666667 0.8250000000000001 0.01 0.01
0 0.8700000000000001 0.8516666666666667 0.006666666666666667 0.016666666666666666
0 0.8700000000000001 0.8783333333333334 0.02666666666666667 0.030000000000000002
0 0.89 0.8583333333333334 0.013333333333333334 0.016666666666666666
0 0.4566666666666667 0.5133333333333334 0.03333333333333333 0.02
0 0.4916666666666667 0.5516666666666667 0.016666666666666666 0.023333333333333334
0 0.5216666666666667 0.5800000000000001 0.016666666666666666 0.02666666666666667
0 0.5633333333333334 0.61 0.02 0.02666666666666667
0 0.5883333333333334 0.6466666666666667 0.016666666666666666 0.02666666666666667
0 0.64 0.6566666666666667 0.02 0.013333333333333334
0 0.6583333333333333 0.6883333333333334 0.016666666666666666 0.023333333333333334
0 0.6216666666666667 0.6783333333333333 0.01 0.016666666666666666
0 0.7100000000000001 0.745 0.02 0.016666666666666666
