0 0.19 0.06833333333333334 0.02666666666666667 0.016666666666666666
0 0.2316666666666667 0.15000000000000002 0.023333333333333334 0.02666666666666667
0 0.37000000000000005 0.3516666666666667 0.03333333333333333 0.03666666666666667
0 0.44833333333333336 0.42833333333333334 0.030000000000000002 0.023333333333333334
0 0.4866666666666667 0.445 0.02 0.016666666666666666
0 0.5183333333333333 0.45833333333333337 0.016666666666666666 0.030000000000000002
0 0.5433333333333333 0.4733333333333334 0.013333333333333334 0.02
0 0.6566666666666667 0.6266666666666667 0.013333333333333334 0.02
0 0.6900000000000001 0.6516666666666667 0.02 0.016666666666666666
0 0.7133333333333334 0.6816666666666668 0.013333333333333334 0.023333333333333334
0 0.7433333333333334 0.7100000000000001 0.006666666666666667 0.02
0 0.77 0.7216666666666667 0.013333333333333334 0.016666666666666666
0 0.81 0.75 0.013333333333333334 0.02
0 0.7733333333333334 0.7566666666666667 0.02666666666666667 0.02
