0 0.22166666666666668 0.27 0.023333333333333334 0.02666666666666667
0 0.27666666666666667 0.31333333333333335 0.02 0.02
0 0.315 0.3466666666666667 0.023333333333333334 0.02
0 0.14166666666666666 0.2066666666666667 0.030000000000000002 0.02666666666666667
0 0.18833333333333335 0.23 0.023333333333333334 0.02
0 0.18000000000000002 0.2066666666666667 0.02666666666666667 0.02666666666666667
0 0.36000000000000004 0.36000000000000004 0.013333333333333334 0.02
0 0.3866666666666667 0.4766666666666667 0.013333333333333334 0.013333333333333334
0 0.4416666666666667 0.5183333333333333 0.016666666666666666 0.01
0 0.4766666666666667 0.5383333333333333 0.02 0.016666666666666666
0 0.5033333333333334 0.55 0.013333333333333334 0.006666666666666667
0 0.5333333333333333 0.5616666666666666 0.02 0.016666666666666666
0 0.6083333333333334 0.6216666666666667 0.030000000000000002 0.016666666666666666
0 0.7183333333333334 0.765 0.016666666666666666 0.030000000000000002
0 0.7583333333333334 0.8333333333333334 0.023333333333333334 0.03333333333333333
0 0.8 0.9133333333333334 0.03333333333333333 0.04
