0 0.8250000000000001 0.04666666666666667 0.01 0.02
0 0.8283333333333334 0.10333333333333335 0.01 0.03333333333333333
0 0.8166666666666668 0.15833333333333335 0.006666666666666667 0.023333333333333334
0 0.795 0.21000000000000002 0.01 0.03333333333333333
0 0.775 0.2566666666666667 0.016666666666666666 0.02666666666666667
0 0.7350000000000001 0.29333333333333333 0.01 0.02
0 0.7000000000000001 0.3466666666666667 0.013333333333333334 0.02
0 0.625 0.405 0.01 0.016666666666666666
0 0.6033333333333334 0.4316666666666667 0.006666666666666667 0.016666666666666666
0 0.5516666666666667 0.46 0.01 0.02
0 0.23833333333333334 0.7433333333333334 0.01 0.013333333333333334
0 0.29500000000000004 0.75 0.016666666666666666 0.006666666666666667
0 0.36333333333333334 0.6716666666666667 0.013333333333333334 0.01
