0 0.4083333333333334 0.52 0.030000000000000002 0.03333333333333333
0 0.455 0.46 0.01 0.02
0 0.47500000000000003 0.4516666666666667 0.016666666666666666 0.01
0 0.49500000000000005 0.42333333333333334 0.016666666666666666 0.02
0 0.6383333333333334 0.29000000000000004 0.030000000000000002 0.02666666666666667
0 0.6633333333333333 0.26333333333333336 0.013333333333333334 0.013333333333333334
0 0.6866666666666668 0.24000000000000002 0.02 0.02
0 0.7283333333333334 0.23 0.023333333333333334 0.02
0 0.745 0.20333333333333334 0.016666666666666666 0.013333333333333334
0 0.3466666666666667 0.5716666666666667 0.013333333333333334 0.016666666666666666
0 0.315 0.5983333333333334 0.01 0.016666666666666666
0 0.2966666666666667 0.6166666666666667 0.006666666666666667 0.013333333333333334
0 0.275 0.675 0.016666666666666666 0.023333333333333334
0 0.24333333333333335 0.7116666666666667 0.006666666666666667 0.023333333333333334
0 0.21500000000000002 0.7416666666666667 0.01 0.016666666666666666
0 0.19166666666666668 0.7866666666666667 0.01 0.03333333333333333
0 0.1716666666666667 0.8350000000000001 0.016666666666666666 0.03666666666666667
0 0.12333333333333334 0.88 0.006666666666666667 0.02
0 0.11333333333333334 0.935 0.02 0.030000000000000002
