0 0.305 0.19333333333333336 0.03666666666666667 0.02666666666666667
0 0.27 0.25 0.02 0.02
0 0.2566666666666667 0.28 0.04666666666666667 0.02666666666666667
0 0.26 0.33166666666666667 0.04 0.05666666666666667
0 0.2816666666666667 0.39 0.043333333333333335 0.04
0 0.2966666666666667 0.4466666666666667 0.04666666666666667 0.04666666666666667
0 0.3466666666666667 0.23 0.013333333333333334 0.013333333333333334
0 0.3716666666666667 0.25 0.023333333333333334 0.013333333333333334
0 0.4033333333333334 0.27666666666666667 0.013333333333333334 0.02
0 0.41833333333333333 0.30833333333333335 0.016666666666666666 0.030000000000000002
0 0.4416666666666667 0.3616666666666667 0.016666666666666666 0.023333333333333334
0 0.36333333333333334 0.5866666666666667 0.02666666666666667 0.02666666666666667
0 0.385 0.6183333333333334 0.023333333333333334 0.023333333333333334
0 0.4083333333333334 0.6466666666666667 0.030000000000000002 0.02666666666666667
0 0.4366666666666667 0.675 0.02 0.016666666666666666
0 0.46166666666666667 0.7016666666666667 0.023333333333333334 0.023333333333333334
0 0.4916666666666667 0.7300000000000001 0.030000000000000002 0.02
0 0.5083333333333334 0.76 0.023333333333333334 0.02
0 0.54 0.785 0.02666666666666667 0.030000000000000002
0 0.5750000000000001 0.8116666666666668 0.016666666666666666 0.016666666666666666
0 0.5900000000000001 0.8300000000000001 0.013333333333333334 0.013333333333333334
0 0.61 0.8466666666666667 0.02 0.02
0 0.6333333333333334 0.8750000000000001 0.02666666666666667 0.023333333333333334
0 0.6633333333333333 0.655 0.02666666666666667 0.023333333333333334
0 0.6833333333333333 0.685 0.02 0.016666666666666666
0 0.7250000000000001 0.75 0.016666666666666666 0.02
0 0.75 0.77 0.02 0.02
0 0.7716666666666667 0.8033333333333333 0.023333333333333334 0.02
0 0.7933333333333333 0.8316666666666667 0.02666666666666667 0.030000000000000002
0 0.8216666666666668 0.8500000000000001 0.016666666666666666 0.02
0 0.8450000000000001 0.8750000000000001 0.016666666666666666 0.016666666666666666
0 0.8650000000000001 0.8933333333333334 0.01 0.013333333333333334
0 0.8883333333333334 0.915 0.023333333333333334 0.023333333333333334
0 0.9116666666666667 0.9400000000000001 0.023333333333333334 0.02
0 0.2066666666666667 0.5750000000000001 0.04666666666666667 0.01
0 0.28500000000000003 0.56 0.06333333333333334 0.006666666666666667
0 0.35833333333333334 0.55 0.07 0.006666666666666667
0 0.5183333333333333 0.5216666666666667 0.05 0.01
0 0.43500000000000005 0.5383333333333333 0.05 0.01
0 0.5883333333333334 0.515 0.07666666666666667 0.01
