0 0.4666666666666667 0.5033333333333334 0.04666666666666667 0.03333333333333333
0 0.4966666666666667 0.5383333333333333 0.04666666666666667 0.03666666666666667
0 0.5366666666666667 0.5833333333333334 0.04666666666666667 0.04
0 0.5766666666666667 0.6233333333333334 0.04 0.03333333333333333
0 0.6133333333333334 0.6533333333333333 0.02666666666666667 0.02666666666666667
0 0.6333333333333334 0.6816666666666668 0.02 0.023333333333333334
0 0.33 0.43333333333333335 0.060000000000000005 0.02666666666666667
0 0.37333333333333335 0.4716666666666667 0.03333333333333333 0.030000000000000002
0 0.4066666666666667 0.5033333333333334 0.03333333333333333 0.02666666666666667
0 0.4416666666666667 0.54 0.03666666666666667 0.02666666666666667
0 0.48333333333333334 0.5800000000000001 0.02666666666666667 0.02666666666666667
0 0.53 0.625 0.04 0.023333333333333334
0 0.5733333333333334 0.6633333333333333 0.03333333333333333 0.02
