0 0.29000000000000004 0.22833333333333336 0.02666666666666667 0.023333333333333334
0 0.32333333333333336 0.25 0.02666666666666667 0.02
0 0.35500000000000004 0.27166666666666667 0.030000000000000002 0.023333333333333334
0 0.36000000000000004 0.3166666666666667 0.02 0.02
0 0.3916666666666667 0.3566666666666667 0.043333333333333335 0.02
0 0.4216666666666667 0.39 0.043333333333333335 0.02
0 0.4633333333333334 0.4216666666666667 0.03333333333333333 0.030000000000000002
0 0.49500000000000005 0.4633333333333334 0.03666666666666667 0.04
0 0.5383333333333333 0.5083333333333334 0.03666666666666667 0.03666666666666667
0 0.645 0.5566666666666668 0.023333333333333334 0.02
0 0.6766666666666667 0.5833333333333334 0.013333333333333334 0.013333333333333334
0 0.7150000000000001 0.6116666666666667 0.016666666666666666 0.016666666666666666
0 0.7533333333333334 0.6283333333333334 0.013333333333333334 0.016666666666666666
