0 0.2 0.7933333333333333 0.03333333333333333 0.04666666666666667
0 0.6983333333333334 0.21333333333333335 0.03666666666666667 0.04
0 0.6616666666666667 0.24333333333333335 0.043333333333333335 0.02666666666666667
0 0.6366666666666667 0.275 0.04666666666666667 0.03666666666666667
0 0.6066666666666667 0.31 0.04 0.03333333333333333
0 0.5783333333333334 0.34 0.043333333333333335 0.03333333333333333
0 0.55 0.37000000000000005 0.03333333333333333 0.02666666666666667
0 0.5183333333333333 0.40166666666666667 0.03666666666666667 0.03666666666666667
0 0.5 0.4366666666666667 0.03333333333333333 0.03333333333333333
0 0.4816666666666667 0.47000000000000003 0.030000000000000002 0.03333333333333333
0 0.4633333333333334 0.5033333333333334 0.04 0.03333333333333333
0 0.44333333333333336 0.5383333333333333 0.03333333333333333 0.030000000000000002
0 0.42500000000000004 0.5700000000000001 0.05 0.03333333333333333
0 0.395 0.6083333333333334 0.03666666666666667 0.030000000000000002
0 0.36500000000000005 0.64 0.03666666666666667 0.02666666666666667
0 0.3466666666666667 0.6683333333333333 0.03333333333333333 0.030000000000000002
0 0.32833333333333337 0.7033333333333334 0.023333333333333334 0.03333333333333333
0 0.31 0.7350000000000001 0.02 0.023333333333333334
0 0.2866666666666667 0.76 0.013333333333333334 0.02
0 0.27 0.785 0.006666666666666667 0.016666666666666666
0 0.24000000000000002 0.81 0.02 0.02
0 0.7050000000000001 0.04166666666666667 0.043333333333333335 0.043333333333333335
0 0.6766666666666667 0.09000000000000001 0.05333333333333334 0.05333333333333334
0 0.6483333333333334 0.14500000000000002 0.03666666666666667 0.03666666666666667
0 0.6066666666666667 0.17833333333333334 0.02 0.016666666666666666
0 0.5916666666666667 0.2 0.016666666666666666 0.013333333333333334
0 0.5733333333333334 0.225 0.013333333333333334 0.016666666666666666
0 0.5616666666666666 0.24666666666666667 0.01 0.02
0 0.55 0.25833333333333336 0.013333333333333334 0.01
0 0.5383333333333333 0.27 0.016666666666666666 0.013333333333333334
0 0.5216666666666667 0.2833333333333333 0.023333333333333334 0.02
0 0.515 0.3166666666666667 0.03666666666666667 0.03333333333333333
0 0.48333333333333334 0.34500000000000003 0.02666666666666667 0.023333333333333334
0 0.4666666666666667 0.37000000000000005 0.02 0.013333333333333334
0 0.45333333333333337 0.38833333333333336 0.013333333333333334 0.016666666666666666
