0 0.4083333333333334 0.6433333333333334 0.043333333333333335 0.04666666666666667
0 0.3816666666666667 0.6766666666666667 0.03666666666666667 0.03333333333333333
0 0.35000000000000003 0.7183333333333334 0.03333333333333333 0.05666666666666667
0 0.30000000000000004 0.7683333333333334 0.03333333333333333 0.043333333333333335
0 0.45 0.6116666666666667 0.03333333333333333 0.03666666666666667
0 0.4766666666666667 0.5850000000000001 0.03333333333333333 0.043333333333333335
0 0.4916666666666667 0.5483333333333333 0.030000000000000002 0.023333333333333334
0 0.505 0.5083333333333334 0.030000000000000002 0.030000000000000002
0 0.5283333333333333 0.4783333333333334 0.030000000000000002 0.023333333333333334
0 0.555 0.44333333333333336 0.03666666666666667 0.02666666666666667
0 0.5783333333333334 0.41000000000000003 0.03666666666666667 0.02666666666666667
0 0.5950000000000001 0.375 0.03666666666666667 0.023333333333333334
0 0.61 0.34500000000000003 0.02 0.016666666666666666
0 0.6433333333333334 0.32833333333333337 0.03333333333333333 0.03666666666666667
0 0.665 0.2866666666666667 0.030000000000000002 0.03333333333333333
0 0.6833333333333333 0.25 0.02 0.013333333333333334
0 0.7000000000000001 0.22833333333333336 0.013333333333333334 0.016666666666666666
0 0.7133333333333334 0.21000000000000002 0.02 0.013333333333333334
0 0.7283333333333334 0.18166666666666667 0.01 0.01
0 0.7733333333333334 0.18166666666666667 0.060000000000000005 0.05
0 0.7733333333333334 0.13 0.02 0.02
0 0.7866666666666667 0.115 0.013333333333333334 0.01
0 0.8183333333333334 0.095 0.03666666666666667 0.03666666666666667
0 0.8466666666666667 0.06666666666666667 0.03333333333333333 0.04
0 0.6516666666666667 0.41833333333333333 0.030000000000000002 0.030000000000000002
0 0.64 0.45333333333333337 0.013333333333333334 0.013333333333333334
0 0.63 0.4716666666666667 0.013333333333333334 0.016666666666666666
0 0.6183333333333334 0.4916666666666667 0.016666666666666666 0.016666666666666666
0 0.6050000000000001 0.505 0.016666666666666666 0.016666666666666666
0 0.5883333333333334 0.5283333333333333 0.023333333333333334 0.030000000000000002
0 0.5366666666666667 0.6016666666666667 0.02666666666666667 0.030000000000000002
0 0.5016666666666667 0.6383333333333334 0.03666666666666667 0.030000000000000002
0 0.455 0.7000000000000001 0.030000000000000002 0.02666666666666667
0 0.4266666666666667 0.7283333333333334 0.02666666666666667 0.030000000000000002
0 0.30833333333333335 0.89 0.05 0.08666666666666667
0 0.48000000000000004 0.68 0.03333333333333333 0.04
0 0.36333333333333334 0.8066666666666668 0.03333333333333333 0.03333333333333333
