0 0.025 0.10166666666666667 0.016666666666666666 0.023333333333333334
0 0.045000000000000005 0.125 0.023333333333333334 0.023333333333333334
0 0.07333333333333333 0.15666666666666668 0.02 0.02
0 0.09666666666666668 0.18333333333333335 0.02 0.02
0 0.115 0.21166666666666667 0.016666666666666666 0.016666666666666666
0 0.13833333333333334 0.24166666666666667 0.023333333333333334 0.016666666666666666
0 0.16333333333333333 0.27 0.02 0.02666666666666667
0 0.18333333333333335 0.29500000000000004 0.02 0.030000000000000002
0 0.21333333333333335 0.33166666666666667 0.02 0.030000000000000002
0 0.24000000000000002 0.3566666666666667 0.02 0.02666666666666667
0 0.265 0.38833333333333336 0.016666666666666666 0.03666666666666667
0 0.2916666666666667 0.4266666666666667 0.030000000000000002 0.02666666666666667
0 0.3166666666666667 0.46166666666666667 0.03333333333333333 0.030000000000000002
0 0.3516666666666667 0.4866666666666667 0.023333333333333334 0.02
0 0.33166666666666667 0.49833333333333335 0.023333333333333334 0.016666666666666666
0 0.34833333333333333 0.5266666666666667 0.016666666666666666 0.02666666666666667
0 0.3716666666666667 0.515 0.016666666666666666 0.030000000000000002
0 0.37000000000000005 0.56 0.02666666666666667 0.02666666666666667
0 0.395 0.5950000000000001 0.030000000000000002 0.023333333333333334
0 0.41500000000000004 0.6266666666666667 0.05 0.02
0 0.44333333333333336 0.66 0.02666666666666667 0.03333333333333333
0 0.4716666666666667 0.6966666666666667 0.023333333333333334 0.04666666666666667
0 0.5033333333333334 0.7433333333333334 0.02666666666666667 0.060000000000000005
0 0.5383333333333333 0.7983333333333333 0.03666666666666667 0.043333333333333335
0 0.5800000000000001 0.8500000000000001 0.04 0.04
0 0.6050000000000001 0.9016666666666667 0.023333333333333334 0.03666666666666667
0 0.635 0.9466666666666668 0.03666666666666667 0.04666666666666667
0 0.4316666666666667 0.37333333333333335 0.023333333333333334 0.03333333333333333
0 0.465 0.3983333333333334 0.023333333333333334 0.023333333333333334
0 0.48833333333333334 0.42833333333333334 0.016666666666666666 0.016666666666666666
0 0.5133333333333334 0.4566666666666667 0.02666666666666667 0.02
0 0.535 0.4866666666666667 0.016666666666666666 0.013333333333333334
0 0.5616666666666666 0.5083333333333334 0.023333333333333334 0.023333333333333334
0 0.5783333333333334 0.5366666666666667 0.016666666666666666 0.02
0 0.6083333333333334 0.5716666666666667 0.023333333333333334 0.030000000000000002
0 0.7400000000000001 0.7966666666666667 0.02 0.02
