0 0.32833333333333337 0.015000000000000001 0.043333333333333335 0.030000000000000002
0 0.3566666666666667 0.05666666666666667 0.04 0.04
0 0.38333333333333336 0.09666666666666668 0.04666666666666667 0.03333333333333333
0 0.4083333333333334 0.13833333333333334 0.03666666666666667 0.03666666666666667
0 0.42833333333333334 0.17666666666666667 0.016666666666666666 0.02
0 0.45 0.16666666666666669 0.013333333333333334 0.02
0 0.4683333333333334 0.19166666666666668 0.01 0.016666666666666666
0 0.44333333333333336 0.20833333333333334 0.02 0.023333333333333334
0 0.46166666666666667 0.23333333333333334 0.016666666666666666 0.02666666666666667
0 0.4816666666666667 0.27 0.016666666666666666 0.02666666666666667
0 0.48500000000000004 0.2316666666666667 0.01 0.016666666666666666
0 0.505 0.2566666666666667 0.01 0.013333333333333334
0 0.525 0.2833333333333333 0.023333333333333334 0.03333333333333333
0 0.5066666666666667 0.305 0.02 0.016666666666666666
0 0.53 0.33333333333333337 0.02 0.02
0 0.55 0.32333333333333336 0.013333333333333334 0.02
0 0.5716666666666667 0.3516666666666667 0.016666666666666666 0.023333333333333334
0 0.5516666666666667 0.36500000000000005 0.016666666666666666 0.023333333333333334
0 0.5833333333333334 0.3983333333333334 0.03333333333333333 0.023333333333333334
0 0.5966666666666667 0.3716666666666667 0.013333333333333334 0.016666666666666666
0 0.6083333333333334 0.42333333333333334 0.016666666666666666 0.02666666666666667
0 0.6216666666666667 0.465 0.016666666666666666 0.030000000000000002
0 0.645 0.5083333333333334 0.016666666666666666 0.030000000000000002
0 0.6683333333333333 0.5416666666666667 0.01 0.016666666666666666
0 0.6533333333333333 0.4766666666666667 0.006666666666666667 0.013333333333333334
0 0.6683333333333333 0.5033333333333334 0.01 0.02
0 0.6916666666666668 0.54 0.016666666666666666 0.02666666666666667
0 0.6966666666666667 0.5766666666666667 0.013333333333333334 0.02666666666666667
0 0.7200000000000001 0.5983333333333334 0.006666666666666667 0.016666666666666666
