0 0.03666666666666667 0.02666666666666667 0.03333333333333333 0.03333333333333333
0 0.06666666666666667 0.06833333333333334 0.04 0.03666666666666667
0 0.10166666666666667 0.11833333333333335 0.03666666666666667 0.03666666666666667
0 0.13333333333333333 0.155 0.03333333333333333 0.03666666666666667
0 0.1716666666666667 0.2 0.03666666666666667 0.03333333333333333
0 0.21333333333333335 0.26 0.04666666666666667 0.06666666666666667
0 0.26 0.3166666666666667 0.05333333333333334 0.04
0 0.2966666666666667 0.38 0.060000000000000005 0.07333333333333333
0 0.35000000000000003 0.455 0.060000000000000005 0.06333333333333334
0 0.405 0.515 0.05666666666666667 0.043333333333333335
0 0.46166666666666667 0.5716666666666667 0.05666666666666667 0.06333333333333334
0 0.515 0.62 0.043333333333333335 0.04666666666666667
0 0.5650000000000001 0.6616666666666667 0.05 0.05
0 0.615 0.7133333333333334 0.043333333333333335 0.04666666666666667
0 0.655 0.76 0.043333333333333335 0.03333333333333333
0 0.6950000000000001 0.7966666666666667 0.030000000000000002 0.02666666666666667
0 0.7300000000000001 0.8233333333333334 0.02666666666666667 0.02666666666666667
0 0.765 0.8583333333333334 0.030000000000000002 0.030000000000000002
0 0.7983333333333333 0.8866666666666667 0.030000000000000002 0.03333333333333333
0 0.8383333333333334 0.915 0.030000000000000002 0.030000000000000002
0 0.8716666666666667 0.9483333333333334 0.030000000000000002 0.03666666666666667
