0 0.39666666666666667 0.30333333333333334 0.05333333333333334 0.04
0 0.4566666666666667 0.36333333333333334 0.05333333333333334 0.04666666666666667
0 0.5133333333333334 0.4116666666666667 0.04666666666666667 0.05666666666666667
0 0.5766666666666667 0.47000000000000003 0.06666666666666667 0.05333333333333334
0 0.3433333333333334 0.24333333333333335 0.02666666666666667 0.04
0 0.30833333333333335 0.20500000000000002 0.030000000000000002 0.03666666666666667
0 0.27166666666666667 0.17 0.03666666666666667 0.04
0 0.21166666666666667 0.13 0.03666666666666667 0.02666666666666667
0 0.18166666666666667 0.09000000000000001 0.030000000000000002 0.02666666666666667
0 0.6316666666666667 0.54 0.06333333333333334 0.060000000000000005
0 0.6733333333333333 0.5966666666666667 0.04666666666666667 0.04
0 0.7083333333333334 0.6483333333333334 0.05 0.05
0 0.7516666666666667 0.6950000000000001 0.03666666666666667 0.030000000000000002
0 0.79 0.7350000000000001 0.02666666666666667 0.03666666666666667
0 0.8166666666666668 0.7816666666666667 0.02666666666666667 0.03666666666666667
0 0.8466666666666667 0.8216666666666668 0.03333333333333333 0.030000000000000002
0 0.8783333333333334 0.8583333333333334 0.03666666666666667 0.030000000000000002
0 0.905 0.905 0.043333333333333335 0.03666666666666667
0 0.9516666666666668 0.9600000000000001 0.043333333333333335 0.05333333333333334
