0 0.5083333333333334 0.5216666666666667 0.1366666666666667 0.043333333333333335
0 0.5433333333333333 0.7333333333333334 0.14666666666666667 0.060000000000000005
0 0.030000000000000002 0.04166666666666667 0.060000000000000005 0.07666666666666667
0 0.085 0.11666666666666667 0.07666666666666667 0.04
0 0.11333333333333334 0.1716666666666667 0.07333333333333333 0.043333333333333335
0 0.16166666666666668 0.23 0.07666666666666667 0.02
0 0.09833333333333334 0.28500000000000003 0.05 0.043333333333333335
0 0.12666666666666668 0.37333333333333335 0.06666666666666667 0.05333333333333334
0 0.16333333333333333 0.4216666666666667 0.05333333333333334 0.043333333333333335
0 0.21166666666666667 0.47500000000000003 0.043333333333333335 0.043333333333333335
0 0.25 0.5166666666666667 0.060000000000000005 0.02
0 0.25 0.5516666666666667 0.03333333333333333 0.030000000000000002
0 0.28833333333333333 0.5883333333333334 0.06333333333333334 0.03666666666666667
0 0.3216666666666667 0.6483333333333334 0.05666666666666667 0.07
0 0.3766666666666667 0.7000000000000001 0.04666666666666667 0.04
0 0.35833333333333334 0.77 0.09000000000000001 0.09333333333333334
0 0.385 0.8383333333333334 0.03666666666666667 0.03666666666666667
0 0.4133333333333334 0.8833333333333334 0.03333333333333333 0.04
