0 0.43833333333333335 0.2566666666666667 0.11666666666666667 0.060000000000000005
0 0.48000000000000004 0.4683333333333334 0.15333333333333335 0.043333333333333335
0 0.4666666666666667 0.016666666666666666 0.09333333333333334 0.02
0 0.5366666666666667 0.058333333333333334 0.02666666666666667 0.03666666666666667
0 0.5750000000000001 0.12000000000000001 0.03666666666666667 0.04666666666666667
0 0.6183333333333334 0.22166666666666668 0.07 0.11
0 0.6466666666666667 0.3016666666666667 0.060000000000000005 0.03666666666666667
0 0.6683333333333333 0.3516666666666667 0.043333333333333335 0.03666666666666667
0 0.7100000000000001 0.41000000000000003 0.04 0.02666666666666667
0 0.7583333333333334 0.45833333333333337 0.043333333333333335 0.05666666666666667
0 0.7816666666666667 0.52 0.043333333333333335 0.05333333333333334
0 0.8416666666666667 0.5900000000000001 0.05666666666666667 0.08666666666666667
0 0.8916666666666667 0.7050000000000001 0.06333333333333334 0.030000000000000002
0 0.8333333333333334 0.7583333333333334 0.10666666666666667 0.023333333333333334
0 0.885 0.8366666666666667 0.05 0.07333333333333333
0 0.9516666666666668 0.9366666666666668 0.06333333333333334 0.09333333333333334
