0 0.6766666666666667 0.465 0.03333333333333333 0.030000000000000002
0 0.66 0.5033333333333334 0.02666666666666667 0.02666666666666667
0 0.5466666666666667 0.6783333333333333 0.04 0.023333333333333334
0 0.525 0.7050000000000001 0.030000000000000002 0.023333333333333334
0 0.49500000000000005 0.7350000000000001 0.030000000000000002 0.023333333333333334
0 0.4633333333333334 0.7583333333333334 0.02666666666666667 0.023333333333333334
0 0.42333333333333334 0.7633333333333334 0.02 0.02
0 0.42000000000000004 0.79 0.02 0.02
0 0.40166666666666667 0.8133333333333334 0.016666666666666666 0.02
0 0.37833333333333335 0.8483333333333334 0.023333333333333334 0.023333333333333334
0 0.3816666666666667 0.7416666666666667 0.01 0.023333333333333334
0 0.3716666666666667 0.7683333333333334 0.01 0.01
0 0.36000000000000004 0.79 0.013333333333333334 0.013333333333333334
0 0.34833333333333333 0.8133333333333334 0.016666666666666666 0.02
0 0.335 0.8416666666666667 0.01 0.023333333333333334
0 0.32 0.8533333333333334 0.006666666666666667 0.006666666666666667
0 0.6066666666666667 0.13333333333333333 0.02 0.02
0 0.35333333333333333 0.5616666666666666 0.013333333333333334 0.016666666666666666
0 0.32333333333333336 0.5883333333333334 0.02 0.016666666666666666
0 0.2783333333333334 0.6566666666666667 0.023333333333333334 0.02
0 0.21666666666666667 0.7366666666666667 0.013333333333333334 0.006666666666666667
