0 0.7266666666666667 0.6000000000000001 0.03333333333333333 0.04
0 0.5916666666666667 0.7300000000000001 0.030000000000000002 0.02
0 0.56 0.7516666666666667 0.02666666666666667 0.016666666666666666
0 0.5316666666666667 0.7766666666666667 0.030000000000000002 0.02
0 0.48000000000000004 0.7966666666666667 0.04666666666666667 0.02666666666666667
0 0.43833333333333335 0.8250000000000001 0.023333333333333334 0.016666666666666666
0 0.4133333333333334 0.8450000000000001 0.02 0.023333333333333334
0 0.385 0.8650000000000001 0.016666666666666666 0.016666666666666666
0 0.36500000000000005 0.8816666666666667 0.016666666666666666 0.016666666666666666
0 0.3416666666666667 0.9 0.016666666666666666 0.02
0 0.37000000000000005 0.8383333333333334 0.02 0.016666666666666666
0 0.39 0.8150000000000001 0.02 0.016666666666666666
0 0.34500000000000003 0.8600000000000001 0.016666666666666666 0.013333333333333334
0 0.6583333333333333 0.315 0.016666666666666666 0.016666666666666666
0 0.36000000000000004 0.6533333333333333 0.02666666666666667 0.02
0 0.27 0.7283333333333334 0.02 0.016666666666666666
