0 0.8300000000000001 0.1716666666666667 0.05333333333333334 0.10333333333333335
0 0.5883333333333334 0.24833333333333335 0.06333333333333334 0.11666666666666667
0 0.5983333333333334 0.675 0.15666666666666668 0.6166666666666667
0 0.29833333333333334 0.9383333333333334 0.43000000000000005 0.11666666666666667
0 0.10666666666666667 0.7200000000000001 0.13333333333333333 0.3066666666666667
0 0.08666666666666667 0.29333333333333333 0.07333333333333333 0.23333333333333334
0 0.09000000000000001 0.49833333333333335 0.060000000000000005 0.16333333333333333
0 0.20333333333333334 0.5266666666666667 0.03333333333333333 0.013333333333333334
0 0.2066666666666667 0.5466666666666667 0.060000000000000005 0.02
0 0.26 0.5516666666666667 0.03333333333333333 0.01
0 0.29333333333333333 0.5583333333333333 0.02666666666666667 0.016666666666666666
0 0.24166666666666667 0.5833333333333334 0.06333333333333334 0.013333333333333334
0 0.29833333333333334 0.6366666666666667 0.023333333333333334 0.013333333333333334
0 0.25833333333333336 0.65 0.030000000000000002 0.013333333333333334
0 0.24500000000000002 0.66 0.030000000000000002 0.013333333333333334
0 0.3166666666666667 0.7233333333333334 0.02666666666666667 0.006666666666666667
0 0.2816666666666667 0.7400000000000001 0.05666666666666667 0.013333333333333334
0 0.30833333333333335 0.7516666666666667 0.05 0.01
0 0.26666666666666666 0.7633333333333334 0.04 0.006666666666666667
0 0.28500000000000003 0.775 0.05 0.016666666666666666
0 0.24500000000000002 0.8016666666666667 0.043333333333333335 0.016666666666666666
0 0.265 0.8233333333333334 0.05666666666666667 0.013333333333333334
0 0.33666666666666667 0.8216666666666668 0.02666666666666667 0.01
0 0.40166666666666667 0.8516666666666667 0.043333333333333335 0.016666666666666666
