0 0.9533333333333334 0.28 0.02 0.02666666666666667
0 0.915 0.31 0.030000000000000002 0.02
0 0.8300000000000001 0.4366666666666667 0.02 0.03333333333333333
0 0.9516666666666668 0.7400000000000001 0.023333333333333334 0.02
0 0.8983333333333334 0.7783333333333334 0.023333333333333334 0.023333333333333334
0 0.8733333333333334 0.8150000000000001 0.02 0.016666666666666666
0 0.9783333333333334 0.6966666666666667 0.01 0.02
0 0.9616666666666668 0.635 0.01 0.01
0 0.9733333333333334 0.6033333333333334 0.013333333333333334 0.013333333333333334
0 0.9266666666666667 0.6816666666666668 0.013333333333333334 0.01
