0 0.8500000000000001 0.043333333333333335 0.10666666666666667 0.08666666666666667
0 0.77 0.12333333333333334 0.09333333333333334 0.09333333333333334
0 0.7066666666666667 0.2016666666666667 0.10666666666666667 0.09666666666666668
0 0.635 0.2916666666666667 0.11 0.11
0 0.5733333333333334 0.385 0.12666666666666668 0.09666666666666668
0 0.505 0.49333333333333335 0.12333333333333334 0.11333333333333334
0 0.4266666666666667 0.5966666666666667 0.12666666666666668 0.09333333333333334
0 0.36500000000000005 0.6900000000000001 0.11666666666666667 0.1
0 0.2916666666666667 0.7816666666666667 0.11666666666666667 0.07666666666666667
0 0.22333333333333336 0.88 0.1 0.09333333333333334
0 0.18500000000000003 0.9700000000000001 0.08333333333333334 0.05333333333333334
0 0.195 0.7933333333333333 0.06333333333333334 0.04666666666666667
0 0.3433333333333334 0.6050000000000001 0.02666666666666667 0.043333333333333335
0 0.4166666666666667 0.4966666666666667 0.04 0.08
0 0.4816666666666667 0.395 0.03666666666666667 0.05
0 0.5533333333333333 0.2966666666666667 0.03333333333333333 0.05333333333333334
