0 0.49833333333333335 0.07166666666666667 0.030000000000000002 0.1366666666666667
0 0.48833333333333334 0.2066666666666667 0.03666666666666667 0.08
0 0.4816666666666667 0.30000000000000004 0.016666666666666666 0.08666666666666667
0 0.48333333333333334 0.39666666666666667 0.03333333333333333 0.08666666666666667
0 0.47500000000000003 0.5183333333333333 0.03666666666666667 0.14333333333333334
0 0.4716666666666667 0.7983333333333333 0.043333333333333335 0.39666666666666667
0 0.6766666666666667 0.09166666666666667 0.02666666666666667 0.18333333333333335
0 0.6666666666666667 0.25333333333333335 0.013333333333333334 0.11333333333333334
0 0.6666666666666667 0.375 0.04 0.05
0 0.6566666666666667 0.43000000000000005 0.013333333333333334 0.04666666666666667
0 0.6483333333333334 0.6016666666666667 0.016666666666666666 0.27666666666666667
0 0.63 0.775 0.02 0.16333333333333333
0 0.6000000000000001 0.9333333333333333 0.02666666666666667 0.12666666666666668
0 0.6716666666666667 0.7483333333333334 0.023333333333333334 0.17666666666666667
0 0.6616666666666667 0.9183333333333334 0.023333333333333334 0.15666666666666668
0 0.7066666666666667 0.5900000000000001 0.013333333333333334 0.16666666666666669
0 0.7266666666666667 0.385 0.013333333333333334 0.043333333333333335
0 0.7183333333333334 0.4566666666666667 0.01 0.07333333333333333
0 0.7383333333333334 0.315 0.016666666666666666 0.07
0 0.75 0.12000000000000001 0.013333333333333334 0.24000000000000002
