0 0.7200000000000001 0.03333333333333333 0.03333333333333333 0.06666666666666667
0 0.6283333333333334 0.23 0.023333333333333334 0.08
0 0.5916666666666667 0.2966666666666667 0.023333333333333334 0.02666666666666667
0 0.5416666666666667 0.385 0.043333333333333335 0.06333333333333334
0 0.45333333333333337 0.5383333333333333 0.04666666666666667 0.06333333333333334
0 0.3916666666666667 0.635 0.05666666666666667 0.07666666666666667
0 0.35500000000000004 0.7266666666666667 0.03666666666666667 0.04666666666666667
0 0.30833333333333335 0.8083333333333333 0.03666666666666667 0.06333333333333334
0 0.20833333333333334 0.9566666666666668 0.06333333333333334 0.08
0 0.12833333333333335 0.9750000000000001 0.11 0.043333333333333335
0 0.09333333333333334 0.92 0.03333333333333333 0.05333333333333334
0 0.10833333333333334 0.8600000000000001 0.03666666666666667 0.05333333333333334
0 0.14 0.8183333333333334 0.02666666666666667 0.043333333333333335
0 0.19166666666666668 0.7083333333333334 0.043333333333333335 0.05
0 0.22666666666666668 0.645 0.03333333333333333 0.043333333333333335
0 0.25833333333333336 0.5983333333333334 0.023333333333333334 0.03666666666666667
0 0.2866666666666667 0.5683333333333334 0.02 0.043333333333333335
0 0.3166666666666667 0.5383333333333333 0.03333333333333333 0.030000000000000002
0 0.3416666666666667 0.4966666666666667 0.030000000000000002 0.04666666666666667
0 0.3766666666666667 0.44 0.04666666666666667 0.08
0 0.48000000000000004 0.19166666666666668 0.02 0.07
0 0.49833333333333335 0.4733333333333334 0.030000000000000002 0.04
0 0.48000000000000004 0.25833333333333336 0.02 0.023333333333333334
0 0.43500000000000005 0.30333333333333334 0.023333333333333334 0.02666666666666667
0 0.6333333333333334 0.5583333333333333 0.02 0.030000000000000002
0 0.5883333333333334 0.6033333333333334 0.030000000000000002 0.03333333333333333
