0 0.3166666666666667 0.6183333333333334 0.03333333333333333 0.043333333333333335
0 0.35333333333333333 0.6466666666666667 0.02666666666666667 0.04
0 0.385 0.6683333333333333 0.030000000000000002 0.043333333333333335
0 0.42333333333333334 0.6933333333333334 0.02666666666666667 0.04
0 0.4633333333333334 0.7300000000000001 0.04 0.05333333333333334
0 0.505 0.75 0.03666666666666667 0.04666666666666667
0 0.5483333333333333 0.7783333333333334 0.03666666666666667 0.05666666666666667
0 0.5900000000000001 0.8016666666666667 0.04 0.06333333333333334
0 0.6366666666666667 0.8183333333333334 0.03333333333333333 0.06333333333333334
0 0.7283333333333334 0.8150000000000001 0.13 0.043333333333333335
0 0.8383333333333334 0.8183333333333334 0.07666666666666667 0.03666666666666667
0 0.925 0.8350000000000001 0.09666666666666668 0.043333333333333335
