0 0.6133333333333334 0.15333333333333335 0.04666666666666667 0.08666666666666667
0 0.5866666666666667 0.26833333333333337 0.05333333333333334 0.13
0 0.5383333333333333 0.37000000000000005 0.03666666666666667 0.08
0 0.515 0.5 0.06333333333333334 0.14666666666666667
0 0.47500000000000003 0.6316666666666667 0.05 0.09000000000000001
0 0.42000000000000004 0.77 0.060000000000000005 0.11333333333333334
0 0.39333333333333337 0.8733333333333334 0.060000000000000005 0.08
0 0.3466666666666667 0.9533333333333334 0.08 0.08666666666666667
0 0.19 0.8066666666666668 0.060000000000000005 0.17333333333333334
0 0.09833333333333334 0.9750000000000001 0.07 0.043333333333333335
0 0.14333333333333334 0.9233333333333333 0.03333333333333333 0.03333333333333333
0 0.2866666666666667 0.5583333333333333 0.04666666666666667 0.043333333333333335
0 0.27666666666666667 0.44833333333333336 0.03333333333333333 0.16333333333333333
0 0.23500000000000001 0.6233333333333334 0.030000000000000002 0.03333333333333333
0 0.265 0.5966666666666667 0.023333333333333334 0.02
0 0.19833333333333333 0.6866666666666668 0.03666666666666667 0.05333333333333334
0 0.3466666666666667 0.19666666666666668 0.013333333333333334 0.08666666666666667
0 0.6533333333333333 0.9083333333333334 0.03333333333333333 0.030000000000000002
0 0.6283333333333334 0.9450000000000001 0.030000000000000002 0.03666666666666667
0 0.5916666666666667 0.9866666666666667 0.06333333333333334 0.02
0 0.7216666666666667 0.7966666666666667 0.023333333333333334 0.02
