0 0.6666666666666667 0.49833333333333335 0.02 0.030000000000000002
0 0.4666666666666667 0.7483333333333334 0.02 0.030000000000000002
0 0.49500000000000005 0.7266666666666667 0.016666666666666666 0.02666666666666667
0 0.515 0.7100000000000001 0.023333333333333334 0.02666666666666667
0 0.54 0.6866666666666668 0.02666666666666667 0.02666666666666667
0 0.4266666666666667 0.7483333333333334 0.02 0.016666666666666666
0 0.42500000000000004 0.7733333333333334 0.016666666666666666 0.02
0 0.4116666666666667 0.8083333333333333 0.023333333333333334 0.023333333333333334
0 0.3766666666666667 0.7433333333333334 0.013333333333333334 0.013333333333333334
0 0.37000000000000005 0.7666666666666667 0.013333333333333334 0.02
0 0.35833333333333334 0.79 0.01 0.02
0 0.34833333333333333 0.8266666666666668 0.016666666666666666 0.03333333333333333
0 0.3166666666666667 0.8550000000000001 0.006666666666666667 0.01
0 0.34500000000000003 0.8733333333333334 0.016666666666666666 0.02
0 0.315 0.9033333333333334 0.016666666666666666 0.02
0 0.6016666666666667 0.12833333333333335 0.01 0.016666666666666666
0 0.3433333333333334 0.5616666666666666 0.013333333333333334 0.016666666666666666
0 0.32333333333333336 0.5883333333333334 0.013333333333333334 0.01
0 0.26333333333333336 0.6683333333333333 0.02 0.016666666666666666
