0 0.66 0.4966666666666667 0.02666666666666667 0.03333333333333333
0 0.5633333333333334 0.6716666666666667 0.013333333333333334 0.016666666666666666
0 0.5416666666666667 0.6866666666666668 0.016666666666666666 0.02
0 0.5183333333333333 0.7100000000000001 0.023333333333333334 0.02666666666666667
0 0.49000000000000005 0.7316666666666667 0.02666666666666667 0.030000000000000002
0 0.46 0.7533333333333334 0.02 0.02666666666666667
0 0.4316666666666667 0.75 0.023333333333333334 0.02666666666666667
0 0.41833333333333333 0.7816666666666667 0.01 0.023333333333333334
0 0.405 0.8116666666666668 0.01 0.016666666666666666
0 0.38833333333333336 0.8350000000000001 0.01 0.016666666666666666
0 0.3816666666666667 0.7416666666666667 0.01 0.023333333333333334
0 0.36833333333333335 0.7683333333333334 0.01 0.023333333333333334
0 0.36000000000000004 0.795 0.013333333333333334 0.016666666666666666
0 0.34833333333333333 0.8116666666666668 0.01 0.016666666666666666
0 0.33333333333333337 0.8283333333333334 0.013333333333333334 0.016666666666666666
0 0.32 0.8466666666666667 0.013333333333333334 0.02
0 0.43833333333333335 0.6050000000000001 0.01 0.016666666666666666
0 0.42833333333333334 0.63 0.01 0.013333333333333334
0 0.35000000000000003 0.5666666666666667 0.02 0.02666666666666667
0 0.32666666666666666 0.5866666666666667 0.013333333333333334 0.02
0 0.2783333333333334 0.6433333333333334 0.016666666666666666 0.02
0 0.26333333333333336 0.67 0.02 0.013333333333333334
