0 0.6050000000000001 0.13333333333333333 0.023333333333333334 0.02666666666666667
0 0.6716666666666667 0.46 0.030000000000000002 0.04
0 0.6616666666666667 0.5033333333333334 0.023333333333333334 0.03333333333333333
0 0.6516666666666667 0.5383333333333333 0.016666666666666666 0.016666666666666666
0 0.55 0.67 0.03333333333333333 0.02666666666666667
0 0.5283333333333333 0.7016666666666667 0.023333333333333334 0.023333333333333334
0 0.5 0.7216666666666667 0.02 0.023333333333333334
0 0.4666666666666667 0.7516666666666667 0.03333333333333333 0.030000000000000002
0 0.43000000000000005 0.7616666666666667 0.02 0.05
0 0.4083333333333334 0.8033333333333333 0.016666666666666666 0.02
0 0.3916666666666667 0.8233333333333334 0.01 0.013333333333333334
0 0.37333333333333335 0.8516666666666667 0.013333333333333334 0.01
0 0.37833333333333335 0.7400000000000001 0.01 0.02
0 0.3716666666666667 0.7733333333333334 0.01 0.02
0 0.35500000000000004 0.7983333333333333 0.01 0.016666666666666666
0 0.34 0.8233333333333334 0.013333333333333334 0.02
0 0.32333333333333336 0.8500000000000001 0.013333333333333334 0.02
0 0.34 0.88 0.013333333333333334 0.013333333333333334
0 0.28833333333333333 0.9116666666666667 0.016666666666666666 0.023333333333333334
0 0.3466666666666667 0.5633333333333334 0.013333333333333334 0.02
0 0.32333333333333336 0.5900000000000001 0.013333333333333334 0.013333333333333334
0 0.2866666666666667 0.6433333333333334 0.013333333333333334 0.013333333333333334
0 0.27 0.665 0.013333333333333334 0.016666666666666666
