0 0.3916666666666667 0.255 0.030000000000000002 0.023333333333333334
0 0.4216666666666667 0.23833333333333334 0.016666666666666666 0.016666666666666666
0 0.44333333333333336 0.225 0.02 0.016666666666666666
0 0.4666666666666667 0.21166666666666667 0.02 0.016666666666666666
0 0.4916666666666667 0.2016666666666667 0.016666666666666666 0.023333333333333334
0 0.5216666666666667 0.19 0.016666666666666666 0.02666666666666667
0 0.26166666666666666 0.395 0.030000000000000002 0.030000000000000002
0 0.33166666666666667 0.6733333333333333 0.01 0.006666666666666667
0 0.5566666666666668 0.17 0.02666666666666667 0.03333333333333333
0 0.615 0.15000000000000002 0.016666666666666666 0.02
0 0.5950000000000001 0.17833333333333334 0.016666666666666666 0.016666666666666666
0 0.5916666666666667 0.14833333333333334 0.030000000000000002 0.043333333333333335
0 0.625 0.11333333333333334 0.016666666666666666 0.02
