0 0.6616666666666667 0.505 0.023333333333333334 0.03666666666666667
0 0.6416666666666667 0.54 0.01 0.013333333333333334
0 0.5433333333333333 0.68 0.02666666666666667 0.02666666666666667
0 0.5216666666666667 0.7083333333333334 0.016666666666666666 0.016666666666666666
0 0.5016666666666667 0.7300000000000001 0.023333333333333334 0.02666666666666667
0 0.46166666666666667 0.755 0.023333333333333334 0.030000000000000002
0 0.42500000000000004 0.755 0.016666666666666666 0.023333333333333334
0 0.41833333333333333 0.785 0.016666666666666666 0.023333333333333334
0 0.405 0.81 0.016666666666666666 0.013333333333333334
0 0.37833333333333335 0.7333333333333334 0.01 0.013333333333333334
0 0.375 0.7566666666666667 0.01 0.013333333333333334
0 0.3616666666666667 0.78 0.01 0.02
0 0.35333333333333333 0.805 0.013333333333333334 0.016666666666666666
0 0.34 0.8250000000000001 0.013333333333333334 0.023333333333333334
0 0.3216666666666667 0.8433333333333334 0.01 0.013333333333333334
0 0.3666666666666667 0.8366666666666667 0.006666666666666667 0.013333333333333334
0 0.35333333333333333 0.8516666666666667 0.006666666666666667 0.01
0 0.3433333333333334 0.8700000000000001 0.013333333333333334 0.02666666666666667
0 0.4466666666666667 0.665 0.013333333333333334 0.023333333333333334
0 0.6033333333333334 0.12833333333333335 0.02 0.023333333333333334
0 0.34500000000000003 0.5583333333333333 0.016666666666666666 0.023333333333333334
0 0.32833333333333337 0.5866666666666667 0.016666666666666666 0.02666666666666667
0 0.2816666666666667 0.6466666666666667 0.016666666666666666 0.013333333333333334
0 0.26333333333333336 0.67 0.02666666666666667 0.02
