0 0.9416666666666668 0.2866666666666667 0.023333333333333334 0.03333333333333333
0 0.9083333333333334 0.3216666666666667 0.023333333333333334 0.030000000000000002
0 0.8416666666666667 0.41000000000000003 0.016666666666666666 0.02
0 0.8116666666666668 0.4416666666666667 0.023333333333333334 0.023333333333333334
0 0.9733333333333334 0.6116666666666667 0.02 0.023333333333333334
0 0.9583333333333334 0.64 0.016666666666666666 0.013333333333333334
0 0.9433333333333334 0.66 0.02 0.013333333333333334
0 0.9866666666666667 0.6966666666666667 0.02 0.02666666666666667
0 0.9616666666666668 0.7250000000000001 0.023333333333333334 0.023333333333333334
0 0.9366666666666668 0.7566666666666667 0.02666666666666667 0.04
0 0.9 0.79 0.02666666666666667 0.04
0 0.8450000000000001 0.8200000000000001 0.023333333333333334 0.03333333333333333
0 0.9116666666666667 0.7116666666666667 0.01 0.01
0 0.9233333333333333 0.6833333333333333 0.013333333333333334 0.02
