0 0.20833333333333334 0.7016666666666667 0.030000000000000002 0.05666666666666667
0 0.16833333333333333 0.7283333333333334 0.016666666666666666 0.016666666666666666
0 0.24000000000000002 0.6716666666666667 0.03333333333333333 0.06333333333333334
0 0.27666666666666667 0.6416666666666667 0.03333333333333333 0.05
0 0.30833333333333335 0.6166666666666667 0.03666666666666667 0.04
0 0.3383333333333334 0.5900000000000001 0.030000000000000002 0.04666666666666667
0 0.37000000000000005 0.555 0.02666666666666667 0.030000000000000002
0 0.395 0.5283333333333333 0.030000000000000002 0.030000000000000002
0 0.42333333333333334 0.5133333333333334 0.02666666666666667 0.04
0 0.45 0.4916666666666667 0.02666666666666667 0.030000000000000002
0 0.48333333333333334 0.47000000000000003 0.03333333333333333 0.03333333333333333
0 0.52 0.4566666666666667 0.04 0.02666666666666667
0 0.5533333333333333 0.4366666666666667 0.03333333333333333 0.03333333333333333
0 0.5850000000000001 0.41833333333333333 0.03666666666666667 0.03666666666666667
0 0.615 0.39333333333333337 0.030000000000000002 0.04
0 0.6533333333333333 0.375 0.03333333333333333 0.03666666666666667
0 0.6716666666666667 0.35000000000000003 0.030000000000000002 0.03333333333333333
0 0.6983333333333334 0.33166666666666667 0.030000000000000002 0.03666666666666667
0 0.7266666666666667 0.3166666666666667 0.02 0.02
0 0.75 0.29500000000000004 0.02 0.016666666666666666
0 0.7733333333333334 0.2816666666666667 0.02 0.016666666666666666
0 0.795 0.26333333333333336 0.023333333333333334 0.013333333333333334
0 0.7916666666666667 0.21333333333333335 0.043333333333333335 0.03333333333333333
0 0.8250000000000001 0.24500000000000002 0.016666666666666666 0.023333333333333334
0 0.8333333333333334 0.19166666666666668 0.02666666666666667 0.03666666666666667
0 0.8500000000000001 0.22333333333333336 0.02666666666666667 0.02
0 0.8783333333333334 0.21000000000000002 0.023333333333333334 0.013333333333333334
0 0.04666666666666667 0.6950000000000001 0.04666666666666667 0.05
0 0.095 0.6766666666666667 0.05 0.04
0 0.14333333333333334 0.6533333333333333 0.03333333333333333 0.03333333333333333
0 0.1716666666666667 0.6183333333333334 0.016666666666666666 0.016666666666666666
0 0.19166666666666668 0.5933333333333334 0.016666666666666666 0.013333333333333334
0 0.21333333333333335 0.5850000000000001 0.02 0.016666666666666666
0 0.23333333333333334 0.5700000000000001 0.02 0.02
0 0.315 0.5016666666666667 0.030000000000000002 0.023333333333333334
0 0.34833333333333333 0.4816666666666667 0.03666666666666667 0.023333333333333334
0 0.2816666666666667 0.53 0.030000000000000002 0.02
0 0.38 0.45833333333333337 0.02666666666666667 0.030000000000000002
0 0.4566666666666667 0.4083333333333334 0.02 0.016666666666666666
0 0.48000000000000004 0.39333333333333337 0.02 0.02
0 0.505 0.375 0.023333333333333334 0.023333333333333334
0 0.5283333333333333 0.3516666666666667 0.023333333333333334 0.016666666666666666
0 0.5583333333333333 0.3383333333333334 0.030000000000000002 0.016666666666666666
0 0.5833333333333334 0.3166666666666667 0.02 0.02
0 0.6050000000000001 0.2966666666666667 0.023333333333333334 0.02
0 0.63 0.27166666666666667 0.03333333333333333 0.023333333333333334
0 0.66 0.2516666666666667 0.02666666666666667 0.023333333333333334
0 0.6883333333333334 0.23500000000000001 0.023333333333333334 0.023333333333333334
0 0.1366666666666667 0.7133333333333334 0.02 0.02
