0 0.6466666666666667 0.085 0.05333333333333334 0.16333333333333333
0 0.63 0.21333333333333335 0.04 0.060000000000000005
0 0.3666666666666667 0.12166666666666667 0.08666666666666667 0.23
0 0.30000000000000004 0.32833333333333337 0.08666666666666667 0.15000000000000002
0 0.37833333333333335 0.37000000000000005 0.05666666666666667 0.04666666666666667
0 0.5866666666666667 0.29333333333333333 0.04 0.05333333333333334
0 0.5666666666666667 0.35833333333333334 0.03333333333333333 0.05
0 0.535 0.405 0.030000000000000002 0.030000000000000002
0 0.2816666666666667 0.4266666666666667 0.06333333333333334 0.04
0 0.2833333333333333 0.5366666666666667 0.07333333333333333 0.16
0 0.5116666666666667 0.48000000000000004 0.03666666666666667 0.060000000000000005
0 0.4766666666666667 0.55 0.04 0.07333333333333333
0 0.4466666666666667 0.63 0.06666666666666667 0.1
0 0.2516666666666667 0.7333333333333334 0.13 0.2066666666666667
0 0.39333333333333337 0.7150000000000001 0.06666666666666667 0.07
0 0.36000000000000004 0.7933333333333333 0.060000000000000005 0.08
0 0.335 0.8733333333333334 0.05 0.05333333333333334
0 0.305 0.9516666666666668 0.05 0.09000000000000001
0 0.25833333333333336 0.9700000000000001 0.030000000000000002 0.05333333333333334
0 0.14 0.8416666666666667 0.06666666666666667 0.07666666666666667
0 0.1 0.9433333333333334 0.06666666666666667 0.10666666666666667
