0 0.24666666666666667 0.018333333333333333 0.02666666666666667 0.03666666666666667
0 0.27 0.05 0.02666666666666667 0.02666666666666667
0 0.2916666666666667 0.07500000000000001 0.016666666666666666 0.023333333333333334
0 0.35500000000000004 0.16333333333333333 0.023333333333333334 0.03333333333333333
0 0.385 0.195 0.030000000000000002 0.023333333333333334
0 0.4633333333333334 0.29833333333333334 0.02666666666666667 0.023333333333333334
0 0.4916666666666667 0.32666666666666666 0.030000000000000002 0.02666666666666667
0 0.5183333333333333 0.36000000000000004 0.01 0.02
0 0.5416666666666667 0.38833333333333336 0.01 0.023333333333333334
0 0.5650000000000001 0.4216666666666667 0.01 0.023333333333333334
0 0.5933333333333334 0.47000000000000003 0.02 0.02666666666666667
0 0.6333333333333334 0.53 0.02 0.02
0 0.6633333333333333 0.5716666666666667 0.013333333333333334 0.023333333333333334
0 0.6816666666666668 0.61 0.016666666666666666 0.02666666666666667
0 0.7100000000000001 0.6616666666666667 0.02 0.030000000000000002
0 0.7283333333333334 0.7216666666666667 0.030000000000000002 0.03666666666666667
0 0.745 0.765 0.023333333333333334 0.03666666666666667
0 0.7633333333333334 0.8116666666666668 0.013333333333333334 0.030000000000000002
0 0.7933333333333333 0.9483333333333334 0.02 0.09666666666666668
0 0.635 0.9750000000000001 0.1366666666666667 0.043333333333333335
0 0.6716666666666667 0.9266666666666667 0.043333333333333335 0.02666666666666667
0 0.2833333333333333 0.335 0.02 0.030000000000000002
0 0.3016666666666667 0.3666666666666667 0.016666666666666666 0.02666666666666667
0 0.3216666666666667 0.405 0.023333333333333334 0.03666666666666667
0 0.2816666666666667 0.275 0.030000000000000002 0.06333333333333334
