0 0.6883333333333334 0.023333333333333334 0.03666666666666667 0.04666666666666667
0 0.9216666666666667 0.03833333333333334 0.06333333333333334 0.07
0 0.8883333333333334 0.11 0.03666666666666667 0.05333333333333334
0 0.8616666666666667 0.15833333333333335 0.03666666666666667 0.043333333333333335
0 0.8366666666666667 0.21000000000000002 0.04 0.05333333333333334
0 0.8066666666666668 0.25833333333333336 0.04666666666666667 0.05
0 0.7683333333333334 0.3066666666666667 0.05666666666666667 0.04666666666666667
0 0.7433333333333334 0.3466666666666667 0.05333333333333334 0.04666666666666667
0 0.7083333333333334 0.3866666666666667 0.05 0.04666666666666667
0 0.68 0.43833333333333335 0.04666666666666667 0.043333333333333335
0 0.6516666666666667 0.48500000000000004 0.03666666666666667 0.03666666666666667
0 0.6166666666666667 0.5233333333333333 0.04666666666666667 0.05333333333333334
0 0.5900000000000001 0.5700000000000001 0.04666666666666667 0.04
0 0.56 0.6083333333333334 0.04666666666666667 0.05
0 0.525 0.65 0.05 0.05333333333333334
0 0.51 0.6983333333333334 0.05333333333333334 0.043333333333333335
0 0.47000000000000003 0.75 0.05333333333333334 0.04666666666666667
0 0.4416666666666667 0.7966666666666667 0.043333333333333335 0.04
0 0.4083333333333334 0.8383333333333334 0.043333333333333335 0.043333333333333335
0 0.37000000000000005 0.8733333333333334 0.05333333333333334 0.04666666666666667
0 0.325 0.9166666666666667 0.05 0.04666666666666667
0 0.28833333333333333 0.9600000000000001 0.03666666666666667 0.04666666666666667
0 0.6433333333333334 0.06666666666666667 0.02 0.03333333333333333
0 0.625 0.13333333333333333 0.05 0.060000000000000005
0 0.5850000000000001 0.18666666666666668 0.043333333333333335 0.04666666666666667
0 0.56 0.225 0.04666666666666667 0.03666666666666667
0 0.5316666666666667 0.26166666666666666 0.043333333333333335 0.03666666666666667
0 0.5066666666666667 0.3016666666666667 0.04 0.043333333333333335
0 0.4783333333333334 0.3416666666666667 0.05 0.043333333333333335
0 0.44833333333333336 0.3916666666666667 0.05666666666666667 0.05666666666666667
0 0.42000000000000004 0.455 0.05333333333333334 0.06333333333333334
0 0.395 0.505 0.03666666666666667 0.030000000000000002
0 0.37333333333333335 0.54 0.02666666666666667 0.02666666666666667
0 0.35333333333333333 0.5750000000000001 0.03333333333333333 0.03666666666666667
0 0.33 0.6183333333333334 0.03333333333333333 0.043333333333333335
0 0.3016666666666667 0.655 0.03666666666666667 0.043333333333333335
0 0.28 0.6983333333333334 0.03333333333333333 0.043333333333333335
0 0.2733333333333334 0.7483333333333334 0.04666666666666667 0.043333333333333335
0 0.24500000000000002 0.795 0.043333333333333335 0.03666666666666667
0 0.21333333333333335 0.8300000000000001 0.04666666666666667 0.04
0 0.19 0.8733333333333334 0.05333333333333334 0.04666666666666667
0 0.14833333333333334 0.9216666666666667 0.043333333333333335 0.03666666666666667
0 0.115 0.9666666666666667 0.043333333333333335 0.04666666666666667
