0 0.8916666666666667 0.30000000000000004 0.10333333333333335 0.04666666666666667
0 0.8483333333333334 0.34500000000000003 0.05666666666666667 0.043333333333333335
0 0.8083333333333333 0.3716666666666667 0.030000000000000002 0.023333333333333334
0 0.7916666666666667 0.39333333333333337 0.023333333333333334 0.02
0 0.7616666666666667 0.4066666666666667 0.023333333333333334 0.02
0 0.7366666666666667 0.4216666666666667 0.02666666666666667 0.023333333333333334
0 0.7166666666666667 0.4416666666666667 0.02 0.016666666666666666
0 0.7016666666666667 0.45833333333333337 0.016666666666666666 0.023333333333333334
0 0.6783333333333333 0.4716666666666667 0.016666666666666666 0.03666666666666667
0 0.66 0.4916666666666667 0.02666666666666667 0.030000000000000002
0 0.635 0.51 0.023333333333333334 0.02666666666666667
0 0.6133333333333334 0.53 0.03333333333333333 0.03333333333333333
0 0.5833333333333334 0.55 0.02 0.02
0 0.5633333333333334 0.5650000000000001 0.02 0.016666666666666666
0 0.54 0.5750000000000001 0.02 0.016666666666666666
0 0.5266666666666667 0.5950000000000001 0.02 0.023333333333333334
0 0.5033333333333334 0.6083333333333334 0.02 0.016666666666666666
0 0.48500000000000004 0.625 0.023333333333333334 0.016666666666666666
0 0.46 0.64 0.02 0.013333333333333334
0 0.43833333333333335 0.655 0.01 0.016666666666666666
0 0.38833333333333336 0.5950000000000001 0.03666666666666667 0.043333333333333335
0 0.35500000000000004 0.6083333333333334 0.016666666666666666 0.023333333333333334
0 0.33666666666666667 0.6283333333333334 0.02666666666666667 0.023333333333333334
0 0.31333333333333335 0.6433333333333334 0.02 0.02
0 0.2866666666666667 0.6566666666666667 0.02666666666666667 0.02
0 0.26 0.6733333333333333 0.02666666666666667 0.02
0 0.18833333333333335 0.7616666666666667 0.05666666666666667 0.06333333333333334
0 0.2366666666666667 0.7016666666666667 0.03333333333333333 0.023333333333333334
0 0.42333333333333334 0.5683333333333334 0.03333333333333333 0.03666666666666667
0 0.455 0.5516666666666667 0.030000000000000002 0.030000000000000002
0 0.48500000000000004 0.5333333333333333 0.023333333333333334 0.03333333333333333
0 0.515 0.5183333333333333 0.023333333333333334 0.030000000000000002
0 0.5433333333333333 0.49833333333333335 0.02666666666666667 0.030000000000000002
0 0.5666666666666667 0.4766666666666667 0.02 0.02666666666666667
0 0.5933333333333334 0.4666666666666667 0.02 0.03333333333333333
0 0.6166666666666667 0.44333333333333336 0.02666666666666667 0.04666666666666667
0 0.6366666666666667 0.42333333333333334 0.03333333333333333 0.04
0 0.6566666666666667 0.405 0.02666666666666667 0.03666666666666667
0 0.6783333333333333 0.38833333333333336 0.030000000000000002 0.03666666666666667
0 0.6983333333333334 0.3716666666666667 0.030000000000000002 0.043333333333333335
0 0.7266666666666667 0.3466666666666667 0.02666666666666667 0.04666666666666667
0 0.7533333333333334 0.32666666666666666 0.02666666666666667 0.05333333333333334
0 0.7733333333333334 0.2833333333333333 0.02 0.03333333333333333
