0 0.5183333333333333 0.48000000000000004 0.030000000000000002 0.03333333333333333
0 0.49833333333333335 0.505 0.03666666666666667 0.030000000000000002
0 0.47000000000000003 0.53 0.03333333333333333 0.02666666666666667
0 0.43833333333333335 0.56 0.030000000000000002 0.02666666666666667
0 0.4083333333333334 0.5833333333333334 0.030000000000000002 0.02666666666666667
0 0.3816666666666667 0.6133333333333334 0.030000000000000002 0.02666666666666667
0 0.3516666666666667 0.6383333333333334 0.03666666666666667 0.03666666666666667
0 0.315 0.675 0.05666666666666667 0.043333333333333335
0 0.27666666666666667 0.7250000000000001 0.060000000000000005 0.043333333333333335
0 0.24000000000000002 0.76 0.04 0.03333333333333333
0 0.20833333333333334 0.7916666666666667 0.043333333333333335 0.030000000000000002
0 0.17666666666666667 0.8233333333333334 0.04666666666666667 0.03333333333333333
0 0.125 0.8550000000000001 0.05 0.043333333333333335
0 0.10333333333333335 0.7933333333333333 0.04 0.04666666666666667
0 0.135 0.755 0.030000000000000002 0.030000000000000002
0 0.16333333333333333 0.7250000000000001 0.03333333333333333 0.023333333333333334
0 0.195 0.7200000000000001 0.03666666666666667 0.02666666666666667
0 0.22333333333333336 0.7050000000000001 0.04666666666666667 0.03666666666666667
0 0.24000000000000002 0.6616666666666667 0.02 0.023333333333333334
0 0.405 0.46166666666666667 0.023333333333333334 0.016666666666666666
0 0.4516666666666667 0.43500000000000005 0.023333333333333334 0.016666666666666666
0 0.4733333333333334 0.405 0.04 0.030000000000000002
0 0.5483333333333333 0.4516666666666667 0.023333333333333334 0.030000000000000002
0 0.5816666666666667 0.42333333333333334 0.023333333333333334 0.02666666666666667
0 0.6066666666666667 0.40166666666666667 0.03333333333333333 0.03666666666666667
0 0.6383333333333334 0.36333333333333334 0.016666666666666666 0.013333333333333334
0 0.6483333333333334 0.34 0.01 0.006666666666666667
