0 0.4083333333333334 0.16 0.14333333333333334 0.08
0 0.4666666666666667 0.24500000000000002 0.1 0.07666666666666667
0 0.525 0.34 0.07666666666666667 0.1
0 0.545 0.445 0.05 0.08333333333333334
0 0.5916666666666667 0.49833333333333335 0.05 0.08333333333333334
0 0.6383333333333334 0.535 0.043333333333333335 0.05666666666666667
0 0.6866666666666668 0.5683333333333334 0.04 0.043333333333333335
0 0.7416666666666667 0.5650000000000001 0.06333333333333334 0.03666666666666667
0 0.8466666666666667 0.505 0.13333333333333333 0.05666666666666667
0 0.8716666666666667 0.5666666666666667 0.08333333333333334 0.05333333333333334
0 0.9483333333333334 0.6333333333333334 0.09666666666666668 0.05333333333333334
0 0.8266666666666668 0.42500000000000004 0.05333333333333334 0.05666666666666667
0 0.7866666666666667 0.36833333333333335 0.05333333333333334 0.043333333333333335
0 0.7283333333333334 0.31833333333333336 0.05 0.043333333333333335
0 0.6816666666666668 0.23833333333333334 0.07666666666666667 0.07
0 0.6216666666666667 0.12333333333333334 0.10333333333333335 0.08
0 0.63 0.035 0.060000000000000005 0.07
0 0.9450000000000001 0.1366666666666667 0.08333333333333334 0.08
0 0.9016666666666667 0.22 0.043333333333333335 0.060000000000000005
