0 0.5266666666666667 0.39 0.02 0.013333333333333334
0 0.5483333333333333 0.41000000000000003 0.016666666666666666 0.013333333333333334
0 0.5700000000000001 0.4366666666666667 0.02 0.02
0 0.5950000000000001 0.455 0.023333333333333334 0.023333333333333334
0 0.6233333333333334 0.4766666666666667 0.02 0.02
0 0.6533333333333333 0.5133333333333334 0.02666666666666667 0.02666666666666667
0 0.6766666666666667 0.5383333333333333 0.02 0.023333333333333334
0 0.7050000000000001 0.5633333333333334 0.023333333333333334 0.02
0 0.7316666666666667 0.5866666666666667 0.016666666666666666 0.02
0 0.7533333333333334 0.6116666666666667 0.013333333333333334 0.016666666666666666
0 0.7716666666666667 0.6283333333333334 0.016666666666666666 0.016666666666666666
0 0.7933333333333333 0.655 0.02 0.01
0 0.8616666666666667 0.7716666666666667 0.016666666666666666 0.016666666666666666
0 0.8916666666666667 0.8300000000000001 0.030000000000000002 0.02
0 0.5833333333333334 0.5633333333333334 0.02666666666666667 0.02
0 0.555 0.53 0.023333333333333334 0.02
0 0.5216666666666667 0.5066666666666667 0.016666666666666666 0.013333333333333334
0 0.49833333333333335 0.4866666666666667 0.023333333333333334 0.02666666666666667
0 0.4783333333333334 0.4633333333333334 0.016666666666666666 0.013333333333333334
0 0.4466666666666667 0.4366666666666667 0.02 0.02
0 0.8216666666666668 0.6766666666666667 0.016666666666666666 0.013333333333333334
0 0.8533333333333334 0.7233333333333334 0.013333333333333334 0.02666666666666667
0 0.925 0.8583333333333334 0.023333333333333334 0.023333333333333334
0 0.925 0.8300000000000001 0.016666666666666666 0.013333333333333334
0 0.7466666666666667 0.011666666666666667 0.02666666666666667 0.016666666666666666
0 0.78 0.03333333333333333 0.013333333333333334 0.02
0 0.8066666666666668 0.060000000000000005 0.013333333333333334 0.013333333333333334
0 0.8466666666666667 0.07833333333333334 0.02 0.016666666666666666
0 0.8750000000000001 0.10666666666666667 0.016666666666666666 0.02
0 0.9083333333333334 0.13166666666666668 0.023333333333333334 0.023333333333333334
0 0.9400000000000001 0.15833333333333335 0.02 0.016666666666666666
0 0.91 0.17666666666666667 0.02 0.02666666666666667
0 0.9383333333333334 0.195 0.016666666666666666 0.016666666666666666
0 0.9650000000000001 0.2066666666666667 0.023333333333333334 0.02
