0 0.7933333333333333 0.16166666666666668 0.02 0.023333333333333334
0 0.7766666666666667 0.18333333333333335 0.013333333333333334 0.02
0 0.755 0.19833333333333333 0.023333333333333334 0.023333333333333334
0 0.7316666666666667 0.22166666666666668 0.023333333333333334 0.016666666666666666
0 0.7066666666666667 0.24166666666666667 0.02 0.016666666666666666
0 0.6816666666666668 0.26666666666666666 0.023333333333333334 0.02
0 0.6516666666666667 0.29333333333333333 0.030000000000000002 0.02
0 0.6183333333333334 0.31333333333333335 0.023333333333333334 0.02
0 0.5966666666666667 0.33333333333333337 0.02 0.013333333333333334
0 0.5750000000000001 0.35333333333333333 0.016666666666666666 0.02
0 0.8550000000000001 0.15833333333333335 0.016666666666666666 0.030000000000000002
0 0.8466666666666667 0.18500000000000003 0.006666666666666667 0.016666666666666666
0 0.8300000000000001 0.20500000000000002 0.013333333333333334 0.016666666666666666
0 0.7983333333333333 0.22833333333333336 0.01 0.016666666666666666
0 0.7716666666666667 0.26 0.01 0.013333333333333334
0 0.7533333333333334 0.2866666666666667 0.013333333333333334 0.013333333333333334
0 0.7366666666666667 0.3066666666666667 0.013333333333333334 0.013333333333333334
0 0.7016666666666667 0.33333333333333337 0.01 0.006666666666666667
0 0.6766666666666667 0.3566666666666667 0.02 0.02
0 0.6666666666666667 0.38 0.02666666666666667 0.02666666666666667
0 0.5916666666666667 0.43000000000000005 0.023333333333333334 0.02666666666666667
0 0.5833333333333334 0.47000000000000003 0.013333333333333334 0.02
0 0.56 0.48333333333333334 0.013333333333333334 0.02
0 0.5483333333333333 0.5033333333333334 0.016666666666666666 0.013333333333333334
0 0.5316666666666667 0.5166666666666667 0.016666666666666666 0.02
0 0.51 0.535 0.013333333333333334 0.016666666666666666
0 0.5516666666666667 0.3766666666666667 0.016666666666666666 0.02666666666666667
0 0.535 0.39666666666666667 0.01 0.013333333333333334
0 0.5183333333333333 0.4133333333333334 0.01 0.013333333333333334
0 0.5 0.42333333333333334 0.013333333333333334 0.013333333333333334
