0 0.3016666666666667 0.13 0.03666666666666667 0.03333333333333333
0 0.34500000000000003 0.165 0.023333333333333334 0.023333333333333334
0 0.3716666666666667 0.19666666666666668 0.023333333333333334 0.02666666666666667
0 0.40166666666666667 0.22333333333333336 0.030000000000000002 0.02
0 0.43833333333333335 0.2516666666666667 0.043333333333333335 0.023333333333333334
0 0.48000000000000004 0.31 0.04 0.03333333333333333
0 0.4866666666666667 0.375 0.02666666666666667 0.023333333333333334
0 0.53 0.36333333333333334 0.02 0.03333333333333333
0 0.5466666666666667 0.46 0.060000000000000005 0.060000000000000005
0 0.5533333333333333 0.4033333333333334 0.013333333333333334 0.03333333333333333
0 0.5966666666666667 0.55 0.08666666666666667 0.09333333333333334
0 0.6133333333333334 0.645 0.06666666666666667 0.08333333333333334
0 0.5433333333333333 0.66 0.02 0.04
0 0.5433333333333333 0.6116666666666667 0.02666666666666667 0.016666666666666666
0 0.615 0.7233333333333334 0.10333333333333335 0.04666666666666667
0 0.67 0.7633333333333334 0.04 0.02666666666666667
0 0.7116666666666667 0.7816666666666667 0.023333333333333334 0.023333333333333334
0 0.7433333333333334 0.8083333333333333 0.04 0.023333333333333334
0 0.7866666666666667 0.8433333333333334 0.02666666666666667 0.02
