0 0.795 0.08 0.023333333333333334 0.03333333333333333
0 0.7616666666666667 0.14833333333333334 0.016666666666666666 0.023333333333333334
0 0.6783333333333333 0.27 0.016666666666666666 0.02
0 0.6083333333333334 0.35833333333333334 0.023333333333333334 0.023333333333333334
0 0.6383333333333334 0.3416666666666667 0.01 0.016666666666666666
0 0.5333333333333333 0.4266666666666667 0.02666666666666667 0.02
0 0.4966666666666667 0.4466666666666667 0.02666666666666667 0.02666666666666667
0 0.46166666666666667 0.4666666666666667 0.030000000000000002 0.02
0 0.4066666666666667 0.5016666666666667 0.013333333333333334 0.016666666666666666
0 0.39 0.5266666666666667 0.013333333333333334 0.013333333333333334
0 0.3433333333333334 0.615 0.02666666666666667 0.030000000000000002
0 0.3166666666666667 0.64 0.02666666666666667 0.02
0 0.29333333333333333 0.6633333333333333 0.02 0.02666666666666667
0 0.27 0.6833333333333333 0.02666666666666667 0.02666666666666667
0 0.23500000000000001 0.7166666666666667 0.03666666666666667 0.02666666666666667
0 0.3916666666666667 0.6016666666666667 0.016666666666666666 0.016666666666666666
0 0.4133333333333334 0.5900000000000001 0.013333333333333334 0.013333333333333334
0 0.49500000000000005 0.5516666666666667 0.023333333333333334 0.023333333333333334
0 0.5533333333333333 0.5133333333333334 0.02 0.02
