0 0.62 0.09833333333333334 0.013333333333333334 0.016666666666666666
0 0.5716666666666667 0.16666666666666669 0.016666666666666666 0.02
0 0.51 0.23 0.02 0.02
0 0.48833333333333334 0.25833333333333336 0.023333333333333334 0.016666666666666666
0 0.465 0.2866666666666667 0.023333333333333334 0.02
0 0.43833333333333335 0.32333333333333336 0.03666666666666667 0.03333333333333333
0 0.4066666666666667 0.3516666666666667 0.02 0.016666666666666666
0 0.39 0.3866666666666667 0.02666666666666667 0.03333333333333333
0 0.375 0.4316666666666667 0.023333333333333334 0.030000000000000002
0 0.36333333333333334 0.47000000000000003 0.03333333333333333 0.03333333333333333
0 0.3416666666666667 0.51 0.043333333333333335 0.03333333333333333
0 0.3216666666666667 0.5416666666666667 0.043333333333333335 0.023333333333333334
0 0.25333333333333335 0.645 0.02 0.016666666666666666
0 0.30333333333333334 0.5750000000000001 0.013333333333333334 0.023333333333333334
0 0.125 0.8233333333333334 0.016666666666666666 0.02
0 0.08333333333333334 0.9033333333333334 0.02 0.02
