0 0.9 0.013333333333333334 0.013333333333333334 0.006666666666666667
0 0.8933333333333334 0.035 0.013333333333333334 0.016666666666666666
0 0.8816666666666667 0.04833333333333334 0.016666666666666666 0.016666666666666666
0 0.8566666666666667 0.065 0.02 0.016666666666666666
0 0.7866666666666667 0.12333333333333334 0.02666666666666667 0.02
0 0.7683333333333334 0.14 0.023333333333333334 0.02
0 0.7516666666666667 0.15333333333333335 0.023333333333333334 0.02
0 0.7216666666666667 0.16166666666666668 0.016666666666666666 0.016666666666666666
0 0.7000000000000001 0.17833333333333334 0.02 0.016666666666666666
0 0.6633333333333333 0.20333333333333334 0.02 0.02
0 0.8266666666666668 0.23833333333333334 0.03333333333333333 0.023333333333333334
0 0.7833333333333334 0.26833333333333337 0.02666666666666667 0.016666666666666666
0 0.7316666666666667 0.31 0.016666666666666666 0.013333333333333334
0 0.6366666666666667 0.35833333333333334 0.02666666666666667 0.023333333333333334
0 0.6016666666666667 0.37833333333333335 0.023333333333333334 0.023333333333333334
0 0.5666666666666667 0.4 0.03333333333333333 0.02666666666666667
0 0.4966666666666667 0.44333333333333336 0.03333333333333333 0.02666666666666667
0 0.4733333333333334 0.4716666666666667 0.04666666666666667 0.03666666666666667
0 0.43500000000000005 0.5033333333333334 0.03666666666666667 0.03333333333333333
0 0.40166666666666667 0.5333333333333333 0.043333333333333335 0.04
0 0.36333333333333334 0.5750000000000001 0.04 0.03666666666666667
0 0.32 0.625 0.06666666666666667 0.05
