0 0.915 0.043333333333333335 0.023333333333333334 0.02666666666666667
0 0.89 0.07166666666666667 0.02 0.023333333333333334
0 0.8650000000000001 0.095 0.023333333333333334 0.023333333333333334
0 0.8433333333333334 0.11833333333333335 0.02 0.016666666666666666
0 0.8216666666666668 0.14166666666666666 0.023333333333333334 0.023333333333333334
0 0.7983333333333333 0.16333333333333333 0.023333333333333334 0.02666666666666667
0 0.7783333333333334 0.18666666666666668 0.023333333333333334 0.02666666666666667
0 0.7300000000000001 0.23833333333333334 0.02666666666666667 0.023333333333333334
0 0.66 0.33333333333333337 0.02666666666666667 0.02
0 0.6333333333333334 0.115 0.02 0.023333333333333334
0 0.6116666666666667 0.14 0.016666666666666666 0.02
0 0.5900000000000001 0.15666666666666668 0.02 0.013333333333333334
0 0.5716666666666667 0.17666666666666667 0.016666666666666666 0.02
0 0.5533333333333333 0.19333333333333336 0.02 0.02
0 0.5283333333333333 0.21333333333333335 0.023333333333333334 0.02666666666666667
0 0.5016666666666667 0.23500000000000001 0.016666666666666666 0.023333333333333334
0 0.4783333333333334 0.275 0.023333333333333334 0.030000000000000002
0 0.4516666666666667 0.29500000000000004 0.016666666666666666 0.016666666666666666
0 0.4316666666666667 0.3166666666666667 0.016666666666666666 0.02666666666666667
0 0.4066666666666667 0.34 0.013333333333333334 0.02
0 0.385 0.36833333333333335 0.016666666666666666 0.023333333333333334
0 0.35333333333333333 0.395 0.013333333333333334 0.016666666666666666
0 0.30333333333333334 0.535 0.03333333333333333 0.030000000000000002
0 0.29000000000000004 0.5883333333333334 0.04666666666666667 0.05
0 0.26833333333333337 0.6683333333333333 0.043333333333333335 0.09000000000000001
0 0.265 0.745 0.030000000000000002 0.030000000000000002
0 0.31333333333333335 0.79 0.013333333333333334 0.02
0 0.33 0.77 0.02 0.013333333333333334
0 0.3516666666666667 0.7516666666666667 0.016666666666666666 0.016666666666666666
0 0.37333333333333335 0.745 0.02 0.01
0 0.44833333333333336 0.6116666666666667 0.016666666666666666 0.016666666666666666
0 0.385 0.4466666666666667 0.030000000000000002 0.013333333333333334
0 0.43000000000000005 0.46 0.03333333333333333 0.013333333333333334
0 0.49500000000000005 0.47000000000000003 0.043333333333333335 0.013333333333333334
0 0.56 0.47500000000000003 0.04666666666666667 0.016666666666666666
0 0.6333333333333334 0.49000000000000005 0.06666666666666667 0.013333333333333334
0 0.2966666666666667 0.4366666666666667 0.04666666666666667 0.013333333333333334
0 0.34 0.44333333333333336 0.03333333333333333 0.013333333333333334
0 0.24000000000000002 0.4266666666666667 0.04666666666666667 0.013333333333333334
