0 0.6633333333333333 0.23 0.03333333333333333 0.04
0 0.6233333333333334 0.265 0.03333333333333333 0.043333333333333335
0 0.5916666666666667 0.30000000000000004 0.016666666666666666 0.02666666666666667
0 0.5616666666666666 0.32333333333333336 0.01 0.013333333333333334
0 0.55 0.36000000000000004 0.02666666666666667 0.04666666666666667
0 0.5183333333333333 0.395 0.030000000000000002 0.03666666666666667
0 0.4816666666666667 0.4266666666666667 0.023333333333333334 0.02666666666666667
0 0.46 0.46 0.02 0.02
0 0.4316666666666667 0.4866666666666667 0.03666666666666667 0.03333333333333333
0 0.39333333333333337 0.5116666666666667 0.02 0.016666666666666666
0 0.3766666666666667 0.5366666666666667 0.02 0.02666666666666667
0 0.34500000000000003 0.5683333333333334 0.023333333333333334 0.030000000000000002
0 0.31833333333333336 0.5983333333333334 0.030000000000000002 0.030000000000000002
0 0.2866666666666667 0.6283333333333334 0.02 0.016666666666666666
0 0.2566666666666667 0.6516666666666667 0.02666666666666667 0.030000000000000002
0 0.23 0.6783333333333333 0.02 0.016666666666666666
0 0.20333333333333334 0.7066666666666667 0.02666666666666667 0.03333333333333333
0 0.17 0.7366666666666667 0.03333333333333333 0.02
0 0.6733333333333333 0.4416666666666667 0.02666666666666667 0.030000000000000002
0 0.645 0.4733333333333334 0.023333333333333334 0.02
