0 0.7433333333333334 0.05 0.04 0.09333333333333334
0 0.7416666666666667 0.15166666666666667 0.023333333333333334 0.09000000000000001
0 0.7233333333333334 0.225 0.006666666666666667 0.043333333333333335
0 0.7166666666666667 0.2816666666666667 0.013333333333333334 0.030000000000000002
0 0.8516666666666667 0.2366666666666667 0.016666666666666666 0.060000000000000005
0 0.8266666666666668 0.32333333333333336 0.013333333333333334 0.02
0 0.8116666666666668 0.3466666666666667 0.01 0.02
0 0.8 0.37333333333333335 0.02666666666666667 0.02666666666666667
0 0.6933333333333334 0.4033333333333334 0.03333333333333333 0.02666666666666667
0 0.6950000000000001 0.4666666666666667 0.043333333333333335 0.08666666666666667
0 0.67 0.535 0.04 0.030000000000000002
0 0.7050000000000001 0.31333333333333335 0.016666666666666666 0.02
0 0.7000000000000001 0.35000000000000003 0.013333333333333334 0.03333333333333333
0 0.7866666666666667 0.4116666666666667 0.02666666666666667 0.030000000000000002
0 0.7683333333333334 0.44833333333333336 0.016666666666666666 0.030000000000000002
0 0.7566666666666667 0.4866666666666667 0.013333333333333334 0.04
0 0.6466666666666667 0.5783333333333334 0.02 0.023333333333333334
0 0.6383333333333334 0.635 0.016666666666666666 0.023333333333333334
0 0.6183333333333334 0.6633333333333333 0.016666666666666666 0.02
0 0.5933333333333334 0.68 0.02 0.02
0 0.5683333333333334 0.7100000000000001 0.016666666666666666 0.02
0 0.54 0.7333333333333334 0.02 0.013333333333333334
0 0.46 0.7916666666666667 0.02666666666666667 0.023333333333333334
0 0.42333333333333334 0.8116666666666668 0.02 0.016666666666666666
0 0.395 0.8283333333333334 0.023333333333333334 0.016666666666666666
0 0.3616666666666667 0.8416666666666667 0.023333333333333334 0.016666666666666666
0 0.32333333333333336 0.8566666666666667 0.03333333333333333 0.013333333333333334
