0 0.8600000000000001 0.6516666666666667 0.05333333333333334 0.06333333333333334
0 0.8866666666666667 0.7266666666666667 0.04 0.06666666666666667
0 0.89 0.8500000000000001 0.06666666666666667 0.14666666666666667
0 0.9383333333333334 0.9600000000000001 0.043333333333333335 0.07333333333333333
0 0.8150000000000001 0.9083333333333334 0.07 0.030000000000000002
0 0.535 0.7216666666666667 0.03666666666666667 0.023333333333333334
0 0.36000000000000004 0.41000000000000003 0.02 0.013333333333333334
0 0.385 0.43500000000000005 0.023333333333333334 0.023333333333333334
0 0.3916666666666667 0.4666666666666667 0.016666666666666666 0.02
0 0.4116666666666667 0.5 0.023333333333333334 0.02666666666666667
0 0.43000000000000005 0.5283333333333333 0.02 0.016666666666666666
