0 0.8400000000000001 0.24000000000000002 0.02 0.02666666666666667
0 0.8266666666666668 0.26666666666666666 0.02 0.02
0 0.8066666666666668 0.28833333333333333 0.02666666666666667 0.030000000000000002
0 0.7883333333333333 0.3166666666666667 0.030000000000000002 0.02666666666666667
0 0.765 0.34 0.023333333333333334 0.02666666666666667
0 0.7400000000000001 0.36833333333333335 0.02666666666666667 0.030000000000000002
0 0.7150000000000001 0.4 0.023333333333333334 0.02666666666666667
0 0.6933333333333334 0.42833333333333334 0.02666666666666667 0.030000000000000002
0 0.6616666666666667 0.465 0.03666666666666667 0.03666666666666667
0 0.6333333333333334 0.515 0.04 0.043333333333333335
0 0.6166666666666667 0.555 0.02666666666666667 0.023333333333333334
0 0.6000000000000001 0.5783333333333334 0.02 0.023333333333333334
0 0.5850000000000001 0.6066666666666667 0.023333333333333334 0.02666666666666667
0 0.5633333333333334 0.6283333333333334 0.02666666666666667 0.030000000000000002
0 0.5416666666666667 0.6566666666666667 0.030000000000000002 0.02666666666666667
0 0.5166666666666667 0.6900000000000001 0.03333333333333333 0.03333333333333333
0 0.5 0.7250000000000001 0.03333333333333333 0.043333333333333335
0 0.4783333333333334 0.7633333333333334 0.03666666666666667 0.03333333333333333
0 0.45 0.8016666666666667 0.03333333333333333 0.03666666666666667
0 0.4266666666666667 0.8416666666666667 0.03333333333333333 0.030000000000000002
0 0.39666666666666667 0.8750000000000001 0.03333333333333333 0.030000000000000002
0 0.3716666666666667 0.9116666666666667 0.030000000000000002 0.03666666666666667
0 0.35500000000000004 0.9500000000000001 0.023333333333333334 0.02666666666666667
0 0.24500000000000002 0.7983333333333333 0.023333333333333334 0.043333333333333335
0 0.47000000000000003 0.47500000000000003 0.013333333333333334 0.023333333333333334
0 0.455 0.49000000000000005 0.01 0.02
0 0.4366666666666667 0.5066666666666667 0.013333333333333334 0.02
0 0.4133333333333334 0.5283333333333333 0.02 0.023333333333333334
0 0.395 0.5566666666666668 0.016666666666666666 0.02
0 0.48000000000000004 0.455 0.013333333333333334 0.016666666666666666
0 0.49333333333333335 0.43500000000000005 0.013333333333333334 0.016666666666666666
