0 0.7583333333333334 0.10666666666666667 0.016666666666666666 0.02666666666666667
0 0.7266666666666667 0.165 0.02 0.03666666666666667
0 0.6983333333333334 0.21000000000000002 0.023333333333333334 0.04
0 0.6616666666666667 0.27166666666666667 0.016666666666666666 0.03666666666666667
0 0.6166666666666667 0.33 0.013333333333333334 0.04
0 0.5750000000000001 0.3816666666666667 0.023333333333333334 0.043333333333333335
0 0.5366666666666667 0.44 0.02666666666666667 0.060000000000000005
0 0.4733333333333334 0.55 0.013333333333333334 0.03333333333333333
0 0.41000000000000003 0.61 0.006666666666666667 0.04666666666666667
0 0.35333333333333333 0.6866666666666668 0.013333333333333334 0.06666666666666667
0 0.28 0.755 0.006666666666666667 0.03666666666666667
0 0.20333333333333334 0.7983333333333333 0.006666666666666667 0.023333333333333334
0 0.17333333333333334 0.8300000000000001 0.013333333333333334 0.03333333333333333
0 0.14166666666666666 0.8716666666666667 0.023333333333333334 0.030000000000000002
