0 0.7050000000000001 0.49000000000000005 0.05666666666666667 0.060000000000000005
0 0.7666666666666667 0.5233333333333333 0.060000000000000005 0.060000000000000005
0 0.8216666666666668 0.5583333333333333 0.043333333333333335 0.07
0 0.8733333333333334 0.5933333333333334 0.05333333333333334 0.07333333333333333
0 0.9516666666666668 0.635 0.09000000000000001 0.09000000000000001
0 0.5850000000000001 0.3983333333333334 0.07666666666666667 0.043333333333333335
0 0.6483333333333334 0.445 0.03666666666666667 0.05
0 0.5033333333333334 0.34500000000000003 0.08666666666666667 0.05
0 0.4366666666666667 0.29833333333333334 0.05333333333333334 0.043333333333333335
0 0.385 0.25833333333333336 0.043333333333333335 0.043333333333333335
0 0.3416666666666667 0.22166666666666668 0.043333333333333335 0.043333333333333335
0 0.30000000000000004 0.18333333333333335 0.04666666666666667 0.04
