0 0.4133333333333334 0.16 0.03333333333333333 0.03333333333333333
0 0.47500000000000003 0.23 0.07666666666666667 0.04666666666666667
0 0.6233333333333334 0.2916666666666667 0.04666666666666667 0.05
0 0.5316666666666667 0.30333333333333334 0.023333333333333334 0.03333333333333333
0 0.4966666666666667 0.34833333333333333 0.013333333333333334 0.030000000000000002
0 0.41500000000000004 0.31833333333333336 0.01 0.016666666666666666
0 0.3816666666666667 0.3383333333333334 0.01 0.023333333333333334
0 0.47000000000000003 0.29333333333333333 0.02 0.02
0 0.3116666666666667 0.26 0.016666666666666666 0.02
0 0.2916666666666667 0.21500000000000002 0.0033333333333333335 0.016666666666666666
0 0.2566666666666667 0.17 0.02666666666666667 0.02666666666666667
0 0.21833333333333335 0.12166666666666667 0.023333333333333334 0.030000000000000002
0 0.18333333333333335 0.06333333333333334 0.04 0.04
0 0.46 0.4316666666666667 0.02 0.023333333333333334
0 0.5166666666666667 0.4266666666666667 0.03333333333333333 0.02666666666666667
0 0.555 0.39333333333333337 0.030000000000000002 0.03333333333333333
0 0.6133333333333334 0.4216666666666667 0.02666666666666667 0.03666666666666667
0 0.5650000000000001 0.48333333333333334 0.030000000000000002 0.02
0 0.48000000000000004 0.525 0.02 0.030000000000000002
0 0.5116666666666667 0.4733333333333334 0.016666666666666666 0.02
0 0.6366666666666667 0.48500000000000004 0.02 0.030000000000000002
0 0.6133333333333334 0.55 0.03333333333333333 0.04666666666666667
0 0.53 0.6050000000000001 0.006666666666666667 0.023333333333333334
0 0.44833333333333336 0.6416666666666667 0.01 0.030000000000000002
0 0.4766666666666667 0.5816666666666667 0.02 0.01
0 0.5466666666666667 0.5433333333333333 0.013333333333333334 0.02
0 0.49000000000000005 0.6616666666666667 0.013333333333333334 0.016666666666666666
0 0.5316666666666667 0.6583333333333333 0.023333333333333334 0.016666666666666666
0 0.5833333333333334 0.6566666666666667 0.006666666666666667 0.02
0 0.4516666666666667 0.6866666666666668 0.0033333333333333335 0.013333333333333334
0 0.42500000000000004 0.7183333333333334 0.023333333333333334 0.05
0 0.49500000000000005 0.7016666666666667 0.016666666666666666 0.01
0 0.5466666666666667 0.7033333333333334 0.006666666666666667 0.013333333333333334
0 0.4816666666666667 0.7333333333333334 0.0033333333333333335 0.02
0 0.39333333333333337 0.775 0.013333333333333334 0.023333333333333334
0 0.4366666666666667 0.7733333333333334 0.013333333333333334 0.006666666666666667
0 0.3566666666666667 0.81 0.006666666666666667 0.02
0 0.325 0.8566666666666667 0.043333333333333335 0.013333333333333334
0 0.4133333333333334 0.81 0.006666666666666667 0.006666666666666667
