0 0.4783333333333334 0.5166666666666667 0.1366666666666667 0.03333333333333333
0 0.4416666666666667 0.7283333333333334 0.11 0.05
0 0.9616666666666668 0.05333333333333334 0.07 0.08666666666666667
0 0.9016666666666667 0.11166666666666668 0.08333333333333334 0.016666666666666666
0 0.885 0.14833333333333334 0.03666666666666667 0.043333333333333335
0 0.8433333333333334 0.18666666666666668 0.060000000000000005 0.02
0 0.8433333333333334 0.23 0.12000000000000001 0.02
0 0.8916666666666667 0.275 0.06333333333333334 0.030000000000000002
0 0.8516666666666667 0.36500000000000005 0.03666666666666667 0.03666666666666667
0 0.8233333333333334 0.4133333333333334 0.02666666666666667 0.04666666666666667
0 0.8016666666666667 0.465 0.01 0.05
0 0.7783333333333334 0.51 0.016666666666666666 0.04666666666666667
0 0.7383333333333334 0.525 0.023333333333333334 0.023333333333333334
0 0.7266666666666667 0.5700000000000001 0.02 0.02666666666666667
0 0.7033333333333334 0.6000000000000001 0.013333333333333334 0.02666666666666667
0 0.66 0.635 0.02 0.030000000000000002
0 0.6533333333333333 0.6766666666666667 0.04666666666666667 0.02
0 0.6133333333333334 0.7166666666666667 0.04 0.05333333333333334
0 0.655 0.7516666666666667 0.043333333333333335 0.03666666666666667
0 0.6233333333333334 0.795 0.08666666666666667 0.05
0 0.5883333333333334 0.8500000000000001 0.030000000000000002 0.03333333333333333
0 0.5766666666666667 0.8883333333333334 0.013333333333333334 0.016666666666666666
0 0.5533333333333333 0.9133333333333334 0.006666666666666667 0.013333333333333334
