0 0.3016666666666667 0.13 0.03666666666666667 0.04
0 0.2366666666666667 0.3433333333333334 0.02 0.013333333333333334
0 0.2783333333333334 0.375 0.016666666666666666 0.016666666666666666
0 0.3166666666666667 0.4066666666666667 0.02 0.013333333333333334
0 0.35833333333333334 0.43500000000000005 0.016666666666666666 0.016666666666666666
0 0.4116666666666667 0.4766666666666667 0.016666666666666666 0.013333333333333334
0 0.45833333333333337 0.49500000000000005 0.023333333333333334 0.01
0 0.49500000000000005 0.535 0.016666666666666666 0.016666666666666666
0 0.7266666666666667 0.6983333333333334 0.013333333333333334 0.016666666666666666
0 0.7833333333333334 0.7383333333333334 0.04666666666666667 0.023333333333333334
0 0.8300000000000001 0.775 0.02 0.016666666666666666
0 0.8633333333333334 0.8016666666666667 0.04 0.01
0 0.9116666666666667 0.8250000000000001 0.016666666666666666 0.01
0 0.9366666666666668 0.8483333333333334 0.02 0.01
0 0.055 0.17666666666666667 0.043333333333333335 0.02
0 0.09666666666666668 0.21000000000000002 0.03333333333333333 0.02
0 0.15166666666666667 0.25 0.023333333333333334 0.02666666666666667
