0 0.20333333333333334 0.11166666666666668 0.03333333333333333 0.023333333333333334
0 0.24833333333333335 0.15666666666666668 0.01 0.006666666666666667
0 0.29000000000000004 0.21833333333333335 0.04 0.043333333333333335
0 0.3516666666666667 0.305 0.030000000000000002 0.03666666666666667
0 0.38833333333333336 0.3616666666666667 0.016666666666666666 0.01
0 0.4683333333333334 0.43500000000000005 0.030000000000000002 0.03666666666666667
0 0.54 0.48000000000000004 0.03333333333333333 0.02666666666666667
0 0.5850000000000001 0.5283333333333333 0.030000000000000002 0.030000000000000002
0 0.65 0.5783333333333334 0.02666666666666667 0.030000000000000002
0 0.7366666666666667 0.6383333333333334 0.04666666666666667 0.05
0 0.7816666666666667 0.6783333333333333 0.030000000000000002 0.030000000000000002
0 0.8250000000000001 0.7000000000000001 0.030000000000000002 0.013333333333333334
0 0.8750000000000001 0.7283333333333334 0.023333333333333334 0.016666666666666666
0 0.925 0.7633333333333334 0.016666666666666666 0.013333333333333334
0 0.9733333333333334 0.7833333333333334 0.02666666666666667 0.02
