0 0.030000000000000002 0.3383333333333334 0.04666666666666667 0.043333333333333335
0 0.085 0.37333333333333335 0.05 0.060000000000000005
0 0.14333333333333334 0.4083333333333334 0.04666666666666667 0.06333333333333334
0 0.2066666666666667 0.45833333333333337 0.08 0.03666666666666667
0 0.275 0.5033333333333334 0.09000000000000001 0.04
0 0.33166666666666667 0.545 0.07 0.030000000000000002
0 0.38 0.5766666666666667 0.060000000000000005 0.03333333333333333
0 0.4266666666666667 0.61 0.04 0.04
0 0.4766666666666667 0.635 0.05333333333333334 0.07
0 0.5266666666666667 0.6633333333333333 0.04666666666666667 0.04666666666666667
0 0.5700000000000001 0.6933333333333334 0.03333333333333333 0.04
0 0.6016666666666667 0.7233333333333334 0.023333333333333334 0.04
0 0.63 0.7466666666666667 0.02666666666666667 0.04
0 0.6616666666666667 0.77 0.023333333333333334 0.04666666666666667
0 0.4416666666666667 0.4033333333333334 0.03666666666666667 0.02
0 0.4716666666666667 0.4266666666666667 0.023333333333333334 0.02666666666666667
0 0.49833333333333335 0.4516666666666667 0.030000000000000002 0.023333333333333334
0 0.5316666666666667 0.4816666666666667 0.03666666666666667 0.023333333333333334
