0 0.29333333333333333 0.12666666666666668 0.02666666666666667 0.02666666666666667
0 0.34500000000000003 0.165 0.030000000000000002 0.023333333333333334
0 0.37333333333333335 0.20333333333333334 0.02666666666666667 0.013333333333333334
0 0.4033333333333334 0.22166666666666668 0.02 0.016666666666666666
0 0.4416666666666667 0.255 0.030000000000000002 0.016666666666666666
0 0.48333333333333334 0.30833333333333335 0.02666666666666667 0.030000000000000002
0 0.53 0.36500000000000005 0.013333333333333334 0.03666666666666667
0 0.49333333333333335 0.385 0.03333333333333333 0.030000000000000002
0 0.5483333333333333 0.4633333333333334 0.05 0.04
0 0.5833333333333334 0.535 0.06666666666666667 0.09666666666666668
0 0.6166666666666667 0.635 0.06666666666666667 0.08333333333333334
0 0.54 0.6116666666666667 0.03333333333333333 0.023333333333333334
0 0.5433333333333333 0.6583333333333333 0.02 0.05666666666666667
0 0.5866666666666667 0.7166666666666667 0.05333333333333334 0.060000000000000005
0 0.645 0.7166666666666667 0.043333333333333335 0.02666666666666667
0 0.6616666666666667 0.7466666666666667 0.023333333333333334 0.02
0 0.6866666666666668 0.76 0.02666666666666667 0.02
0 0.7150000000000001 0.785 0.030000000000000002 0.016666666666666666
0 0.7516666666666667 0.81 0.030000000000000002 0.013333333333333334
