0 0.5733333333333334 0.155 0.02 0.03666666666666667
0 0.5166666666666667 0.22166666666666668 0.02 0.023333333333333334
0 0.49500000000000005 0.25 0.016666666666666666 0.02
0 0.4733333333333334 0.275 0.013333333333333334 0.023333333333333334
0 0.45 0.30333333333333334 0.02 0.02
0 0.43333333333333335 0.33 0.02 0.02
0 0.4216666666666667 0.35500000000000004 0.023333333333333334 0.030000000000000002
0 0.3916666666666667 0.3866666666666667 0.023333333333333334 0.02666666666666667
0 0.36833333333333335 0.42333333333333334 0.016666666666666666 0.02
0 0.3666666666666667 0.4666666666666667 0.02 0.03333333333333333
0 0.35000000000000003 0.5016666666666667 0.03333333333333333 0.03666666666666667
0 0.32 0.5316666666666667 0.02 0.023333333333333334
0 0.25833333333333336 0.6283333333333334 0.016666666666666666 0.016666666666666666
0 0.24000000000000002 0.66 0.013333333333333334 0.02
0 0.09666666666666668 0.905 0.03333333333333333 0.023333333333333334
