0 0.35000000000000003 0.05666666666666667 0.03333333333333333 0.04
0 0.31333333333333335 0.09333333333333334 0.013333333333333334 0.02
0 0.2916666666666667 0.11333333333333334 0.01 0.02
0 0.265 0.14500000000000002 0.023333333333333334 0.030000000000000002
0 0.25333333333333335 0.17500000000000002 0.02 0.030000000000000002
0 0.23333333333333334 0.19833333333333333 0.006666666666666667 0.023333333333333334
0 0.21000000000000002 0.225 0.02 0.030000000000000002
0 0.155 0.26333333333333336 0.023333333333333334 0.03333333333333333
0 0.15166666666666667 0.3016666666666667 0.03666666666666667 0.03666666666666667
0 0.11 0.3466666666666667 0.013333333333333334 0.02666666666666667
0 0.1 0.4216666666666667 0.08 0.07666666666666667
