0 0.53 0.41500000000000004 0.06666666666666667 0.07666666666666667
0 0.5900000000000001 0.49000000000000005 0.05333333333333334 0.06666666666666667
0 0.6516666666666667 0.555 0.043333333333333335 0.05
0 0.7050000000000001 0.6133333333333334 0.05666666666666667 0.05333333333333334
0 0.7633333333333334 0.6633333333333333 0.03333333333333333 0.04
0 0.8066666666666668 0.7066666666666667 0.04 0.02666666666666667
0 0.8466666666666667 0.75 0.03333333333333333 0.03333333333333333
0 0.89 0.8016666666666667 0.03333333333333333 0.043333333333333335
0 0.93 0.8550000000000001 0.03333333333333333 0.043333333333333335
0 0.455 0.35333333333333333 0.05 0.060000000000000005
0 0.3916666666666667 0.305 0.05666666666666667 0.05666666666666667
0 0.31333333333333335 0.2566666666666667 0.060000000000000005 0.05333333333333334
0 0.2566666666666667 0.21333333333333335 0.060000000000000005 0.05333333333333334
