0 0.7466666666666667 0.06666666666666667 0.04 0.10666666666666667
0 0.7350000000000001 0.18666666666666668 0.016666666666666666 0.11333333333333334
0 0.8483333333333334 0.25 0.016666666666666666 0.07333333333333333
0 0.8150000000000001 0.335 0.023333333333333334 0.030000000000000002
0 0.795 0.385 0.023333333333333334 0.030000000000000002
0 0.7066666666666667 0.2916666666666667 0.013333333333333334 0.023333333333333334
0 0.7000000000000001 0.3416666666666667 0.013333333333333334 0.023333333333333334
0 0.7016666666666667 0.43833333333333335 0.043333333333333335 0.11
0 0.6733333333333333 0.53 0.03333333333333333 0.060000000000000005
0 0.6433333333333334 0.6366666666666667 0.013333333333333334 0.02
0 0.6183333333333334 0.6616666666666667 0.01 0.016666666666666666
0 0.5883333333333334 0.6833333333333333 0.016666666666666666 0.02666666666666667
0 0.5583333333333333 0.7200000000000001 0.016666666666666666 0.02666666666666667
0 0.49833333333333335 0.7616666666666667 0.01 0.016666666666666666
0 0.46 0.78 0.013333333333333334 0.02
0 0.42500000000000004 0.81 0.016666666666666666 0.02
