0 0.3216666666666667 0.4866666666666667 0.023333333333333334 0.03333333333333333
0 0.4316666666666667 0.31333333333333335 0.016666666666666666 0.02
0 0.45 0.29833333333333334 0.02 0.016666666666666666
0 0.4733333333333334 0.2783333333333334 0.02 0.016666666666666666
0 0.49000000000000005 0.26333333333333336 0.02 0.02
0 0.51 0.25 0.02 0.02
0 0.5333333333333333 0.2316666666666667 0.02666666666666667 0.023333333333333334
0 0.5650000000000001 0.21666666666666667 0.01 0.02
0 0.5633333333333334 0.24000000000000002 0.013333333333333334 0.013333333333333334
0 0.5783333333333334 0.19333333333333336 0.01 0.013333333333333334
0 0.5950000000000001 0.18000000000000002 0.023333333333333334 0.013333333333333334
0 0.6366666666666667 0.195 0.013333333333333334 0.016666666666666666
0 0.6266666666666667 0.21166666666666667 0.013333333333333334 0.016666666666666666
0 0.62 0.2366666666666667 0.006666666666666667 0.013333333333333334
0 0.6116666666666667 0.2516666666666667 0.01 0.01
0 0.62 0.15666666666666668 0.02 0.013333333333333334
0 0.6333333333333334 0.13833333333333334 0.02 0.01
0 0.65 0.12333333333333334 0.02 0.006666666666666667
0 0.6766666666666667 0.13333333333333333 0.006666666666666667 0.006666666666666667
0 0.6683333333333333 0.14666666666666667 0.0033333333333333335 0.013333333333333334
0 0.6566666666666667 0.16333333333333333 0.006666666666666667 0.013333333333333334
0 0.6466666666666667 0.17833333333333334 0.006666666666666667 0.01
0 0.385 0.8600000000000001 0.016666666666666666 0.013333333333333334
0 0.6433333333333334 0.42833333333333334 0.02666666666666667 0.023333333333333334
0 0.6666666666666667 0.40166666666666667 0.02 0.016666666666666666
0 0.7216666666666667 0.3216666666666667 0.023333333333333334 0.023333333333333334
0 0.7533333333333334 0.25833333333333336 0.013333333333333334 0.01
