0 0.49833333333333335 0.5133333333333334 0.9966666666666667 0.08
0 0.685 0.30000000000000004 0.043333333333333335 0.03333333333333333
0 0.7383333333333334 0.335 0.06333333333333334 0.07
0 0.805 0.32 0.05666666666666667 0.03333333333333333
0 0.81 0.36000000000000004 0.060000000000000005 0.03333333333333333
0 0.9 0.37833333333333335 0.10666666666666667 0.030000000000000002
0 0.8733333333333334 0.3216666666666667 0.06666666666666667 0.016666666666666666
0 0.5816666666666667 0.2866666666666667 0.16333333333333333 0.02666666666666667
0 0.6183333333333334 0.3416666666666667 0.17666666666666667 0.03666666666666667
0 0.49000000000000005 0.32833333333333337 0.06666666666666667 0.030000000000000002
0 0.3766666666666667 0.31 0.05333333333333334 0.02
0 0.3983333333333334 0.33333333333333337 0.10333333333333335 0.02666666666666667
0 0.2516666666666667 0.32666666666666666 0.18333333333333335 0.02
0 0.08166666666666667 0.3166666666666667 0.15000000000000002 0.02666666666666667
0 0.4666666666666667 0.27166666666666667 0.06666666666666667 0.016666666666666666
0 0.39 0.26333333333333336 0.08 0.02
0 0.30833333333333335 0.255 0.07 0.01
0 0.11 0.23500000000000001 0.18666666666666668 0.023333333333333334
0 0.01 0.8133333333333334 0.02 0.04666666666666667
