0 0.15833333333333335 0.8166666666666668 0.05666666666666667 0.09333333333333334
0 0.40166666666666667 0.7333333333333334 0.07666666666666667 0.10666666666666667
0 0.395 0.315 0.15666666666666668 0.6166666666666667
0 0.6983333333333334 0.07500000000000001 0.4366666666666667 0.14333333333333334
0 0.9 0.33166666666666667 0.10666666666666667 0.35000000000000003
0 0.8983333333333334 0.5650000000000001 0.05 0.10333333333333335
0 0.905 0.7183333333333334 0.07666666666666667 0.20333333333333334
0 0.8166666666666668 0.915 0.02666666666666667 0.13
0 0.8616666666666667 0.8566666666666667 0.05 0.04
0 0.6566666666666667 0.16833333333333333 0.04 0.016666666666666666
0 0.7116666666666667 0.16333333333333333 0.03666666666666667 0.013333333333333334
0 0.7400000000000001 0.18500000000000003 0.04 0.016666666666666666
0 0.7100000000000001 0.21666666666666667 0.04666666666666667 0.006666666666666667
0 0.685 0.23333333333333334 0.043333333333333335 0.006666666666666667
0 0.7100000000000001 0.24666666666666667 0.04 0.013333333333333334
0 0.7350000000000001 0.34 0.030000000000000002 0.013333333333333334
0 0.6933333333333334 0.35500000000000004 0.02 0.01
0 0.7383333333333334 0.36500000000000005 0.016666666666666666 0.01
0 0.75 0.4083333333333334 0.04 0.01
0 0.7533333333333334 0.4266666666666667 0.02666666666666667 0.006666666666666667
0 0.7033333333333334 0.4266666666666667 0.02666666666666667 0.006666666666666667
0 0.7266666666666667 0.43833333333333335 0.013333333333333334 0.0033333333333333335
0 0.7883333333333333 0.44 0.05666666666666667 0.013333333333333334
0 0.795 0.45833333333333337 0.023333333333333334 0.01
0 0.8383333333333334 0.5483333333333333 0.03666666666666667 0.01
