0 0.5566666666666668 0.17500000000000002 0.02 0.03666666666666667
0 0.5266666666666667 0.18500000000000003 0.02 0.030000000000000002
0 0.49333333333333335 0.195 0.02 0.016666666666666666
0 0.4683333333333334 0.21000000000000002 0.016666666666666666 0.013333333333333334
0 0.44333333333333336 0.22 0.02 0.02
0 0.41833333333333333 0.23833333333333334 0.016666666666666666 0.016666666666666666
0 0.3983333333333334 0.255 0.03666666666666667 0.01
0 0.26 0.3916666666666667 0.02 0.023333333333333334
0 0.335 0.6733333333333333 0.016666666666666666 0.013333333333333334
0 0.625 0.33666666666666667 0.016666666666666666 0.013333333333333334
0 0.645 0.32 0.016666666666666666 0.006666666666666667
0 0.5800000000000001 0.20500000000000002 0.013333333333333334 0.01
0 0.5966666666666667 0.18000000000000002 0.013333333333333334 0.013333333333333334
0 0.6116666666666667 0.15833333333333335 0.01 0.01
0 0.6283333333333334 0.14833333333333334 0.016666666666666666 0.01
0 0.6483333333333334 0.13 0.016666666666666666 0.013333333333333334
0 0.7266666666666667 0.26166666666666666 0.02 0.016666666666666666
0 0.7083333333333334 0.26333333333333336 0.01 0.013333333333333334
