0 0.8033333333333333 0.03833333333333334 0.06666666666666667 0.07
0 0.755 0.115 0.09000000000000001 0.09000000000000001
0 0.7416666666666667 0.19 0.16333333333333333 0.060000000000000005
0 0.6666666666666667 0.26833333333333337 0.11333333333333334 0.10333333333333335
0 0.5666666666666667 0.37000000000000005 0.08666666666666667 0.10666666666666667
0 0.48000000000000004 0.5133333333333334 0.08666666666666667 0.14666666666666667
0 0.4166666666666667 0.645 0.12000000000000001 0.11666666666666667
0 0.3066666666666667 0.7616666666666667 0.08666666666666667 0.09000000000000001
0 0.22 0.8650000000000001 0.10666666666666667 0.09666666666666668
0 0.14166666666666666 0.9533333333333334 0.08333333333333334 0.08666666666666667
