0 0.2783333333333334 0.4083333333333334 0.016666666666666666 0.023333333333333334
0 0.25333333333333335 0.44 0.02 0.02
0 0.22666666666666668 0.46166666666666667 0.013333333333333334 0.016666666666666666
0 0.20500000000000002 0.4916666666666667 0.01 0.01
0 0.18500000000000003 0.5116666666666667 0.01 0.016666666666666666
0 0.16 0.5466666666666667 0.02 0.02
0 0.14333333333333334 0.5750000000000001 0.013333333333333334 0.01
0 0.060000000000000005 0.23833333333333334 0.013333333333333334 0.023333333333333334
0 0.04 0.27 0.013333333333333334 0.013333333333333334
0 0.023333333333333334 0.2783333333333334 0.02 0.030000000000000002
0 0.04833333333333334 0.24333333333333335 0.030000000000000002 0.04
0 0.013333333333333334 0.31333333333333335 0.02666666666666667 0.02
0 0.013333333333333334 0.37833333333333335 0.02 0.016666666666666666
0 0.045000000000000005 0.31833333333333336 0.023333333333333334 0.030000000000000002
0 0.035 0.35000000000000003 0.023333333333333334 0.02
0 0.1366666666666667 0.15833333333333335 0.013333333333333334 0.016666666666666666
0 0.11666666666666667 0.18500000000000003 0.02 0.016666666666666666
0 0.06833333333333334 0.6766666666666667 0.030000000000000002 0.02666666666666667
0 0.04166666666666667 0.7033333333333334 0.023333333333333334 0.013333333333333334
