0 0.8150000000000001 0.025 0.030000000000000002 0.043333333333333335
0 0.7866666666666667 0.008333333333333333 0.02 0.016666666666666666
0 0.7733333333333334 0.02666666666666667 0.013333333333333334 0.013333333333333334
0 0.7616666666666667 0.04666666666666667 0.01 0.013333333333333334
0 0.7483333333333334 0.07 0.023333333333333334 0.02
0 0.79 0.06333333333333334 0.02 0.013333333333333334
0 0.9116666666666667 0.02666666666666667 0.043333333333333335 0.04666666666666667
0 0.9133333333333334 0.07166666666666667 0.013333333333333334 0.023333333333333334
0 0.9033333333333334 0.10500000000000001 0.013333333333333334 0.023333333333333334
0 0.8916666666666667 0.12666666666666668 0.016666666666666666 0.02666666666666667
0 0.8833333333333334 0.15333333333333335 0.013333333333333334 0.02
0 0.8716666666666667 0.17666666666666667 0.01 0.013333333333333334
0 0.8883333333333334 0.06833333333333334 0.01 0.023333333333333334
0 0.8783333333333334 0.09666666666666668 0.016666666666666666 0.02
0 0.8666666666666667 0.125 0.02 0.023333333333333334
0 0.8566666666666667 0.15000000000000002 0.013333333333333334 0.02
0 0.8350000000000001 0.17666666666666667 0.016666666666666666 0.02666666666666667
0 0.8566666666666667 0.21000000000000002 0.02 0.02
0 0.8416666666666667 0.23500000000000001 0.016666666666666666 0.016666666666666666
0 0.79 0.2916666666666667 0.04666666666666667 0.06333333333333334
0 0.8250000000000001 0.26 0.016666666666666666 0.02
0 0.77 0.3466666666666667 0.03333333333333333 0.04666666666666667
0 0.7400000000000001 0.3866666666666667 0.03333333333333333 0.03333333333333333
0 0.7050000000000001 0.4216666666666667 0.03666666666666667 0.03666666666666667
0 0.6666666666666667 0.46 0.03333333333333333 0.03333333333333333
0 0.6433333333333334 0.5016666666666667 0.04666666666666667 0.043333333333333335
0 0.6183333333333334 0.5650000000000001 0.043333333333333335 0.05666666666666667
0 0.5083333333333334 0.7250000000000001 0.030000000000000002 0.023333333333333334
0 0.5333333333333333 0.7050000000000001 0.02 0.016666666666666666
0 0.5583333333333333 0.6833333333333333 0.016666666666666666 0.02
0 0.5766666666666667 0.6666666666666667 0.02 0.013333333333333334
0 0.6016666666666667 0.6216666666666667 0.023333333333333334 0.03666666666666667
0 0.745 0.10833333333333334 0.030000000000000002 0.03666666666666667
0 0.7083333333333334 0.12666666666666668 0.030000000000000002 0.04
0 0.6833333333333333 0.17 0.04666666666666667 0.060000000000000005
0 0.65 0.2316666666666667 0.03333333333333333 0.06333333333333334
0 0.615 0.29333333333333333 0.06333333333333334 0.060000000000000005
0 0.5716666666666667 0.375 0.05 0.07666666666666667
0 0.525 0.45 0.016666666666666666 0.03333333333333333
0 0.5033333333333334 0.4866666666666667 0.013333333333333334 0.02
0 0.4816666666666667 0.5233333333333333 0.016666666666666666 0.02
0 0.4783333333333334 0.5566666666666668 0.016666666666666666 0.02
0 0.45833333333333337 0.5966666666666667 0.016666666666666666 0.02
0 0.42500000000000004 0.635 0.016666666666666666 0.023333333333333334
0 0.4 0.6783333333333333 0.013333333333333334 0.030000000000000002
0 0.385 0.7166666666666667 0.030000000000000002 0.03333333333333333
0 0.36333333333333334 0.7583333333333334 0.03333333333333333 0.030000000000000002
0 0.35833333333333334 0.8 0.023333333333333334 0.04
0 0.265 0.9500000000000001 0.03666666666666667 0.060000000000000005
0 0.48833333333333334 0.2783333333333334 0.01 0.016666666666666666
0 0.4683333333333334 0.2916666666666667 0.016666666666666666 0.016666666666666666
0 0.44 0.31 0.013333333333333334 0.02
0 0.4 0.3866666666666667 0.03333333333333333 0.03333333333333333
0 0.41833333333333333 0.3433333333333334 0.01 0.02
0 0.33166666666666667 0.4566666666666667 0.01 0.013333333333333334
0 0.35000000000000003 0.43833333333333335 0.013333333333333334 0.01
0 0.36500000000000005 0.41500000000000004 0.016666666666666666 0.016666666666666666
