0 0.5183333333333333 0.19666666666666668 0.05666666666666667 0.39333333333333337
0 0.51 0.525 0.02666666666666667 0.24333333333333335
0 0.505 0.6866666666666668 0.023333333333333334 0.08666666666666667
0 0.5016666666666667 0.7833333333333334 0.030000000000000002 0.07333333333333333
0 0.4916666666666667 0.9116666666666667 0.023333333333333334 0.17
0 0.28833333333333333 0.395 0.016666666666666666 0.12333333333333334
0 0.2816666666666667 0.49000000000000005 0.01 0.060000000000000005
0 0.26333333333333336 0.5950000000000001 0.013333333333333334 0.11666666666666667
0 0.255 0.7000000000000001 0.016666666666666666 0.08
0 0.23500000000000001 0.8666666666666667 0.01 0.26
0 0.33666666666666667 0.04 0.02 0.08
0 0.325 0.2066666666666667 0.016666666666666666 0.24000000000000002
0 0.30000000000000004 0.29333333333333333 0.02 0.05333333333333334
0 0.3866666666666667 0.06166666666666667 0.02 0.12333333333333334
0 0.35500000000000004 0.23 0.030000000000000002 0.18666666666666668
0 0.3383333333333334 0.4266666666666667 0.023333333333333334 0.18666666666666668
0 0.33333333333333337 0.56 0.02 0.04666666666666667
0 0.32333333333333336 0.6166666666666667 0.04666666666666667 0.04666666666666667
0 0.32666666666666666 0.7116666666666667 0.03333333333333333 0.11666666666666667
0 0.31333333333333335 0.8783333333333334 0.02666666666666667 0.21000000000000002
