0 0.64 0.05 0.08 0.1
0 0.5850000000000001 0.15000000000000002 0.05666666666666667 0.09333333333333334
0 0.5633333333333334 0.25 0.07333333333333333 0.08
0 0.53 0.31833333333333336 0.03333333333333333 0.06333333333333334
0 0.5 0.4066666666666667 0.04 0.09333333333333334
0 0.4866666666666667 0.4916666666666667 0.04 0.09000000000000001
0 0.4466666666666667 0.6000000000000001 0.03333333333333333 0.11333333333333334
0 0.41000000000000003 0.6966666666666667 0.08 0.09333333333333334
0 0.37333333333333335 0.8166666666666668 0.04 0.12000000000000001
0 0.8733333333333334 0.025 0.03333333333333333 0.043333333333333335
0 0.8333333333333334 0.07333333333333333 0.02 0.03333333333333333
0 0.8150000000000001 0.18500000000000003 0.03666666666666667 0.17
0 0.7883333333333333 0.31 0.023333333333333334 0.03333333333333333
0 0.7616666666666667 0.35333333333333333 0.023333333333333334 0.04
0 0.7283333333333334 0.38333333333333336 0.023333333333333334 0.02666666666666667
0 0.7100000000000001 0.5183333333333333 0.03333333333333333 0.23
0 0.3916666666666667 0.01 0.05 0.02
0 0.34500000000000003 0.05666666666666667 0.023333333333333334 0.05333333333333334
0 0.26166666666666666 0.18833333333333335 0.023333333333333334 0.023333333333333334
0 0.23500000000000001 0.2566666666666667 0.016666666666666666 0.04
