0 0.33 0.4866666666666667 0.02666666666666667 0.03333333333333333
0 0.4316666666666667 0.3166666666666667 0.030000000000000002 0.02
0 0.465 0.2866666666666667 0.030000000000000002 0.013333333333333334
0 0.4966666666666667 0.265 0.02 0.016666666666666666
0 0.5233333333333333 0.24333333333333335 0.02 0.02
0 0.55 0.22 0.02 0.02
0 0.675 0.12333333333333334 0.016666666666666666 0.013333333333333334
0 0.665 0.14 0.01 0.02
0 0.6533333333333333 0.15333333333333335 0.013333333333333334 0.02
0 0.6366666666666667 0.17500000000000002 0.013333333333333334 0.023333333333333334
0 0.6233333333333334 0.2016666666666667 0.013333333333333334 0.023333333333333334
0 0.6166666666666667 0.23 0.006666666666666667 0.02
0 0.5850000000000001 0.2 0.016666666666666666 0.013333333333333334
0 0.5983333333333334 0.17666666666666667 0.016666666666666666 0.006666666666666667
0 0.63 0.16833333333333333 0.04 0.016666666666666666
0 0.6516666666666667 0.13166666666666668 0.016666666666666666 0.01
0 0.6683333333333333 0.11 0.03666666666666667 0.02666666666666667
0 0.645 0.42833333333333334 0.01 0.023333333333333334
0 0.6616666666666667 0.3983333333333334 0.016666666666666666 0.016666666666666666
0 0.49500000000000005 0.515 0.01 0.01
