0 0.5266666666666667 0.4266666666666667 0.04 0.02666666666666667
0 0.5566666666666668 0.4766666666666667 0.03333333333333333 0.04
0 0.5950000000000001 0.535 0.023333333333333334 0.03666666666666667
0 0.65 0.6033333333333334 0.02666666666666667 0.03333333333333333
0 0.6766666666666667 0.6666666666666667 0.02 0.02666666666666667
0 0.7200000000000001 0.7200000000000001 0.02666666666666667 0.02666666666666667
0 0.7616666666666667 0.7783333333333334 0.030000000000000002 0.05666666666666667
0 0.7200000000000001 0.7866666666666667 0.02 0.02666666666666667
0 0.76 0.8366666666666667 0.02 0.04
0 0.795 0.905 0.023333333333333334 0.043333333333333335
0 0.8250000000000001 0.8933333333333334 0.016666666666666666 0.04
