0 0.5216666666666667 0.5016666666666667 0.05 0.15000000000000002
0 0.7333333333333334 0.5416666666666667 0.060000000000000005 0.14333333333333334
0 0.17500000000000002 0.12166666666666667 0.05 0.07
0 0.12333333333333334 0.07333333333333333 0.05333333333333334 0.06666666666666667
0 0.06833333333333334 0.02666666666666667 0.05 0.05333333333333334
0 0.023333333333333334 0.03666666666666667 0.04666666666666667 0.04666666666666667
0 0.2316666666666667 0.13833333333333334 0.030000000000000002 0.09666666666666668
0 0.27166666666666667 0.09166666666666667 0.03666666666666667 0.05666666666666667
0 0.36333333333333334 0.13 0.04666666666666667 0.05333333333333334
0 0.4116666666666667 0.155 0.043333333333333335 0.05
0 0.455 0.19333333333333336 0.030000000000000002 0.060000000000000005
0 0.49500000000000005 0.22666666666666668 0.043333333333333335 0.04666666666666667
0 0.54 0.24000000000000002 0.03333333333333333 0.03333333333333333
0 0.5800000000000001 0.2783333333333334 0.04 0.03666666666666667
0 0.6266666666666667 0.3166666666666667 0.03333333333333333 0.060000000000000005
0 0.6683333333333333 0.335 0.03666666666666667 0.06333333333333334
0 0.7183333333333334 0.3566666666666667 0.043333333333333335 0.08
0 0.7633333333333334 0.335 0.04666666666666667 0.05666666666666667
0 0.8150000000000001 0.3766666666666667 0.05 0.060000000000000005
0 0.8600000000000001 0.395 0.02666666666666667 0.043333333333333335
