0 0.4216666666666667 0.315 0.01 0.01
0 0.4416666666666667 0.30333333333333334 0.016666666666666666 0.013333333333333334
0 0.45833333333333337 0.29000000000000004 0.023333333333333334 0.013333333333333334
0 0.4733333333333334 0.27 0.02 0.006666666666666667
0 0.49500000000000005 0.2566666666666667 0.016666666666666666 0.013333333333333334
0 0.51 0.24500000000000002 0.02 0.016666666666666666
0 0.5383333333333333 0.22833333333333336 0.016666666666666666 0.016666666666666666
0 0.5666666666666667 0.21833333333333335 0.02 0.023333333333333334
0 0.6016666666666667 0.19333333333333336 0.030000000000000002 0.02666666666666667
0 0.6216666666666667 0.16333333333333333 0.023333333333333334 0.02
0 0.6416666666666667 0.1366666666666667 0.030000000000000002 0.02
0 0.6633333333333333 0.11333333333333334 0.02666666666666667 0.02666666666666667
0 0.6050000000000001 0.26333333333333336 0.01 0.013333333333333334
0 0.5800000000000001 0.32333333333333336 0.006666666666666667 0.006666666666666667
0 0.5583333333333333 0.35000000000000003 0.01 0.02666666666666667
0 0.5433333333333333 0.4 0.006666666666666667 0.02666666666666667
0 0.5233333333333333 0.43833333333333335 0.006666666666666667 0.030000000000000002
0 0.51 0.49000000000000005 0.006666666666666667 0.02666666666666667
0 0.66 0.4 0.02 0.013333333333333334
0 0.6483333333333334 0.42333333333333334 0.030000000000000002 0.013333333333333334
0 0.7166666666666667 0.33 0.04 0.02666666666666667
0 0.7333333333333334 0.30833333333333335 0.02 0.01
0 0.7583333333333334 0.265 0.016666666666666666 0.016666666666666666
0 0.7783333333333334 0.24333333333333335 0.016666666666666666 0.006666666666666667
0 0.785 0.22666666666666668 0.023333333333333334 0.013333333333333334
0 0.325 0.4916666666666667 0.030000000000000002 0.03666666666666667
