0 0.545 0.21500000000000002 0.023333333333333334 0.023333333333333334
0 0.5233333333333333 0.24166666666666667 0.02 0.023333333333333334
0 0.49500000000000005 0.25833333333333336 0.016666666666666666 0.016666666666666666
0 0.47500000000000003 0.2733333333333334 0.016666666666666666 0.013333333333333334
0 0.455 0.29333333333333333 0.023333333333333334 0.02
0 0.4366666666666667 0.315 0.02666666666666667 0.023333333333333334
0 0.33 0.4966666666666667 0.04 0.04
0 0.3383333333333334 0.4516666666666667 0.016666666666666666 0.01
0 0.64 0.18000000000000002 0.013333333333333334 0.006666666666666667
0 0.6233333333333334 0.19833333333333333 0.006666666666666667 0.016666666666666666
0 0.6183333333333334 0.225 0.016666666666666666 0.023333333333333334
0 0.6133333333333334 0.25333333333333335 0.02 0.03333333333333333
0 0.5816666666666667 0.19 0.016666666666666666 0.013333333333333334
0 0.5933333333333334 0.16166666666666668 0.02 0.016666666666666666
0 0.615 0.15333333333333335 0.023333333333333334 0.006666666666666667
0 0.6333333333333334 0.13833333333333334 0.03333333333333333 0.016666666666666666
0 0.67 0.125 0.03333333333333333 0.01
0 0.5433333333333333 0.40166666666666667 0.006666666666666667 0.01
0 0.66 0.4033333333333334 0.02666666666666667 0.02
0 0.645 0.42833333333333334 0.023333333333333334 0.016666666666666666
0 0.7100000000000001 0.33 0.013333333333333334 0.02
0 0.7233333333333334 0.31 0.013333333333333334 0.013333333333333334
0 0.7316666666666667 0.29000000000000004 0.01 0.006666666666666667
0 0.7516666666666667 0.27666666666666667 0.030000000000000002 0.013333333333333334
0 0.7683333333333334 0.25833333333333336 0.023333333333333334 0.01
0 0.775 0.24166666666666667 0.016666666666666666 0.0033333333333333335
