0 0.32666666666666666 0.49000000000000005 0.02666666666666667 0.03333333333333333
0 0.44 0.3066666666666667 0.02 0.02
0 0.465 0.2816666666666667 0.023333333333333334 0.023333333333333334
0 0.49333333333333335 0.255 0.013333333333333334 0.016666666666666666
0 0.5216666666666667 0.23833333333333334 0.016666666666666666 0.023333333333333334
0 0.5416666666666667 0.22166666666666668 0.016666666666666666 0.016666666666666666
0 0.6716666666666667 0.13 0.01 0.013333333333333334
0 0.66 0.14833333333333334 0.013333333333333334 0.016666666666666666
0 0.645 0.165 0.01 0.016666666666666666
0 0.6316666666666667 0.18833333333333335 0.016666666666666666 0.016666666666666666
0 0.62 0.21333333333333335 0.013333333333333334 0.02
0 0.5583333333333333 0.2 0.016666666666666666 0.013333333333333334
0 0.5750000000000001 0.18666666666666668 0.016666666666666666 0.013333333333333334
0 0.5916666666666667 0.17666666666666667 0.016666666666666666 0.006666666666666667
0 0.615 0.14833333333333334 0.01 0.016666666666666666
0 0.5750000000000001 0.23833333333333334 0.016666666666666666 0.01
0 0.5866666666666667 0.22666666666666668 0.02 0.013333333333333334
0 0.5950000000000001 0.21333333333333335 0.01 0.006666666666666667
0 0.6016666666666667 0.195 0.016666666666666666 0.016666666666666666
0 0.545 0.30333333333333334 0.01 0.04
0 0.3116666666666667 0.5366666666666667 0.023333333333333334 0.013333333333333334
0 0.6666666666666667 0.39666666666666667 0.02 0.02
0 0.645 0.42500000000000004 0.023333333333333334 0.016666666666666666
0 0.7316666666666667 0.31833333333333336 0.030000000000000002 0.023333333333333334
