0 0.26833333333333337 0.4083333333333334 0.016666666666666666 0.023333333333333334
0 0.25 0.43500000000000005 0.02 0.023333333333333334
0 0.2316666666666667 0.46 0.016666666666666666 0.02
0 0.17333333333333334 0.5416666666666667 0.02 0.023333333333333334
0 0.15000000000000002 0.5733333333333334 0.02666666666666667 0.02
0 0.07666666666666667 0.6616666666666667 0.02 0.016666666666666666
0 0.05 0.6866666666666668 0.03333333333333333 0.02666666666666667
0 0.7116666666666667 0.12000000000000001 0.016666666666666666 0.02666666666666667
0 0.6933333333333334 0.14 0.02 0.02
0 0.7916666666666667 0.07333333333333333 0.016666666666666666 0.02
