0 0.8966666666666667 0.05 0.07333333333333333 0.1
0 0.8333333333333334 0.155 0.05333333333333334 0.10333333333333335
0 0.78 0.25 0.05333333333333334 0.10666666666666667
0 0.745 0.3716666666666667 0.07 0.13
0 0.6966666666666667 0.5183333333333333 0.07333333333333333 0.17
0 0.6233333333333334 0.62 0.08 0.04666666666666667
0 0.6950000000000001 0.6933333333333334 0.06333333333333334 0.15333333333333335
0 0.62 0.8783333333333334 0.08666666666666667 0.2366666666666667
0 0.685 0.035 0.03666666666666667 0.06333333333333334
0 0.6516666666666667 0.135 0.03666666666666667 0.09666666666666668
0 0.615 0.24833333333333335 0.05 0.13
0 0.5533333333333333 0.3416666666666667 0.07333333333333333 0.10333333333333335
0 0.5183333333333333 0.4316666666666667 0.05666666666666667 0.05666666666666667
0 0.4816666666666667 0.505 0.03666666666666667 0.07
0 0.45 0.5900000000000001 0.02666666666666667 0.03333333333333333
0 0.42833333333333334 0.645 0.030000000000000002 0.05
0 0.4 0.7000000000000001 0.006666666666666667 0.04
0 0.3616666666666667 0.795 0.016666666666666666 0.03666666666666667
0 0.3383333333333334 0.905 0.043333333333333335 0.1366666666666667
