0 0.4683333333333334 0.4816666666666667 0.05 0.14333333333333334
0 0.255 0.4466666666666667 0.06333333333333334 0.14666666666666667
0 0.01 0.455 0.02 0.13
0 0.05333333333333334 0.5266666666666667 0.02666666666666667 0.04666666666666667
0 0.09333333333333334 0.5683333333333334 0.04 0.03666666666666667
0 0.14 0.5933333333333334 0.04 0.05333333333333334
0 0.19333333333333336 0.5983333333333334 0.05333333333333334 0.05
0 0.2566666666666667 0.615 0.06666666666666667 0.05
0 0.32833333333333337 0.6583333333333333 0.05666666666666667 0.07666666666666667
0 0.39 0.6950000000000001 0.03333333333333333 0.05
0 0.4316666666666667 0.7316666666666667 0.030000000000000002 0.043333333333333335
0 0.4683333333333334 0.7383333333333334 0.030000000000000002 0.09000000000000001
0 0.51 0.7816666666666667 0.04666666666666667 0.05
0 0.555 0.8133333333333334 0.030000000000000002 0.06666666666666667
0 0.5916666666666667 0.8366666666666667 0.03666666666666667 0.06666666666666667
0 0.63 0.8700000000000001 0.03333333333333333 0.06666666666666667
0 0.7050000000000001 0.8966666666666667 0.03666666666666667 0.060000000000000005
0 0.7416666666666667 0.8766666666666667 0.03666666666666667 0.06666666666666667
0 0.8016666666666667 0.8666666666666667 0.03666666666666667 0.09333333333333334
0 0.8616666666666667 0.905 0.05666666666666667 0.07
0 0.9216666666666667 0.9550000000000001 0.05 0.05666666666666667
