0 0.37833333333333335 0.02 0.05666666666666667 0.04
0 0.31333333333333335 0.035 0.05333333333333334 0.06333333333333334
0 0.23833333333333334 0.21000000000000002 0.01 0.03333333333333333
0 0.26166666666666666 0.27166666666666667 0.016666666666666666 0.03666666666666667
0 0.2783333333333334 0.32333333333333336 0.01 0.03333333333333333
0 0.29333333333333333 0.3666666666666667 0.006666666666666667 0.02666666666666667
0 0.3166666666666667 0.4066666666666667 0.013333333333333334 0.03333333333333333
0 0.33666666666666667 0.44333333333333336 0.02 0.02666666666666667
0 0.35833333333333334 0.4766666666666667 0.023333333333333334 0.04
0 0.38333333333333336 0.5216666666666667 0.013333333333333334 0.030000000000000002
0 0.4166666666666667 0.56 0.013333333333333334 0.02
0 0.4566666666666667 0.6050000000000001 0.013333333333333334 0.03666666666666667
0 0.4916666666666667 0.6666666666666667 0.016666666666666666 0.02666666666666667
0 0.52 0.6933333333333334 0.013333333333333334 0.02
0 0.6966666666666667 0.6383333333333334 0.02 0.030000000000000002
0 0.7150000000000001 0.7100000000000001 0.016666666666666666 0.02666666666666667
0 0.7383333333333334 0.7516666666666667 0.01 0.030000000000000002
0 0.6766666666666667 0.5800000000000001 0.013333333333333334 0.02666666666666667
0 0.65 0.5283333333333333 0.006666666666666667 0.016666666666666666
0 0.6283333333333334 0.4966666666666667 0.01 0.013333333333333334
0 0.6050000000000001 0.4566666666666667 0.01 0.013333333333333334
0 0.5716666666666667 0.4116666666666667 0.016666666666666666 0.016666666666666666
0 0.5433333333333333 0.375 0.006666666666666667 0.016666666666666666
0 0.52 0.33333333333333337 0.013333333333333334 0.013333333333333334
0 0.49500000000000005 0.29333333333333333 0.01 0.013333333333333334
0 0.47000000000000003 0.25833333333333336 0.006666666666666667 0.01
0 0.45 0.22166666666666668 0.013333333333333334 0.01
0 0.4116666666666667 0.17 0.01 0.006666666666666667
0 0.3816666666666667 0.13 0.01 0.013333333333333334
