0 0.8633333333333334 0.023333333333333334 0.04666666666666667 0.04
0 0.8250000000000001 0.07833333333333334 0.03666666666666667 0.043333333333333335
0 0.7833333333333334 0.135 0.03333333333333333 0.030000000000000002
0 0.7516666666666667 0.19166666666666668 0.023333333333333334 0.043333333333333335
0 0.7166666666666667 0.24333333333333335 0.03333333333333333 0.04
0 0.6983333333333334 0.29000000000000004 0.01 0.02
0 0.665 0.33333333333333337 0.016666666666666666 0.02
0 0.65 0.37333333333333335 0.013333333333333334 0.02666666666666667
0 0.625 0.41000000000000003 0.01 0.02
0 0.6033333333333334 0.45333333333333337 0.013333333333333334 0.02666666666666667
0 0.5850000000000001 0.5066666666666667 0.030000000000000002 0.04
0 0.5483333333333333 0.5616666666666666 0.043333333333333335 0.043333333333333335
0 0.5116666666666667 0.6233333333333334 0.03666666666666667 0.05333333333333334
0 0.47000000000000003 0.6866666666666668 0.03333333333333333 0.05333333333333334
0 0.43500000000000005 0.7433333333333334 0.030000000000000002 0.04666666666666667
0 0.39666666666666667 0.8016666666666667 0.04666666666666667 0.05
0 0.36000000000000004 0.8566666666666667 0.05333333333333334 0.060000000000000005
0 0.28500000000000003 0.9733333333333334 0.030000000000000002 0.02666666666666667
0 0.31833333333333336 0.9450000000000001 0.023333333333333334 0.016666666666666666
0 0.3383333333333334 0.9283333333333333 0.016666666666666666 0.016666666666666666
0 0.7133333333333334 0.018333333333333333 0.02666666666666667 0.03666666666666667
0 0.675 0.05 0.043333333333333335 0.04
0 0.64 0.08666666666666667 0.04 0.03333333333333333
0 0.6050000000000001 0.12666666666666668 0.043333333333333335 0.04
0 0.5566666666666668 0.16833333333333333 0.03333333333333333 0.03666666666666667
0 0.5233333333333333 0.23 0.04666666666666667 0.060000000000000005
0 0.48333333333333334 0.29500000000000004 0.060000000000000005 0.06333333333333334
0 0.445 0.36500000000000005 0.05 0.05666666666666667
0 0.40166666666666667 0.4133333333333334 0.03666666666666667 0.04
0 0.37833333333333335 0.4566666666666667 0.05 0.03333333333333333
0 0.35333333333333333 0.49000000000000005 0.02666666666666667 0.04
0 0.32666666666666666 0.525 0.02666666666666667 0.030000000000000002
0 0.3016666666666667 0.5566666666666668 0.030000000000000002 0.03333333333333333
0 0.27166666666666667 0.5983333333333334 0.05666666666666667 0.05
0 0.24333333333333335 0.6583333333333333 0.05333333333333334 0.05666666666666667
0 0.195 0.6966666666666667 0.023333333333333334 0.03333333333333333
0 0.17333333333333334 0.7316666666666667 0.02 0.030000000000000002
0 0.15000000000000002 0.7566666666666667 0.02 0.03333333333333333
0 0.14166666666666666 0.8 0.016666666666666666 0.02666666666666667
0 0.125 0.8250000000000001 0.016666666666666666 0.023333333333333334
0 0.10666666666666667 0.8650000000000001 0.02 0.023333333333333334
0 0.08666666666666667 0.8916666666666667 0.013333333333333334 0.016666666666666666
0 0.060000000000000005 0.9500000000000001 0.05333333333333334 0.05333333333333334
