0 0.6000000000000001 0.3766666666666667 0.013333333333333334 0.07333333333333333
0 0.5916666666666667 0.43333333333333335 0.01 0.04
0 0.5700000000000001 0.45333333333333337 0.013333333333333334 0.02666666666666667
0 0.655 0.6466666666666667 0.01 0.02
0 0.6333333333333334 0.405 0.013333333333333334 0.17
0 0.655 0.5466666666666667 0.01 0.013333333333333334
0 0.7216666666666667 0.6633333333333333 0.016666666666666666 0.02
0 0.6950000000000001 0.6583333333333333 0.01 0.030000000000000002
0 0.7516666666666667 0.6833333333333333 0.016666666666666666 0.02666666666666667
0 0.7666666666666667 0.7200000000000001 0.013333333333333334 0.03333333333333333
0 0.7866666666666667 0.77 0.013333333333333334 0.03333333333333333
0 0.5366666666666667 0.7066666666666667 0.013333333333333334 0.04666666666666667
