0 0.7350000000000001 0.2833333333333333 0.07 0.08666666666666667
0 0.67 0.3216666666666667 0.03333333333333333 0.03666666666666667
0 0.635 0.35333333333333333 0.023333333333333334 0.02666666666666667
0 0.6133333333333334 0.385 0.02666666666666667 0.03666666666666667
0 0.5766666666666667 0.4083333333333334 0.013333333333333334 0.023333333333333334
0 0.555 0.43333333333333335 0.01 0.02
0 0.5266666666666667 0.4566666666666667 0.006666666666666667 0.02
0 0.5 0.4866666666666667 0.013333333333333334 0.02666666666666667
0 0.47500000000000003 0.5133333333333334 0.0033333333333333335 0.02
0 0.44 0.5466666666666667 0.006666666666666667 0.02
0 0.5133333333333334 0.5700000000000001 0.02666666666666667 0.02
0 0.5516666666666667 0.5466666666666667 0.023333333333333334 0.006666666666666667
0 0.5833333333333334 0.5233333333333333 0.03333333333333333 0.013333333333333334
0 0.6083333333333334 0.4783333333333334 0.016666666666666666 0.0033333333333333335
0 0.7983333333333333 0.25833333333333336 0.016666666666666666 0.01
0 0.8216666666666668 0.19666666666666668 0.016666666666666666 0.006666666666666667
0 0.8533333333333334 0.12833333333333335 0.02 0.016666666666666666
0 0.9133333333333334 0.11666666666666667 0.02 0.013333333333333334
0 0.9066666666666667 0.18833333333333335 0.013333333333333334 0.030000000000000002
0 0.8466666666666667 0.23833333333333334 0.006666666666666667 0.01
0 0.8883333333333334 0.14333333333333334 0.023333333333333334 0.006666666666666667
0 0.9400000000000001 0.14 0.02 0.013333333333333334
0 0.4816666666666667 0.6050000000000001 0.016666666666666666 0.023333333333333334
0 0.385 0.5850000000000001 0.016666666666666666 0.016666666666666666
0 0.4116666666666667 0.5583333333333333 0.016666666666666666 0.01
0 0.36500000000000005 0.6016666666666667 0.01 0.01
0 0.34500000000000003 0.63 0.01 0.013333333333333334
0 0.33166666666666667 0.645 0.01 0.016666666666666666
0 0.30333333333333334 0.6683333333333333 0.006666666666666667 0.016666666666666666
0 0.2816666666666667 0.6866666666666668 0.0033333333333333335 0.02
