0 0.5950000000000001 0.4316666666666667 0.05666666666666667 0.36333333333333334
0 0.5066666666666667 0.5483333333333333 0.05333333333333334 0.10333333333333335
0 0.5266666666666667 0.64 0.02666666666666667 0.060000000000000005
0 0.5833333333333334 0.6950000000000001 0.03333333333333333 0.14333333333333334
0 0.4133333333333334 0.18000000000000002 0.02666666666666667 0.11333333333333334
0 0.41500000000000004 0.28 0.016666666666666666 0.02
0 0.4266666666666667 0.3166666666666667 0.02 0.02
0 0.4366666666666667 0.36333333333333334 0.013333333333333334 0.02666666666666667
0 0.46 0.4083333333333334 0.013333333333333334 0.023333333333333334
0 0.4633333333333334 0.46 0.02666666666666667 0.03333333333333333
