0 0.4083333333333334 0.48833333333333334 0.12333333333333334 0.10333333333333335
0 0.34 0.5516666666666667 0.02 0.023333333333333334
0 0.33333333333333337 0.5733333333333334 0.02 0.02
0 0.3216666666666667 0.5966666666666667 0.023333333333333334 0.02
0 0.2833333333333333 0.6216666666666667 0.02 0.03666666666666667
0 0.24333333333333335 0.66 0.02666666666666667 0.03333333333333333
0 0.21500000000000002 0.6966666666666667 0.030000000000000002 0.04
0 0.4216666666666667 0.3816666666666667 0.043333333333333335 0.03666666666666667
0 0.39666666666666667 0.30333333333333334 0.03333333333333333 0.02
0 0.3416666666666667 0.20500000000000002 0.030000000000000002 0.023333333333333334
0 0.37833333333333335 0.25 0.03666666666666667 0.03333333333333333
