0 0.5800000000000001 0.8516666666666667 0.18666666666666668 0.08333333333333334
0 0.5483333333333333 0.77 0.15000000000000002 0.06666666666666667
0 0.5066666666666667 0.6983333333333334 0.13333333333333333 0.05
0 0.465 0.63 0.08333333333333334 0.04666666666666667
0 0.4166666666666667 0.5166666666666667 0.07333333333333333 0.08666666666666667
0 0.19 0.6050000000000001 0.05333333333333334 0.03666666666666667
0 0.24333333333333335 0.6516666666666667 0.04666666666666667 0.030000000000000002
0 0.29333333333333333 0.7000000000000001 0.04 0.04666666666666667
0 0.325 0.7516666666666667 0.09000000000000001 0.043333333333333335
0 0.35833333333333334 0.8616666666666667 0.11666666666666667 0.08333333333333334
0 0.37833333333333335 0.9583333333333334 0.09666666666666668 0.07666666666666667
0 0.10666666666666667 0.4116666666666667 0.05333333333333334 0.03666666666666667
0 0.15333333333333335 0.47000000000000003 0.1 0.04
0 0.13833333333333334 0.5266666666666667 0.03666666666666667 0.04666666666666667
