0 0.9700000000000001 0.16833333333333333 0.05333333333333334 0.16333333333333333
0 0.905 0.2783333333333334 0.09000000000000001 0.19666666666666668
0 0.8583333333333334 0.455 0.07666666666666667 0.14333333333333334
0 0.795 0.5216666666666667 0.016666666666666666 0.030000000000000002
0 0.8550000000000001 0.6050000000000001 0.05666666666666667 0.1366666666666667
0 0.7783333333333334 0.63 0.09666666666666668 0.04666666666666667
0 0.8250000000000001 0.7316666666666667 0.09000000000000001 0.11666666666666667
0 0.7783333333333334 0.8916666666666667 0.07666666666666667 0.20333333333333334
0 0.8350000000000001 0.04666666666666667 0.030000000000000002 0.09333333333333334
0 0.805 0.17 0.030000000000000002 0.14666666666666667
0 0.7583333333333334 0.2566666666666667 0.05 0.13333333333333333
0 0.7033333333333334 0.35500000000000004 0.06666666666666667 0.10333333333333335
0 0.6633333333333333 0.445 0.04 0.07
0 0.63 0.51 0.02666666666666667 0.06666666666666667
0 0.6050000000000001 0.5866666666666667 0.030000000000000002 0.06666666666666667
0 0.5733333333333334 0.6633333333333333 0.02 0.1
0 0.5083333333333334 0.8816666666666667 0.023333333333333334 0.21666666666666667
