0 0.12166666666666667 0.23833333333333334 0.030000000000000002 0.05
0 0.17833333333333334 0.32333333333333336 0.030000000000000002 0.03333333333333333
0 0.21500000000000002 0.36333333333333334 0.016666666666666666 0.02666666666666667
0 0.24666666666666667 0.39333333333333337 0.02 0.013333333333333334
0 0.2733333333333334 0.41833333333333333 0.02 0.016666666666666666
0 0.30333333333333334 0.45 0.02 0.02
0 0.33 0.48000000000000004 0.006666666666666667 0.013333333333333334
0 0.3516666666666667 0.51 0.01 0.013333333333333334
0 0.3816666666666667 0.5366666666666667 0.01 0.013333333333333334
0 0.4133333333333334 0.5633333333333334 0.006666666666666667 0.006666666666666667
0 0.4416666666666667 0.5916666666666667 0.01 0.01
0 0.4083333333333334 0.44 0.016666666666666666 0.02666666666666667
0 0.07166666666666667 0.165 0.023333333333333334 0.023333333333333334
0 0.4783333333333334 0.5033333333333334 0.03666666666666667 0.02
0 0.5183333333333333 0.53 0.016666666666666666 0.013333333333333334
0 0.9133333333333334 0.7250000000000001 0.04 0.043333333333333335
