0 0.4966666666666667 0.6666666666666667 0.04 0.03333333333333333
0 0.5316666666666667 0.65 0.023333333333333334 0.02
0 0.6716666666666667 0.545 0.030000000000000002 0.05
0 0.7050000000000001 0.5266666666666667 0.030000000000000002 0.04666666666666667
0 0.7300000000000001 0.4916666666666667 0.02666666666666667 0.030000000000000002
0 0.7516666666666667 0.4566666666666667 0.03666666666666667 0.04
0 0.7816666666666667 0.43333333333333335 0.030000000000000002 0.02666666666666667
0 0.7483333333333334 0.3766666666666667 0.043333333333333335 0.02
0 0.7883333333333333 0.36333333333333334 0.030000000000000002 0.02
0 0.8283333333333334 0.33666666666666667 0.030000000000000002 0.02
0 0.8616666666666667 0.315 0.023333333333333334 0.016666666666666666
0 0.8066666666666668 0.4066666666666667 0.02666666666666667 0.013333333333333334
0 0.8416666666666667 0.37333333333333335 0.016666666666666666 0.02
0 0.8200000000000001 0.385 0.02 0.023333333333333334
0 0.8683333333333334 0.3466666666666667 0.023333333333333334 0.03333333333333333
