0 0.4516666666666667 0.33 0.03666666666666667 0.07333333333333333
0 0.375 0.36333333333333334 0.05666666666666667 0.10666666666666667
0 0.4166666666666667 0.47000000000000003 0.060000000000000005 0.08666666666666667
0 0.4566666666666667 0.5283333333333333 0.02 0.030000000000000002
0 0.5 0.61 0.013333333333333334 0.013333333333333334
0 0.49833333333333335 0.675 0.030000000000000002 0.023333333333333334
0 0.5383333333333333 0.7283333333333334 0.03666666666666667 0.016666666666666666
0 0.5833333333333334 0.765 0.03333333333333333 0.030000000000000002
0 0.6216666666666667 0.8 0.03666666666666667 0.04
0 0.6466666666666667 0.8300000000000001 0.02666666666666667 0.03333333333333333
0 0.6883333333333334 0.8650000000000001 0.023333333333333334 0.016666666666666666
