0 0.8033333333333333 0.225 0.04 0.03666666666666667
0 0.7633333333333334 0.26666666666666666 0.03333333333333333 0.03333333333333333
0 0.7216666666666667 0.3016666666666667 0.023333333333333334 0.030000000000000002
0 0.6883333333333334 0.33666666666666667 0.023333333333333334 0.02666666666666667
0 0.6533333333333333 0.36833333333333335 0.013333333333333334 0.030000000000000002
0 0.44833333333333336 0.5650000000000001 0.016666666666666666 0.023333333333333334
0 0.47500000000000003 0.5516666666666667 0.016666666666666666 0.023333333333333334
0 0.4916666666666667 0.5416666666666667 0.016666666666666666 0.023333333333333334
0 0.52 0.5316666666666667 0.02 0.016666666666666666
0 0.5516666666666667 0.5116666666666667 0.023333333333333334 0.016666666666666666
0 0.5783333333333334 0.49333333333333335 0.016666666666666666 0.013333333333333334
0 0.5983333333333334 0.47500000000000003 0.016666666666666666 0.0033333333333333335
0 0.6166666666666667 0.45 0.013333333333333334 0.006666666666666667
0 0.3766666666666667 0.6283333333333334 0.03333333333333333 0.030000000000000002
0 0.27666666666666667 0.7666666666666667 0.02 0.02
0 0.2316666666666667 0.8300000000000001 0.030000000000000002 0.02666666666666667
0 0.18833333333333335 0.9233333333333333 0.023333333333333334 0.02
0 0.21000000000000002 0.89 0.02 0.02
