0 0.8916666666666667 0.08 0.023333333333333334 0.02666666666666667
0 0.8616666666666667 0.15833333333333335 0.023333333333333334 0.023333333333333334
0 0.665 0.44 0.03666666666666667 0.04
0 0.6433333333333334 0.4783333333333334 0.04 0.03666666666666667
0 0.63 0.5183333333333333 0.03333333333333333 0.03666666666666667
0 0.615 0.5533333333333333 0.023333333333333334 0.02666666666666667
0 0.5966666666666667 0.6000000000000001 0.03333333333333333 0.03333333333333333
0 0.5583333333333333 0.65 0.023333333333333334 0.02666666666666667
0 0.5366666666666667 0.685 0.013333333333333334 0.023333333333333334
0 0.52 0.7033333333333334 0.013333333333333334 0.02
0 0.5 0.7233333333333334 0.013333333333333334 0.02
0 0.48000000000000004 0.7533333333333334 0.006666666666666667 0.02666666666666667
