0 0.255 0.21833333333333335 0.023333333333333334 0.030000000000000002
0 0.2916666666666667 0.25333333333333335 0.016666666666666666 0.013333333333333334
0 0.33166666666666667 0.29333333333333333 0.016666666666666666 0.02
0 0.3766666666666667 0.335 0.02 0.016666666666666666
0 0.43333333333333335 0.37333333333333335 0.02 0.013333333333333334
0 0.4783333333333334 0.43000000000000005 0.016666666666666666 0.02666666666666667
0 0.5266666666666667 0.4666666666666667 0.02666666666666667 0.02
0 0.56 0.49500000000000005 0.02 0.016666666666666666
0 0.5966666666666667 0.5416666666666667 0.02 0.016666666666666666
0 0.635 0.5850000000000001 0.023333333333333334 0.023333333333333334
0 0.7283333333333334 0.7000000000000001 0.030000000000000002 0.04
0 0.8183333333333334 0.775 0.05666666666666667 0.06333333333333334
0 0.8400000000000001 0.8550000000000001 0.02 0.043333333333333335
