0 0.52 0.5183333333333333 0.04666666666666667 0.05
0 0.5666666666666667 0.48000000000000004 0.04 0.05333333333333334
0 0.6083333333333334 0.42833333333333334 0.05 0.05
0 0.6583333333333333 0.37333333333333335 0.06333333333333334 0.04
0 0.7033333333333334 0.33333333333333337 0.04666666666666667 0.02666666666666667
0 0.7466666666666667 0.3016666666666667 0.08 0.06333333333333334
0 0.8083333333333333 0.2516666666666667 0.07 0.07
0 0.8583333333333334 0.18166666666666667 0.09000000000000001 0.09000000000000001
0 0.33666666666666667 0.6333333333333334 0.03333333333333333 0.02
0 0.3716666666666667 0.62 0.023333333333333334 0.013333333333333334
0 0.40166666666666667 0.5983333333333334 0.016666666666666666 0.016666666666666666
0 0.20500000000000002 0.7083333333333334 0.03666666666666667 0.023333333333333334
0 0.20500000000000002 0.8566666666666667 0.030000000000000002 0.02666666666666667
0 0.26 0.8216666666666668 0.03333333333333333 0.023333333333333334
0 0.30000000000000004 0.8016666666666667 0.03333333333333333 0.030000000000000002
0 0.33666666666666667 0.7866666666666667 0.02666666666666667 0.02
0 0.3716666666666667 0.7466666666666667 0.023333333333333334 0.02666666666666667
0 0.40166666666666667 0.7250000000000001 0.023333333333333334 0.023333333333333334
0 0.10500000000000001 0.9466666666666668 0.043333333333333335 0.04
