0 0.9600000000000001 0.4416666666666667 0.06666666666666667 0.043333333333333335
0 0.9016666666666667 0.525 0.06333333333333334 0.09000000000000001
0 0.8700000000000001 0.5966666666666667 0.07333333333333333 0.07333333333333333
0 0.8600000000000001 0.6466666666666667 0.09333333333333334 0.02666666666666667
0 0.8316666666666667 0.6916666666666668 0.06333333333333334 0.043333333333333335
0 0.7716666666666667 0.7666666666666667 0.05 0.04666666666666667
0 0.75 0.81 0.04 0.04
0 0.7150000000000001 0.8483333333333334 0.023333333333333334 0.023333333333333334
0 0.68 0.8750000000000001 0.04 0.030000000000000002
0 0.625 0.9283333333333333 0.03666666666666667 0.030000000000000002
