0 0.5916666666666667 0.7250000000000001 0.043333333333333335 0.03666666666666667
0 0.7350000000000001 0.5900000000000001 0.023333333333333334 0.060000000000000005
0 0.76 0.555 0.02 0.05
0 0.7833333333333334 0.515 0.02 0.043333333333333335
0 0.8 0.47000000000000003 0.03333333333333333 0.02666666666666667
0 0.7933333333333333 0.4 0.04 0.013333333333333334
0 0.8233333333333334 0.4266666666666667 0.04666666666666667 0.02666666666666667
0 0.8533333333333334 0.4033333333333334 0.02 0.02
0 0.8700000000000001 0.38 0.02666666666666667 0.02
0 0.8866666666666667 0.3516666666666667 0.02666666666666667 0.023333333333333334
0 0.8266666666666668 0.37000000000000005 0.02666666666666667 0.013333333333333334
0 0.6516666666666667 0.35333333333333333 0.03666666666666667 0.04
0 0.7233333333333334 0.27 0.02 0.02666666666666667
