0 0.9683333333333334 0.125 0.023333333333333334 0.030000000000000002
0 0.9333333333333333 0.14666666666666667 0.02666666666666667 0.02
0 0.905 0.1716666666666667 0.023333333333333334 0.023333333333333334
0 0.8783333333333334 0.19333333333333336 0.023333333333333334 0.02
0 0.8533333333333334 0.21666666666666667 0.02666666666666667 0.02666666666666667
0 0.8266666666666668 0.24666666666666667 0.02666666666666667 0.02666666666666667
0 0.7966666666666667 0.2733333333333334 0.02 0.02
0 0.7683333333333334 0.30000000000000004 0.030000000000000002 0.03333333333333333
0 0.7366666666666667 0.33166666666666667 0.02666666666666667 0.023333333333333334
0 0.7033333333333334 0.36000000000000004 0.02666666666666667 0.02
0 0.6716666666666667 0.38333333333333336 0.03666666666666667 0.02666666666666667
0 0.655 0.4116666666666667 0.030000000000000002 0.03666666666666667
0 0.6233333333333334 0.44 0.03333333333333333 0.02
0 0.6033333333333334 0.465 0.02 0.023333333333333334
0 0.5783333333333334 0.4916666666666667 0.023333333333333334 0.023333333333333334
0 0.5516666666666667 0.5116666666666667 0.030000000000000002 0.030000000000000002
0 0.5266666666666667 0.5366666666666667 0.03333333333333333 0.04
0 0.4916666666666667 0.5700000000000001 0.030000000000000002 0.03333333333333333
0 0.46 0.6116666666666667 0.04 0.043333333333333335
0 0.4316666666666667 0.66 0.016666666666666666 0.02
0 0.3866666666666667 0.6950000000000001 0.04 0.030000000000000002
0 0.35333333333333333 0.7333333333333334 0.04 0.04
0 0.32333333333333336 0.7716666666666667 0.04666666666666667 0.030000000000000002
