0 0.28833333333333333 0.5516666666666667 0.05 0.09666666666666668
0 0.31833333333333336 0.46 0.03666666666666667 0.060000000000000005
0 0.35000000000000003 0.4 0.013333333333333334 0.03333333333333333
0 0.3816666666666667 0.32333333333333336 0.016666666666666666 0.02
0 0.405 0.29833333333333334 0.030000000000000002 0.023333333333333334
0 0.43333333333333335 0.2733333333333334 0.013333333333333334 0.02
0 0.45333333333333337 0.255 0.02666666666666667 0.023333333333333334
0 0.49333333333333335 0.22666666666666668 0.02666666666666667 0.02
0 0.5216666666666667 0.20500000000000002 0.030000000000000002 0.023333333333333334
0 0.5516666666666667 0.18666666666666668 0.016666666666666666 0.013333333333333334
0 0.5883333333333334 0.16833333333333333 0.016666666666666666 0.016666666666666666
0 0.61 0.15833333333333335 0.013333333333333334 0.016666666666666666
0 0.23 0.48833333333333334 0.013333333333333334 0.016666666666666666
0 0.21833333333333335 0.5216666666666667 0.016666666666666666 0.030000000000000002
0 0.20833333333333334 0.5633333333333334 0.023333333333333334 0.04666666666666667
0 0.18666666666666668 0.6116666666666667 0.02666666666666667 0.03666666666666667
0 0.17 0.6616666666666667 0.02 0.030000000000000002
0 0.24666666666666667 0.9216666666666667 0.02666666666666667 0.13
