0 0.5533333333333333 0.395 0.013333333333333334 0.023333333333333334
0 0.5266666666666667 0.4166666666666667 0.02 0.02
0 0.49500000000000005 0.45 0.016666666666666666 0.02666666666666667
0 0.46166666666666667 0.4733333333333334 0.016666666666666666 0.02
0 0.46166666666666667 0.51 0.016666666666666666 0.02
0 0.39333333333333337 0.5416666666666667 0.02666666666666667 0.016666666666666666
0 0.4033333333333334 0.49000000000000005 0.013333333333333334 0.013333333333333334
0 0.39 0.5116666666666667 0.02 0.016666666666666666
0 0.42000000000000004 0.5133333333333334 0.013333333333333334 0.013333333333333334
0 0.3516666666666667 0.5616666666666666 0.016666666666666666 0.016666666666666666
0 0.35000000000000003 0.53 0.013333333333333334 0.013333333333333334
0 0.3066666666666667 0.5583333333333333 0.006666666666666667 0.01
0 0.33 0.5733333333333334 0.013333333333333334 0.013333333333333334
0 0.29833333333333334 0.5733333333333334 0.0033333333333333335 0.006666666666666667
0 0.5033333333333334 0.3916666666666667 0.013333333333333334 0.016666666666666666
0 0.5216666666666667 0.36833333333333335 0.01 0.016666666666666666
0 0.5383333333333333 0.3466666666666667 0.016666666666666666 0.013333333333333334
0 0.5583333333333333 0.32833333333333337 0.016666666666666666 0.01
0 0.5916666666666667 0.30000000000000004 0.016666666666666666 0.02
0 0.6166666666666667 0.275 0.013333333333333334 0.01
0 0.645 0.26 0.016666666666666666 0.013333333333333334
0 0.6716666666666667 0.25 0.023333333333333334 0.02666666666666667
0 0.6983333333333334 0.22333333333333336 0.016666666666666666 0.02
