0 0.2916666666666667 0.405 0.023333333333333334 0.030000000000000002
0 0.49833333333333335 0.24000000000000002 0.030000000000000002 0.02666666666666667
0 0.5366666666666667 0.21500000000000002 0.03333333333333333 0.030000000000000002
0 0.5800000000000001 0.2016666666666667 0.03333333333333333 0.030000000000000002
0 0.6133333333333334 0.18833333333333335 0.02666666666666667 0.030000000000000002
0 0.64 0.16333333333333333 0.02 0.02
0 0.6616666666666667 0.14833333333333334 0.016666666666666666 0.023333333333333334
0 0.6816666666666668 0.13 0.016666666666666666 0.013333333333333334
0 0.7066666666666667 0.125 0.02666666666666667 0.023333333333333334
0 0.7283333333333334 0.10500000000000001 0.023333333333333334 0.016666666666666666
0 0.7583333333333334 0.08833333333333333 0.023333333333333334 0.023333333333333334
0 0.7883333333333333 0.07500000000000001 0.023333333333333334 0.023333333333333334
0 0.635 0.24333333333333335 0.016666666666666666 0.02
0 0.6583333333333333 0.23 0.016666666666666666 0.013333333333333334
0 0.7050000000000001 0.16 0.01 0.013333333333333334
0 0.65 0.35000000000000003 0.03333333333333333 0.02666666666666667
0 0.7400000000000001 0.27 0.02 0.013333333333333334
0 0.765 0.255 0.016666666666666666 0.01
0 0.8 0.22 0.02666666666666667 0.013333333333333334
0 0.8250000000000001 0.2066666666666667 0.016666666666666666 0.013333333333333334
0 0.8400000000000001 0.19333333333333336 0.02 0.02
