0 0.16833333333333333 0.08666666666666667 0.03666666666666667 0.04
0 0.21833333333333335 0.13833333333333334 0.03666666666666667 0.03666666666666667
0 0.29500000000000004 0.2016666666666667 0.03666666666666667 0.043333333333333335
0 0.3416666666666667 0.2733333333333334 0.023333333333333334 0.03333333333333333
0 0.3866666666666667 0.3216666666666667 0.02 0.023333333333333334
0 0.28500000000000003 0.275 0.016666666666666666 0.023333333333333334
0 0.29833333333333334 0.32833333333333337 0.016666666666666666 0.023333333333333334
0 0.33333333333333337 0.325 0.02 0.016666666666666666
0 0.25 0.24166666666666667 0.013333333333333334 0.023333333333333334
0 0.2316666666666667 0.19 0.016666666666666666 0.02
0 0.30000000000000004 0.3716666666666667 0.013333333333333334 0.023333333333333334
0 0.32666666666666666 0.42333333333333334 0.02666666666666667 0.02666666666666667
0 0.36833333333333335 0.4733333333333334 0.030000000000000002 0.04666666666666667
0 0.41000000000000003 0.5533333333333333 0.02666666666666667 0.04
0 0.46 0.6083333333333334 0.02666666666666667 0.043333333333333335
0 0.44333333333333336 0.55 0.02 0.02666666666666667
0 0.49500000000000005 0.5433333333333333 0.023333333333333334 0.02
0 0.5066666666666667 0.6616666666666667 0.02 0.023333333333333334
0 0.5366666666666667 0.7183333333333334 0.02 0.043333333333333335
0 0.5816666666666667 0.7283333333333334 0.01 0.023333333333333334
0 0.5516666666666667 0.8066666666666668 0.06333333333333334 0.07333333333333333
0 0.7100000000000001 0.7616666666666667 0.02666666666666667 0.030000000000000002
0 0.7383333333333334 0.8 0.016666666666666666 0.02666666666666667
0 0.75 0.8516666666666667 0.006666666666666667 0.03666666666666667
0 0.77 0.8966666666666667 0.013333333333333334 0.02
0 0.8250000000000001 0.9450000000000001 0.030000000000000002 0.03666666666666667
0 0.8766666666666667 0.9416666666666668 0.02 0.030000000000000002
0 0.5316666666666667 0.445 0.023333333333333334 0.023333333333333334
0 0.5650000000000001 0.48000000000000004 0.03666666666666667 0.02666666666666667
0 0.5900000000000001 0.5183333333333333 0.02666666666666667 0.03666666666666667
