0 0.19833333333333333 0.18166666666666667 0.030000000000000002 0.030000000000000002
0 0.29833333333333334 0.2366666666666667 0.016666666666666666 0.02666666666666667
0 0.275 0.2066666666666667 0.023333333333333334 0.02666666666666667
0 0.32333333333333336 0.26666666666666666 0.013333333333333334 0.02
0 0.3433333333333334 0.3066666666666667 0.02 0.02
0 0.36333333333333334 0.3383333333333334 0.013333333333333334 0.01
0 0.3866666666666667 0.36333333333333334 0.013333333333333334 0.02
0 0.4066666666666667 0.3983333333333334 0.013333333333333334 0.023333333333333334
0 0.4366666666666667 0.4416666666666667 0.02 0.023333333333333334
0 0.4466666666666667 0.4783333333333334 0.013333333333333334 0.016666666666666666
0 0.4733333333333334 0.515 0.02666666666666667 0.030000000000000002
0 0.49500000000000005 0.5716666666666667 0.023333333333333334 0.03666666666666667
0 0.5316666666666667 0.6000000000000001 0.030000000000000002 0.02666666666666667
0 0.56 0.6333333333333334 0.02 0.02
0 0.5900000000000001 0.6566666666666667 0.02 0.02
0 0.6133333333333334 0.6900000000000001 0.02 0.02666666666666667
0 0.6333333333333334 0.7316666666666667 0.02 0.023333333333333334
0 0.6483333333333334 0.7033333333333334 0.016666666666666666 0.02666666666666667
0 0.6683333333333333 0.745 0.023333333333333334 0.030000000000000002
0 0.6966666666666667 0.7716666666666667 0.03333333333333333 0.030000000000000002
0 0.6566666666666667 0.8666666666666667 0.03333333333333333 0.04
0 0.7000000000000001 0.9283333333333333 0.04 0.06333333333333334
0 0.625 0.8233333333333334 0.016666666666666666 0.02666666666666667
0 0.15166666666666667 0.085 0.05 0.043333333333333335
0 0.33666666666666667 0.4166666666666667 0.013333333333333334 0.02
0 0.35000000000000003 0.45333333333333337 0.013333333333333334 0.013333333333333334
0 0.37000000000000005 0.48000000000000004 0.02 0.02
0 0.39333333333333337 0.5133333333333334 0.013333333333333334 0.02
0 0.4116666666666667 0.5416666666666667 0.01 0.01
0 0.4516666666666667 0.5983333333333334 0.016666666666666666 0.023333333333333334
0 0.47500000000000003 0.625 0.01 0.023333333333333334
0 0.49500000000000005 0.6633333333333333 0.016666666666666666 0.02666666666666667
0 0.5233333333333333 0.6983333333333334 0.02 0.023333333333333334
0 0.55 0.7300000000000001 0.02666666666666667 0.03333333333333333
0 0.5783333333333334 0.7583333333333334 0.016666666666666666 0.023333333333333334
0 0.6033333333333334 0.8 0.02 0.02
