0 0.24333333333333335 0.5850000000000001 0.12000000000000001 0.09000000000000001
0 0.13833333333333334 0.8333333333333334 0.05666666666666667 0.060000000000000005
0 0.20500000000000002 0.8250000000000001 0.043333333333333335 0.06333333333333334
0 0.46 0.5833333333333334 0.22666666666666668 0.12666666666666668
0 0.7133333333333334 0.6066666666666667 0.2733333333333334 0.14666666666666667
0 0.925 0.545 0.14333333333333334 0.2833333333333333
0 0.915 0.15833333333333335 0.16333333333333333 0.17666666666666667
0 0.915 0.32666666666666666 0.16333333333333333 0.14666666666666667
0 0.4666666666666667 0.09166666666666667 0.060000000000000005 0.05666666666666667
0 0.5266666666666667 0.058333333333333334 0.04 0.03666666666666667
0 0.5416666666666667 0.19833333333333333 0.030000000000000002 0.03666666666666667
0 0.5633333333333334 0.2316666666666667 0.013333333333333334 0.030000000000000002
0 0.5516666666666667 0.26666666666666666 0.01 0.02
0 0.5633333333333334 0.28500000000000003 0.013333333333333334 0.043333333333333335
0 0.5816666666666667 0.24000000000000002 0.01 0.04666666666666667
0 0.65 0.25833333333333336 0.013333333333333334 0.03666666666666667
0 0.6366666666666667 0.2916666666666667 0.013333333333333334 0.016666666666666666
0 0.7416666666666667 0.2816666666666667 0.01 0.06333333333333334
0 0.755 0.30333333333333334 0.01 0.03333333333333333
0 0.7733333333333334 0.27166666666666667 0.013333333333333334 0.043333333333333335
0 0.8033333333333333 0.24500000000000002 0.013333333333333334 0.043333333333333335
0 0.8166666666666668 0.275 0.013333333333333334 0.03666666666666667
0 0.8233333333333334 0.32666666666666666 0.013333333333333334 0.04666666666666667
0 0.6966666666666667 0.19666666666666668 0.26 0.05333333333333334
0 0.67 0.125 0.32 0.09000000000000001
0 0.6533333333333333 0.055 0.2 0.06333333333333334
0 0.325 0.12000000000000001 0.08333333333333334 0.03333333333333333
0 0.4 0.11166666666666668 0.06666666666666667 0.03666666666666667
0 0.395 0.07666666666666667 0.08333333333333334 0.04
0 0.26833333333333337 0.07333333333333333 0.16333333333333333 0.05333333333333334
0 0.22833333333333336 0.12166666666666667 0.05666666666666667 0.03666666666666667
0 0.165 0.085 0.043333333333333335 0.05
0 0.135 0.14 0.05 0.060000000000000005
0 0.09000000000000001 0.16 0.03333333333333333 0.04
0 0.03833333333333334 0.17666666666666667 0.06333333333333334 0.02
