0 0.65 0.025 0.03333333333333333 0.03666666666666667
0 0.625 0.06666666666666667 0.023333333333333334 0.03333333333333333
0 0.6050000000000001 0.10333333333333335 0.016666666666666666 0.02
0 0.5766666666666667 0.1366666666666667 0.02666666666666667 0.03333333333333333
0 0.535 0.18166666666666667 0.030000000000000002 0.03666666666666667
0 0.5083333333333334 0.2316666666666667 0.023333333333333334 0.030000000000000002
0 0.48000000000000004 0.28 0.02 0.03333333333333333
0 0.445 0.33166666666666667 0.03666666666666667 0.05666666666666667
0 0.4033333333333334 0.385 0.04 0.043333333333333335
0 0.36500000000000005 0.4366666666666667 0.030000000000000002 0.04666666666666667
0 0.3466666666666667 0.48333333333333334 0.02666666666666667 0.02666666666666667
0 0.325 0.515 0.023333333333333334 0.030000000000000002
0 0.30333333333333334 0.545 0.013333333333333334 0.023333333333333334
0 0.2866666666666667 0.5783333333333334 0.02666666666666667 0.03666666666666667
0 0.25333333333333335 0.6183333333333334 0.02 0.023333333333333334
0 0.22166666666666668 0.655 0.016666666666666666 0.023333333333333334
