0 0.8150000000000001 0.09666666666666668 0.030000000000000002 0.05333333333333334
0 0.7216666666666667 0.20500000000000002 0.03666666666666667 0.05666666666666667
0 0.5816666666666667 0.27166666666666667 0.06333333333333334 0.07
0 0.5416666666666667 0.36333333333333334 0.03666666666666667 0.06666666666666667
0 0.5033333333333334 0.43333333333333335 0.02666666666666667 0.060000000000000005
0 0.4516666666666667 0.5183333333333333 0.03666666666666667 0.07666666666666667
0 0.38333333333333336 0.5766666666666667 0.03333333333333333 0.05333333333333334
0 0.35000000000000003 0.6466666666666667 0.04 0.060000000000000005
0 0.29500000000000004 0.7100000000000001 0.05 0.06666666666666667
0 0.255 0.7933333333333333 0.030000000000000002 0.03333333333333333
0 0.21000000000000002 0.8700000000000001 0.04 0.04
