0 0.8550000000000001 0.05166666666666667 0.030000000000000002 0.030000000000000002
0 0.8200000000000001 0.085 0.02666666666666667 0.023333333333333334
0 0.7733333333333334 0.12166666666666667 0.02666666666666667 0.030000000000000002
0 0.7250000000000001 0.17333333333333334 0.023333333333333334 0.04
0 0.6666666666666667 0.22333333333333336 0.02666666666666667 0.02666666666666667
0 0.6133333333333334 0.2966666666666667 0.04666666666666667 0.06666666666666667
0 0.5583333333333333 0.33666666666666667 0.030000000000000002 0.03333333333333333
0 0.52 0.3666666666666667 0.02666666666666667 0.03333333333333333
0 0.4916666666666667 0.3983333333333334 0.030000000000000002 0.030000000000000002
0 0.45333333333333337 0.43333333333333335 0.04 0.04666666666666667
0 0.4116666666666667 0.4766666666666667 0.043333333333333335 0.04666666666666667
0 0.3716666666666667 0.525 0.043333333333333335 0.043333333333333335
0 0.325 0.5716666666666667 0.03666666666666667 0.043333333333333335
0 0.2866666666666667 0.6183333333333334 0.03333333333333333 0.03666666666666667
0 0.25833333333333336 0.6616666666666667 0.016666666666666666 0.030000000000000002
0 0.23333333333333334 0.6966666666666667 0.02666666666666667 0.03333333333333333
0 0.20333333333333334 0.7416666666666667 0.02666666666666667 0.043333333333333335
0 0.16666666666666669 0.795 0.013333333333333334 0.023333333333333334
0 0.115 0.8516666666666667 0.030000000000000002 0.030000000000000002
0 0.065 0.8983333333333334 0.05 0.05
