0 0.6233333333333334 0.12833333333333335 0.04666666666666667 0.05
0 0.61 0.19 0.02666666666666667 0.02666666666666667
0 0.5333333333333333 0.23 0.02666666666666667 0.02666666666666667
0 0.5816666666666667 0.24166666666666667 0.03666666666666667 0.043333333333333335
0 0.5083333333333334 0.2733333333333334 0.023333333333333334 0.02666666666666667
0 0.5483333333333333 0.29500000000000004 0.030000000000000002 0.023333333333333334
0 0.4733333333333334 0.505 0.16 0.36333333333333334
0 0.34833333333333333 0.6950000000000001 0.03666666666666667 0.03666666666666667
0 0.4866666666666667 0.7233333333333334 0.09333333333333334 0.060000000000000005
0 0.6033333333333334 0.6483333333333334 0.07333333333333333 0.12333333333333334
0 0.6866666666666668 0.7366666666666667 0.05333333333333334 0.07333333333333333
0 0.7266666666666667 0.8066666666666668 0.02666666666666667 0.04666666666666667
0 0.7616666666666667 0.8550000000000001 0.030000000000000002 0.03666666666666667
0 0.8083333333333333 0.91 0.05666666666666667 0.06666666666666667
0 0.53 0.7916666666666667 0.08666666666666667 0.06333333333333334
