0 0.5416666666666667 0.2566666666666667 0.11666666666666667 0.060000000000000005
0 0.5116666666666667 0.465 0.12333333333333334 0.05
0 0.39 0.15333333333333335 0.02666666666666667 0.04
0 0.3866666666666667 0.20500000000000002 0.04 0.05
0 0.36000000000000004 0.27166666666666667 0.07333333333333333 0.043333333333333335
0 0.32 0.33 0.060000000000000005 0.060000000000000005
0 0.27 0.39333333333333337 0.04666666666666667 0.04666666666666667
0 0.2516666666666667 0.455 0.043333333333333335 0.05
0 0.21166666666666667 0.5 0.043333333333333335 0.04
0 0.17500000000000002 0.55 0.05 0.04
0 0.15333333333333335 0.5883333333333334 0.060000000000000005 0.03666666666666667
0 0.115 0.6316666666666667 0.07 0.03666666666666667
0 0.10666666666666667 0.7166666666666667 0.060000000000000005 0.04666666666666667
0 0.15666666666666668 0.7666666666666667 0.10666666666666667 0.04
0 0.11666666666666667 0.8083333333333333 0.060000000000000005 0.030000000000000002
0 0.07833333333333334 0.8500000000000001 0.03666666666666667 0.04
0 0.09000000000000001 0.8816666666666667 0.07333333333333333 0.023333333333333334
0 0.035 0.935 0.05 0.07
