0 0.02666666666666667 0.05666666666666667 0.03333333333333333 0.04
0 0.07 0.11833333333333335 0.03333333333333333 0.03666666666666667
0 0.11833333333333335 0.18666666666666668 0.03666666666666667 0.02666666666666667
0 0.19166666666666668 0.2566666666666667 0.08333333333333334 0.07333333333333333
0 0.24500000000000002 0.33166666666666667 0.030000000000000002 0.030000000000000002
0 0.2866666666666667 0.3766666666666667 0.02666666666666667 0.02666666666666667
0 0.3216666666666667 0.4133333333333334 0.023333333333333334 0.02666666666666667
0 0.3566666666666667 0.45 0.02666666666666667 0.02666666666666667
0 0.3983333333333334 0.4916666666666667 0.023333333333333334 0.023333333333333334
0 0.43333333333333335 0.5383333333333333 0.02666666666666667 0.030000000000000002
0 0.4666666666666667 0.5700000000000001 0.02 0.02
0 0.5 0.5950000000000001 0.013333333333333334 0.016666666666666666
0 0.5216666666666667 0.63 0.016666666666666666 0.02
0 0.5533333333333333 0.6533333333333333 0.013333333333333334 0.02
0 0.5783333333333334 0.6783333333333333 0.016666666666666666 0.016666666666666666
0 0.6166666666666667 0.7200000000000001 0.02666666666666667 0.02666666666666667
0 0.6666666666666667 0.755 0.03333333333333333 0.030000000000000002
0 0.7083333333333334 0.7966666666666667 0.030000000000000002 0.02666666666666667
0 0.755 0.8416666666666667 0.03666666666666667 0.043333333333333335
0 0.8016666666666667 0.8916666666666667 0.023333333333333334 0.023333333333333334
0 0.8433333333333334 0.9283333333333333 0.02 0.016666666666666666
0 0.8833333333333334 0.9550000000000001 0.02 0.016666666666666666
0 0.9266666666666667 0.9900000000000001 0.02 0.013333333333333334
0 0.10333333333333335 0.24833333333333335 0.006666666666666667 0.01
0 0.135 0.29833333333333334 0.023333333333333334 0.023333333333333334
0 0.1716666666666667 0.3666666666666667 0.023333333333333334 0.04666666666666667
0 0.19833333333333333 0.43000000000000005 0.016666666666666666 0.04
0 0.23833333333333334 0.4866666666666667 0.016666666666666666 0.04
0 0.2566666666666667 0.54 0.013333333333333334 0.04
0 0.27 0.625 0.03333333333333333 0.08333333333333334
0 0.3216666666666667 0.7133333333333334 0.030000000000000002 0.06666666666666667
0 0.36333333333333334 0.8333333333333334 0.04666666666666667 0.10666666666666667
