0 0.29833333333333334 0.9333333333333333 0.07 0.05333333333333334
0 0.4316666666666667 0.8216666666666668 0.043333333333333335 0.03666666666666667
0 0.7016666666666667 0.9850000000000001 0.043333333333333335 0.023333333333333334
0 0.7283333333333334 0.9650000000000001 0.03666666666666667 0.023333333333333334
0 0.7466666666666667 0.9416666666666668 0.03333333333333333 0.023333333333333334
0 0.7733333333333334 0.9183333333333334 0.03333333333333333 0.030000000000000002
0 0.8016666666666667 0.895 0.030000000000000002 0.030000000000000002
0 0.8450000000000001 0.8200000000000001 0.05 0.04
0 0.8200000000000001 0.8500000000000001 0.060000000000000005 0.04666666666666667
0 0.5950000000000001 0.9866666666666667 0.05666666666666667 0.02
0 0.6233333333333334 0.9683333333333334 0.03333333333333333 0.023333333333333334
0 0.6466666666666667 0.9566666666666668 0.02 0.02
0 0.6633333333333333 0.9450000000000001 0.02 0.016666666666666666
0 0.6866666666666668 0.935 0.02666666666666667 0.023333333333333334
0 0.7033333333333334 0.9183333333333334 0.02666666666666667 0.023333333333333334
0 0.7333333333333334 0.9 0.02666666666666667 0.02666666666666667
