0 0.043333333333333335 0.22333333333333336 0.04 0.02
0 0.12000000000000001 0.265 0.04666666666666667 0.03666666666666667
0 0.17666666666666667 0.3016666666666667 0.04 0.016666666666666666
0 0.26166666666666666 0.35000000000000003 0.043333333333333335 0.03333333333333333
0 0.32833333333333337 0.4 0.030000000000000002 0.02666666666666667
0 0.3816666666666667 0.44833333333333336 0.023333333333333334 0.016666666666666666
0 0.44333333333333336 0.5066666666666667 0.02 0.02
0 0.5216666666666667 0.5783333333333334 0.016666666666666666 0.016666666666666666
0 0.6716666666666667 0.675 0.07666666666666667 0.05
0 0.5800000000000001 0.6333333333333334 0.03333333333333333 0.03333333333333333
0 0.655 0.7366666666666667 0.03666666666666667 0.03333333333333333
0 0.7200000000000001 0.795 0.02666666666666667 0.023333333333333334
0 0.7383333333333334 0.7300000000000001 0.023333333333333334 0.02666666666666667
0 0.78 0.8516666666666667 0.02666666666666667 0.05666666666666667
0 0.7666666666666667 0.9450000000000001 0.03333333333333333 0.05666666666666667
0 0.8416666666666667 0.8633333333333334 0.030000000000000002 0.04
