0 0.3983333333333334 0.7066666666666667 0.07666666666666667 0.060000000000000005
0 0.2566666666666667 0.6333333333333334 0.16666666666666669 0.08
0 0.26666666666666666 0.49500000000000005 0.16666666666666669 0.15000000000000002
0 0.17666666666666667 0.3466666666666667 0.04666666666666667 0.10666666666666667
0 0.23333333333333334 0.15666666666666668 0.1 0.2733333333333334
0 0.3116666666666667 0.16833333333333333 0.023333333333333334 0.06333333333333334
0 0.315 0.016666666666666666 0.03666666666666667 0.02666666666666667
0 0.3716666666666667 0.04666666666666667 0.023333333333333334 0.013333333333333334
0 0.4133333333333334 0.07500000000000001 0.013333333333333334 0.016666666666666666
0 0.4466666666666667 0.10833333333333334 0.02 0.016666666666666666
0 0.7116666666666667 0.5966666666666667 0.05666666666666667 0.05333333333333334
