0 0.6683333333333333 0.3666666666666667 0.03666666666666667 0.02666666666666667
0 0.6933333333333334 0.335 0.02666666666666667 0.01
0 0.7116666666666667 0.3166666666666667 0.03666666666666667 0.013333333333333334
0 0.7383333333333334 0.28833333333333333 0.03666666666666667 0.016666666666666666
0 0.7583333333333334 0.2566666666666667 0.030000000000000002 0.02
0 0.7883333333333333 0.24500000000000002 0.030000000000000002 0.023333333333333334
0 0.5083333333333334 0.535 0.023333333333333334 0.023333333333333334
0 0.4783333333333334 0.5483333333333333 0.023333333333333334 0.016666666666666666
0 0.45 0.5666666666666667 0.02666666666666667 0.02
0 0.3766666666666667 0.62 0.02 0.02
0 0.36833333333333335 0.6483333333333334 0.016666666666666666 0.023333333333333334
0 0.22666666666666668 0.8350000000000001 0.02666666666666667 0.03666666666666667
0 0.2 0.9033333333333334 0.02666666666666667 0.04
