0 0.8916666666666667 0.08333333333333334 0.023333333333333334 0.02666666666666667
0 0.8583333333333334 0.16 0.016666666666666666 0.02
0 0.6633333333333333 0.4466666666666667 0.02666666666666667 0.04
0 0.6383333333333334 0.49500000000000005 0.03666666666666667 0.05
0 0.6183333333333334 0.5433333333333333 0.030000000000000002 0.04666666666666667
0 0.5950000000000001 0.6033333333333334 0.030000000000000002 0.04
0 0.5633333333333334 0.6483333333333334 0.02666666666666667 0.023333333333333334
0 0.5433333333333333 0.675 0.02666666666666667 0.023333333333333334
0 0.52 0.7016666666666667 0.02666666666666667 0.023333333333333334
0 0.5033333333333334 0.7300000000000001 0.02 0.02666666666666667
0 0.4783333333333334 0.7516666666666667 0.01 0.023333333333333334
