0 0.22166666666666668 0.18833333333333335 0.043333333333333335 0.030000000000000002
0 0.26833333333333337 0.23 0.023333333333333334 0.013333333333333334
0 0.31 0.2733333333333334 0.02 0.02666666666666667
0 0.36000000000000004 0.32833333333333337 0.02 0.016666666666666666
0 0.41500000000000004 0.36500000000000005 0.023333333333333334 0.023333333333333334
0 0.49000000000000005 0.43833333333333335 0.04 0.043333333333333335
0 0.5533333333333333 0.48833333333333334 0.02666666666666667 0.030000000000000002
0 0.5983333333333334 0.5366666666666667 0.03666666666666667 0.03333333333333333
0 0.6433333333333334 0.5833333333333334 0.02 0.013333333333333334
0 0.6966666666666667 0.6316666666666667 0.03333333333333333 0.043333333333333335
0 0.7716666666666667 0.755 0.030000000000000002 0.030000000000000002
0 0.8283333333333334 0.7633333333333334 0.023333333333333334 0.02666666666666667
0 0.8233333333333334 0.8266666666666668 0.03333333333333333 0.04666666666666667
0 0.8716666666666667 0.9183333333333334 0.023333333333333334 0.05666666666666667
