0 0.49333333333333335 0.5383333333333333 0.02666666666666667 0.023333333333333334
0 0.5183333333333333 0.5016666666666667 0.023333333333333334 0.023333333333333334
0 0.5583333333333333 0.45833333333333337 0.03666666666666667 0.03666666666666667
0 0.6016666666666667 0.43333333333333335 0.03666666666666667 0.03333333333333333
0 0.6416666666666667 0.385 0.043333333333333335 0.030000000000000002
0 0.6933333333333334 0.3416666666666667 0.05333333333333334 0.03666666666666667
0 0.745 0.3116666666666667 0.05666666666666667 0.043333333333333335
0 0.7916666666666667 0.26166666666666666 0.07 0.05
0 0.8416666666666667 0.18833333333333335 0.05 0.043333333333333335
0 0.8383333333333334 0.11833333333333335 0.03666666666666667 0.043333333333333335
0 0.43333333333333335 0.6950000000000001 0.006666666666666667 0.016666666666666666
0 0.4066666666666667 0.7233333333333334 0.013333333333333334 0.02
0 0.3716666666666667 0.7516666666666667 0.01 0.016666666666666666
0 0.3383333333333334 0.7766666666666667 0.023333333333333334 0.02
0 0.3116666666666667 0.8 0.030000000000000002 0.02666666666666667
0 0.27166666666666667 0.8233333333333334 0.030000000000000002 0.02
0 0.2316666666666667 0.8400000000000001 0.030000000000000002 0.02
0 0.19833333333333333 0.8583333333333334 0.023333333333333334 0.016666666666666666
0 0.09833333333333334 0.9550000000000001 0.03666666666666667 0.043333333333333335
0 0.15833333333333335 0.755 0.05 0.023333333333333334
0 0.2066666666666667 0.7150000000000001 0.02666666666666667 0.016666666666666666
0 0.2733333333333334 0.6683333333333333 0.05333333333333334 0.016666666666666666
