0 0.8383333333333334 0.23333333333333334 0.030000000000000002 0.02666666666666667
0 0.8033333333333333 0.26166666666666666 0.02666666666666667 0.016666666666666666
0 0.7716666666666667 0.2916666666666667 0.016666666666666666 0.016666666666666666
0 0.7300000000000001 0.3216666666666667 0.013333333333333334 0.016666666666666666
0 0.7016666666666667 0.35333333333333333 0.016666666666666666 0.013333333333333334
0 0.6766666666666667 0.38833333333333336 0.013333333333333334 0.023333333333333334
0 0.6483333333333334 0.41500000000000004 0.023333333333333334 0.023333333333333334
0 0.6216666666666667 0.45333333333333337 0.023333333333333334 0.02
0 0.5850000000000001 0.47500000000000003 0.016666666666666666 0.016666666666666666
0 0.5416666666666667 0.51 0.023333333333333334 0.02666666666666667
0 0.5083333333333334 0.5466666666666667 0.023333333333333334 0.02
0 0.49000000000000005 0.5783333333333334 0.02 0.016666666666666666
0 0.46 0.6083333333333334 0.04 0.043333333333333335
0 0.35500000000000004 0.7066666666666667 0.016666666666666666 0.013333333333333334
0 0.33666666666666667 0.7466666666666667 0.02 0.02666666666666667
0 0.32 0.7733333333333334 0.02 0.02666666666666667
0 0.3766666666666667 0.7250000000000001 0.013333333333333334 0.016666666666666666
0 0.39333333333333337 0.6983333333333334 0.02 0.01
0 0.4266666666666667 0.6766666666666667 0.02 0.013333333333333334
0 0.44833333333333336 0.655 0.016666666666666666 0.0033333333333333335
0 0.34833333333333333 0.51 0.023333333333333334 0.02666666666666667
0 0.315 0.535 0.016666666666666666 0.016666666666666666
