0 0.07666666666666667 0.49833333333333335 0.15333333333333335 0.030000000000000002
0 0.23500000000000001 0.4866666666666667 0.15000000000000002 0.03333333333333333
0 0.33 0.48333333333333334 0.02666666666666667 0.02
0 0.47000000000000003 0.48000000000000004 0.23333333333333334 0.03333333333333333
0 0.7966666666666667 0.4716666666666667 0.4 0.05
0 0.37333333333333335 0.6683333333333333 0.05333333333333334 0.03666666666666667
0 0.17833333333333334 0.6733333333333333 0.33 0.03333333333333333
0 0.42833333333333334 0.6566666666666667 0.043333333333333335 0.02666666666666667
0 0.5383333333333333 0.6583333333333333 0.16333333333333333 0.023333333333333334
0 0.67 0.645 0.09333333333333334 0.03666666666666667
0 0.7766666666666667 0.6333333333333334 0.11333333333333334 0.04
0 0.8700000000000001 0.6133333333333334 0.060000000000000005 0.02666666666666667
0 0.9483333333333334 0.6000000000000001 0.09666666666666668 0.02666666666666667
0 0.7050000000000001 0.6866666666666668 0.09666666666666668 0.03333333333333333
0 0.8083333333333333 0.6683333333333333 0.09666666666666668 0.023333333333333334
0 0.9266666666666667 0.6616666666666667 0.13333333333333333 0.023333333333333334
0 0.6083333333333334 0.6950000000000001 0.10333333333333335 0.023333333333333334
0 0.5166666666666667 0.7116666666666667 0.08 0.016666666666666666
0 0.445 0.7216666666666667 0.05666666666666667 0.016666666666666666
0 0.38 0.7283333333333334 0.06666666666666667 0.016666666666666666
0 0.30833333333333335 0.7400000000000001 0.09000000000000001 0.013333333333333334
0 0.12333333333333334 0.7533333333333334 0.22 0.013333333333333334
