0 0.29000000000000004 0.54 0.06666666666666667 0.1
0 0.26 0.7866666666666667 0.013333333333333334 0.14
0 0.24333333333333335 0.905 0.04 0.09000000000000001
0 0.14500000000000002 0.7383333333333334 0.01 0.05
0 0.17333333333333334 0.65 0.02 0.02
0 0.19 0.6183333333333334 0.013333333333333334 0.01
0 0.19666666666666668 0.5733333333333334 0.02 0.02
0 0.21666666666666667 0.5283333333333333 0.02 0.016666666666666666
0 0.22666666666666668 0.5 0.013333333333333334 0.006666666666666667
0 0.3016666666666667 0.45333333333333337 0.030000000000000002 0.03333333333333333
0 0.375 0.315 0.016666666666666666 0.01
0 0.405 0.2916666666666667 0.016666666666666666 0.01
0 0.42833333333333334 0.27 0.023333333333333334 0.006666666666666667
0 0.45333333333333337 0.255 0.013333333333333334 0.0033333333333333335
0 0.4916666666666667 0.22333333333333336 0.016666666666666666 0.006666666666666667
0 0.5283333333333333 0.2016666666666667 0.023333333333333334 0.01
0 0.5616666666666666 0.18333333333333335 0.023333333333333334 0.006666666666666667
0 0.6066666666666667 0.16333333333333333 0.02 0.013333333333333334
0 0.6383333333333334 0.14500000000000002 0.023333333333333334 0.0033333333333333335
0 0.675 0.13 0.016666666666666666 0.013333333333333334
