0 0.1716666666666667 0.43000000000000005 0.023333333333333334 0.02
0 0.19166666666666668 0.4633333333333334 0.023333333333333334 0.02
0 0.19833333333333333 0.5 0.023333333333333334 0.02
0 0.22 0.535 0.02 0.023333333333333334
0 0.24500000000000002 0.5766666666666667 0.023333333333333334 0.03333333333333333
0 0.395 0.7250000000000001 0.030000000000000002 0.030000000000000002
0 0.14 0.4 0.02666666666666667 0.02
0 0.11833333333333335 0.3766666666666667 0.023333333333333334 0.02
0 0.10500000000000001 0.34500000000000003 0.023333333333333334 0.016666666666666666
0 0.07833333333333334 0.31333333333333335 0.016666666666666666 0.02
0 0.33166666666666667 0.3416666666666667 0.016666666666666666 0.023333333333333334
0 0.26166666666666666 0.2733333333333334 0.023333333333333334 0.013333333333333334
