0 0.5916666666666667 0.265 0.03666666666666667 0.030000000000000002
0 0.7316666666666667 0.3816666666666667 0.016666666666666666 0.016666666666666666
0 0.7516666666666667 0.4133333333333334 0.016666666666666666 0.013333333333333334
0 0.7733333333333334 0.4466666666666667 0.013333333333333334 0.02
0 0.7966666666666667 0.5 0.02 0.04
0 0.8083333333333333 0.5466666666666667 0.016666666666666666 0.013333333333333334
0 0.8383333333333334 0.5666666666666667 0.016666666666666666 0.02666666666666667
0 0.8700000000000001 0.6000000000000001 0.02 0.02
0 0.8916666666666667 0.6283333333333334 0.016666666666666666 0.030000000000000002
0 0.915 0.6733333333333333 0.023333333333333334 0.02666666666666667
0 0.7916666666666667 0.5983333333333334 0.016666666666666666 0.01
0 0.8233333333333334 0.615 0.02 0.01
0 0.8550000000000001 0.64 0.01 0.013333333333333334
0 0.6583333333333333 0.6416666666666667 0.030000000000000002 0.043333333333333335
0 0.7283333333333334 0.7116666666666667 0.016666666666666666 0.016666666666666666
0 0.7716666666666667 0.7666666666666667 0.016666666666666666 0.02
