0 0.29000000000000004 0.05 0.02666666666666667 0.02
0 0.32333333333333336 0.07333333333333333 0.02 0.02
0 0.405 0.1366666666666667 0.016666666666666666 0.013333333333333334
0 0.43833333333333335 0.165 0.016666666666666666 0.016666666666666666
0 0.5283333333333333 0.2316666666666667 0.016666666666666666 0.016666666666666666
0 0.5583333333333333 0.255 0.023333333333333334 0.01
0 0.65 0.03166666666666667 0.013333333333333334 0.01
0 0.6833333333333333 0.05333333333333334 0.02 0.013333333333333334
0 0.7266666666666667 0.095 0.02 0.016666666666666666
0 0.7466666666666667 0.055 0.02 0.016666666666666666
0 0.77 0.07666666666666667 0.006666666666666667 0.013333333333333334
