0 0.195 0.4716666666666667 0.39 0.06333333333333334
0 0.5066666666666667 0.47500000000000003 0.19333333333333336 0.043333333333333335
0 0.6683333333333333 0.48000000000000004 0.11 0.04
0 0.8616666666666667 0.4916666666666667 0.26333333333333336 0.03666666666666667
0 0.05 0.6033333333333334 0.09333333333333334 0.03333333333333333
0 0.035 0.6566666666666667 0.07 0.02
0 0.18666666666666668 0.67 0.22 0.02
0 0.29333333333333333 0.6933333333333334 0.12666666666666668 0.02
0 0.41500000000000004 0.7016666666666667 0.09666666666666668 0.016666666666666666
0 0.5066666666666667 0.7166666666666667 0.07333333333333333 0.013333333333333334
0 0.62 0.7283333333333334 0.08 0.023333333333333334
0 0.7033333333333334 0.7366666666666667 0.060000000000000005 0.013333333333333334
0 0.8583333333333334 0.75 0.23 0.02666666666666667
0 0.9033333333333334 0.68 0.18000000000000002 0.03333333333333333
0 0.7300000000000001 0.6683333333333333 0.14666666666666667 0.030000000000000002
0 0.6133333333333334 0.67 0.04666666666666667 0.04
0 0.4 0.6516666666666667 0.18000000000000002 0.023333333333333334
0 0.22 0.6383333333333334 0.16 0.03666666666666667
