0 0.19666666666666668 0.47000000000000003 0.39333333333333337 0.06666666666666667
0 0.4083333333333334 0.4683333333333334 0.030000000000000002 0.03666666666666667
0 0.4516666666666667 0.4766666666666667 0.06333333333333334 0.04
0 0.51 0.48000000000000004 0.05333333333333334 0.05333333333333334
0 0.5683333333333334 0.4816666666666667 0.05 0.043333333333333335
0 0.6166666666666667 0.48500000000000004 0.04 0.03666666666666667
0 0.6833333333333333 0.48333333333333334 0.08666666666666667 0.02666666666666667
0 0.775 0.49000000000000005 0.07666666666666667 0.03333333333333333
0 0.915 0.5 0.16333333333333333 0.03333333333333333
0 0.225 0.6833333333333333 0.17666666666666667 0.02666666666666667
0 0.3866666666666667 0.7016666666666667 0.14 0.023333333333333334
0 0.5066666666666667 0.7133333333333334 0.10666666666666667 0.02
0 0.6166666666666667 0.7300000000000001 0.1 0.02
0 0.7050000000000001 0.7400000000000001 0.07 0.013333333333333334
0 0.8716666666666667 0.7483333333333334 0.25 0.023333333333333334
0 0.03333333333333333 0.6533333333333333 0.06666666666666667 0.02666666666666667
0 0.1 0.6633333333333333 0.06666666666666667 0.013333333333333334
0 0.06166666666666667 0.6066666666666667 0.12333333333333334 0.02666666666666667
0 0.17500000000000002 0.6316666666666667 0.09666666666666668 0.043333333333333335
0 0.2783333333333334 0.6433333333333334 0.10333333333333335 0.04
0 0.38 0.6483333333333334 0.09333333333333334 0.030000000000000002
0 0.4816666666666667 0.6583333333333333 0.09666666666666668 0.030000000000000002
0 0.6133333333333334 0.68 0.05333333333333334 0.02
0 0.5950000000000001 0.6583333333333333 0.11 0.023333333333333334
0 0.7266666666666667 0.6683333333333333 0.14666666666666667 0.030000000000000002
0 0.9016666666666667 0.6816666666666668 0.19 0.03666666666666667
