0 0.9733333333333334 0.08166666666666667 0.04666666666666667 0.06333333333333334
0 0.9750000000000001 0.18333333333333335 0.043333333333333335 0.12666666666666668
0 0.9866666666666667 0.27 0.02 0.04666666666666667
0 0.9316666666666668 0.21166666666666667 0.043333333333333335 0.08333333333333334
0 0.6383333333333334 0.4 0.07 0.05333333333333334
0 0.7016666666666667 0.37000000000000005 0.05 0.04666666666666667
0 0.7516666666666667 0.3433333333333334 0.05 0.04
0 0.8033333333333333 0.31333333333333335 0.05333333333333334 0.04666666666666667
0 0.8566666666666667 0.2816666666666667 0.05333333333333334 0.043333333333333335
0 0.8966666666666667 0.24333333333333335 0.03333333333333333 0.03333333333333333
0 0.5800000000000001 0.4316666666666667 0.060000000000000005 0.05666666666666667
0 0.5266666666666667 0.465 0.05333333333333334 0.043333333333333335
0 0.48333333333333334 0.4966666666666667 0.05333333333333334 0.04666666666666667
0 0.43500000000000005 0.52 0.05 0.04
0 0.385 0.5416666666666667 0.05 0.05666666666666667
0 0.3383333333333334 0.5716666666666667 0.043333333333333335 0.05
0 0.29333333333333333 0.5916666666666667 0.04666666666666667 0.043333333333333335
0 0.24666666666666667 0.625 0.04666666666666667 0.05
0 0.19833333333333333 0.6233333333333334 0.06333333333333334 0.02666666666666667
0 0.17 0.6516666666666667 0.060000000000000005 0.016666666666666666
0 0.05666666666666667 0.7083333333333334 0.05333333333333334 0.043333333333333335
0 0.021666666666666667 0.7316666666666667 0.03666666666666667 0.03666666666666667
0 0.925 0.09000000000000001 0.06333333333333334 0.04666666666666667
0 0.8516666666666667 0.11333333333333334 0.08333333333333334 0.04
0 0.8283333333333334 0.155 0.05666666666666667 0.030000000000000002
0 0.7816666666666667 0.14833333333333334 0.05 0.023333333333333334
0 0.7066666666666667 0.19666666666666668 0.06666666666666667 0.060000000000000005
0 0.6433333333333334 0.225 0.060000000000000005 0.043333333333333335
0 0.5966666666666667 0.265 0.04666666666666667 0.043333333333333335
0 0.5516666666666667 0.3016666666666667 0.043333333333333335 0.03666666666666667
0 0.5133333333333334 0.33166666666666667 0.04666666666666667 0.03666666666666667
0 0.4566666666666667 0.36500000000000005 0.07333333333333333 0.05666666666666667
0 0.395 0.385 0.05666666666666667 0.043333333333333335
0 0.32666666666666666 0.4133333333333334 0.02 0.02666666666666667
0 0.3566666666666667 0.395 0.02 0.023333333333333334
0 0.30833333333333335 0.43833333333333335 0.023333333333333334 0.016666666666666666
0 0.2866666666666667 0.4566666666666667 0.02666666666666667 0.02666666666666667
0 0.2566666666666667 0.4816666666666667 0.02666666666666667 0.03666666666666667
0 0.21833333333333335 0.4816666666666667 0.05 0.030000000000000002
0 0.17 0.49000000000000005 0.060000000000000005 0.02666666666666667
0 0.12166666666666667 0.505 0.03666666666666667 0.030000000000000002
0 0.006666666666666667 0.2833333333333333 0.013333333333333334 0.09333333333333334
0 0.023333333333333334 0.3666666666666667 0.02666666666666667 0.08666666666666667
0 0.03833333333333334 0.46166666666666667 0.03666666666666667 0.09000000000000001
0 0.6066666666666667 0.5866666666666667 0.03333333333333333 0.04
0 0.6383333333333334 0.5750000000000001 0.023333333333333334 0.030000000000000002
0 0.6833333333333333 0.5333333333333333 0.03333333333333333 0.04
0 0.7166666666666667 0.505 0.02 0.023333333333333334
0 0.5816666666666667 0.6216666666666667 0.030000000000000002 0.016666666666666666
0 0.545 0.6416666666666667 0.043333333333333335 0.023333333333333334
0 0.8633333333333334 0.3716666666666667 0.02 0.023333333333333334
0 0.885 0.3516666666666667 0.016666666666666666 0.016666666666666666
0 0.905 0.33666666666666667 0.016666666666666666 0.02
0 0.9266666666666667 0.3216666666666667 0.02 0.023333333333333334
0 0.9550000000000001 0.3066666666666667 0.023333333333333334 0.02666666666666667
0 0.8416666666666667 0.3866666666666667 0.023333333333333334 0.02
0 0.8250000000000001 0.4066666666666667 0.023333333333333334 0.02
0 0.8033333333333333 0.4216666666666667 0.013333333333333334 0.016666666666666666
