0 0.09166666666666667 0.4916666666666667 0.18333333333333335 0.030000000000000002
0 0.24666666666666667 0.5016666666666667 0.11333333333333334 0.030000000000000002
0 0.4516666666666667 0.5133333333333334 0.29000000000000004 0.04666666666666667
0 0.8016666666666667 0.5233333333333333 0.39 0.05333333333333334
0 0.3766666666666667 0.32 0.04666666666666667 0.04
0 0.4266666666666667 0.33666666666666667 0.04666666666666667 0.02
0 0.5033333333333334 0.33 0.1 0.03333333333333333
0 0.6900000000000001 0.3433333333333334 0.26 0.03333333333333333
0 0.8966666666666667 0.38 0.14 0.02666666666666667
0 0.9566666666666668 0.335 0.05333333333333334 0.023333333333333334
0 0.8333333333333334 0.32 0.08 0.013333333333333334
0 0.7200000000000001 0.30833333333333335 0.1 0.023333333333333334
0 0.6033333333333334 0.29000000000000004 0.10666666666666667 0.02
0 0.5066666666666667 0.2783333333333334 0.07333333333333333 0.016666666666666666
0 0.37000000000000005 0.26166666666666666 0.07333333333333333 0.016666666666666666
0 0.29000000000000004 0.255 0.07333333333333333 0.01
0 0.09833333333333334 0.2316666666666667 0.17 0.016666666666666666
0 0.11666666666666667 0.3116666666666667 0.21333333333333335 0.043333333333333335
0 0.28500000000000003 0.32 0.11666666666666667 0.02666666666666667
