0 0.3116666666666667 0.32833333333333337 0.016666666666666666 0.016666666666666666
0 0.5966666666666667 0.26333333333333336 0.02 0.02
0 0.7383333333333334 0.40166666666666667 0.016666666666666666 0.023333333333333334
0 0.76 0.4316666666666667 0.013333333333333334 0.023333333333333334
0 0.775 0.455 0.01 0.016666666666666666
0 0.7866666666666667 0.4916666666666667 0.013333333333333334 0.030000000000000002
0 0.8083333333333333 0.5333333333333333 0.016666666666666666 0.03333333333333333
0 0.8066666666666668 0.5616666666666666 0.02 0.016666666666666666
0 0.8383333333333334 0.5650000000000001 0.023333333333333334 0.01
0 0.8400000000000001 0.5916666666666667 0.02 0.023333333333333334
0 0.8683333333333334 0.6066666666666667 0.016666666666666666 0.02
0 0.885 0.6333333333333334 0.016666666666666666 0.02
0 0.91 0.6683333333333333 0.02 0.030000000000000002
0 0.9316666666666668 0.7116666666666667 0.016666666666666666 0.016666666666666666
