0 0.11166666666666668 0.3716666666666667 0.016666666666666666 0.01
0 0.13333333333333333 0.39666666666666667 0.013333333333333334 0.013333333333333334
0 0.16333333333333333 0.4216666666666667 0.02 0.016666666666666666
0 0.18000000000000002 0.45833333333333337 0.013333333333333334 0.01
0 0.19166666666666668 0.4816666666666667 0.016666666666666666 0.01
0 0.2016666666666667 0.5116666666666667 0.023333333333333334 0.016666666666666666
0 0.22166666666666668 0.5383333333333333 0.016666666666666666 0.016666666666666666
0 0.24166666666666667 0.5700000000000001 0.016666666666666666 0.02
0 0.26 0.6050000000000001 0.02666666666666667 0.023333333333333334
0 0.385 0.7150000000000001 0.023333333333333334 0.023333333333333334
0 0.33666666666666667 0.35500000000000004 0.02 0.030000000000000002
