0 0.14333333333333334 0.8133333333333334 0.02 0.02
0 0.17333333333333334 0.8283333333333334 0.02 0.016666666666666666
0 0.20500000000000002 0.8550000000000001 0.023333333333333334 0.016666666666666666
0 0.25833333333333336 0.895 0.01 0.01
0 0.2866666666666667 0.9083333333333334 0.006666666666666667 0.01
0 0.315 0.9316666666666668 0.023333333333333334 0.016666666666666666
0 0.34833333333333333 0.9516666666666668 0.016666666666666666 0.01
0 0.37833333333333335 0.9716666666666667 0.016666666666666666 0.01
0 0.4116666666666667 0.9883333333333334 0.030000000000000002 0.016666666666666666
0 0.19833333333333333 0.9083333333333334 0.016666666666666666 0.016666666666666666
0 0.23500000000000001 0.9333333333333333 0.023333333333333334 0.013333333333333334
0 0.265 0.9616666666666668 0.023333333333333334 0.016666666666666666
0 0.4133333333333334 0.7116666666666667 0.02 0.016666666666666666
0 0.555 0.8166666666666668 0.016666666666666666 0.02
0 0.6983333333333334 0.935 0.03666666666666667 0.03666666666666667
