0 0.2783333333333334 0.03833333333333334 0.023333333333333334 0.016666666666666666
0 0.3166666666666667 0.07 0.02 0.02
0 0.40166666666666667 0.13166666666666668 0.016666666666666666 0.01
0 0.43500000000000005 0.17333333333333334 0.030000000000000002 0.02
0 0.6266666666666667 0.023333333333333334 0.02666666666666667 0.02666666666666667
0 0.66 0.045000000000000005 0.02666666666666667 0.016666666666666666
0 0.6933333333333334 0.07333333333333333 0.02 0.013333333333333334
0 0.7383333333333334 0.10166666666666667 0.043333333333333335 0.016666666666666666
0 0.7916666666666667 0.135 0.016666666666666666 0.016666666666666666
0 0.8316666666666667 0.16 0.030000000000000002 0.02
0 0.8633333333333334 0.17833333333333334 0.013333333333333334 0.016666666666666666
0 0.7116666666666667 0.025 0.030000000000000002 0.023333333333333334
0 0.7516666666666667 0.05166666666666667 0.023333333333333334 0.016666666666666666
0 0.7783333333333334 0.07500000000000001 0.023333333333333334 0.016666666666666666
0 0.8016666666666667 0.10166666666666667 0.016666666666666666 0.023333333333333334
