0 0.6966666666666667 0.29333333333333333 0.02666666666666667 0.02
0 0.7283333333333334 0.27166666666666667 0.023333333333333334 0.01
0 0.7566666666666667 0.26333333333333336 0.02666666666666667 0.02
0 0.8 0.37833333333333335 0.03333333333333333 0.023333333333333334
0 0.8416666666666667 0.3516666666666667 0.03666666666666667 0.023333333333333334
0 0.9233333333333333 0.28 0.013333333333333334 0.013333333333333334
0 0.9550000000000001 0.26 0.03666666666666667 0.02
0 0.9850000000000001 0.23833333333333334 0.023333333333333334 0.030000000000000002
0 0.6883333333333334 0.4683333333333334 0.023333333333333334 0.023333333333333334
0 0.6633333333333333 0.4966666666666667 0.02666666666666667 0.02
0 0.6000000000000001 0.5366666666666667 0.02666666666666667 0.02
0 0.5816666666666667 0.5633333333333334 0.023333333333333334 0.02
0 0.53 0.5900000000000001 0.02666666666666667 0.02
0 0.44333333333333336 0.6333333333333334 0.03333333333333333 0.02666666666666667
0 0.48333333333333334 0.635 0.03333333333333333 0.023333333333333334
0 0.265 0.7283333333333334 0.05 0.023333333333333334
0 0.32 0.7166666666666667 0.02666666666666667 0.006666666666666667
0 0.37000000000000005 0.6816666666666668 0.02666666666666667 0.01
0 0.021666666666666667 0.64 0.043333333333333335 0.10666666666666667
0 0.06833333333333334 0.66 0.023333333333333334 0.03333333333333333
