0 0.10833333333333334 0.19333333333333336 0.05666666666666667 0.09333333333333334
0 0.16833333333333333 0.21833333333333335 0.05666666666666667 0.08333333333333334
0 0.225 0.23833333333333334 0.05 0.07666666666666667
0 0.27166666666666667 0.26666666666666666 0.03666666666666667 0.06666666666666667
0 0.31 0.2866666666666667 0.04 0.060000000000000005
0 0.35833333333333334 0.32 0.043333333333333335 0.07333333333333333
0 0.4 0.34 0.02666666666666667 0.05333333333333334
0 0.4316666666666667 0.36833333333333335 0.030000000000000002 0.05666666666666667
0 0.4666666666666667 0.3866666666666667 0.03333333333333333 0.06666666666666667
0 0.5033333333333334 0.4166666666666667 0.03333333333333333 0.060000000000000005
0 0.5383333333333333 0.4516666666666667 0.030000000000000002 0.05
0 0.5716666666666667 0.4733333333333334 0.03666666666666667 0.05333333333333334
0 0.6133333333333334 0.48333333333333334 0.03333333333333333 0.04666666666666667
