0 0.55 0.45333333333333337 0.02 0.02
0 0.5216666666666667 0.4816666666666667 0.016666666666666666 0.016666666666666666
0 0.5083333333333334 0.49500000000000005 0.01 0.01
0 0.49833333333333335 0.5083333333333334 0.01 0.01
0 0.48500000000000004 0.5266666666666667 0.01 0.013333333333333334
0 0.46166666666666667 0.5466666666666667 0.016666666666666666 0.006666666666666667
0 0.44833333333333336 0.56 0.01 0.006666666666666667
0 0.4316666666666667 0.5800000000000001 0.016666666666666666 0.013333333333333334
0 0.5966666666666667 0.5316666666666667 0.013333333333333334 0.01
0 0.5850000000000001 0.55 0.01 0.013333333333333334
0 0.5633333333333334 0.5716666666666667 0.006666666666666667 0.01
0 0.545 0.5850000000000001 0.01 0.01
0 0.5283333333333333 0.6000000000000001 0.01 0.013333333333333334
0 0.51 0.6283333333333334 0.013333333333333334 0.016666666666666666
0 0.49000000000000005 0.6466666666666667 0.013333333333333334 0.013333333333333334
0 0.4733333333333334 0.665 0.013333333333333334 0.01
0 0.44333333333333336 0.6833333333333333 0.013333333333333334 0.013333333333333334
0 0.42000000000000004 0.7133333333333334 0.013333333333333334 0.02
0 0.39333333333333337 0.7483333333333334 0.02 0.016666666666666666
0 0.3566666666666667 0.7733333333333334 0.013333333333333334 0.006666666666666667
0 0.2316666666666667 0.8633333333333334 0.03666666666666667 0.02666666666666667
0 0.16166666666666668 0.8983333333333334 0.023333333333333334 0.030000000000000002
0 0.14666666666666667 0.9366666666666668 0.04 0.03333333333333333
0 0.9383333333333334 0.7466666666666667 0.023333333333333334 0.02
0 0.9783333333333334 0.7383333333333334 0.016666666666666666 0.030000000000000002
0 0.9133333333333334 0.7783333333333334 0.02666666666666667 0.023333333333333334
0 0.9550000000000001 0.775 0.016666666666666666 0.023333333333333334
0 0.8833333333333334 0.8183333333333334 0.02 0.03666666666666667
0 0.9133333333333334 0.8333333333333334 0.013333333333333334 0.02666666666666667
0 0.8866666666666667 0.8716666666666667 0.02 0.030000000000000002
0 0.8500000000000001 0.8583333333333334 0.006666666666666667 0.01
0 0.8283333333333334 0.895 0.016666666666666666 0.016666666666666666
0 0.8466666666666667 0.9166666666666667 0.013333333333333334 0.013333333333333334
0 0.7983333333333333 0.9383333333333334 0.023333333333333334 0.030000000000000002
