0 0.7633333333333334 0.12000000000000001 0.02666666666666667 0.02666666666666667
0 0.8216666666666668 0.09666666666666668 0.016666666666666666 0.02666666666666667
0 0.7250000000000001 0.1366666666666667 0.016666666666666666 0.013333333333333334
0 0.6983333333333334 0.15333333333333335 0.01 0.006666666666666667
0 0.6783333333333333 0.17 0.01 0.013333333333333334
0 0.6616666666666667 0.18666666666666668 0.01 0.013333333333333334
0 0.6466666666666667 0.20500000000000002 0.02 0.016666666666666666
0 0.615 0.22666666666666668 0.01 0.013333333333333334
0 0.5983333333333334 0.24500000000000002 0.016666666666666666 0.016666666666666666
0 0.5766666666666667 0.265 0.013333333333333334 0.01
0 0.5533333333333333 0.2916666666666667 0.02666666666666667 0.023333333333333334
0 0.5266666666666667 0.31333333333333335 0.013333333333333334 0.013333333333333334
0 0.505 0.33166666666666667 0.016666666666666666 0.016666666666666666
0 0.48500000000000004 0.3566666666666667 0.01 0.013333333333333334
0 0.4683333333333334 0.3816666666666667 0.016666666666666666 0.023333333333333334
0 0.4416666666666667 0.4083333333333334 0.016666666666666666 0.023333333333333334
0 0.42500000000000004 0.4316666666666667 0.016666666666666666 0.023333333333333334
0 0.395 0.4566666666666667 0.023333333333333334 0.02666666666666667
0 0.555 0.4116666666666667 0.016666666666666666 0.016666666666666666
0 0.5716666666666667 0.39666666666666667 0.016666666666666666 0.013333333333333334
0 0.525 0.44333333333333336 0.016666666666666666 0.02
