0 0.26833333333333337 0.38333333333333336 0.07666666666666667 0.060000000000000005
0 0.30833333333333335 0.44 0.043333333333333335 0.04666666666666667
0 0.36333333333333334 0.28833333333333333 0.05333333333333334 0.16333333333333333
0 0.4666666666666667 0.29833333333333334 0.1 0.15666666666666668
0 0.5516666666666667 0.2566666666666667 0.043333333333333335 0.10666666666666667
0 0.6233333333333334 0.19833333333333333 0.08666666666666667 0.03666666666666667
0 0.7633333333333334 0.24833333333333335 0.15333333333333335 0.09666666666666668
0 0.92 0.25333333333333335 0.12666666666666668 0.04666666666666667
0 0.8266666666666668 0.33166666666666667 0.02 0.05666666666666667
0 0.9516666666666668 0.3216666666666667 0.030000000000000002 0.05666666666666667
0 0.39666666666666667 0.7266666666666667 0.07333333333333333 0.04
0 0.29500000000000004 0.76 0.043333333333333335 0.03333333333333333
