0 0.29333333333333333 0.3516666666666667 0.02666666666666667 0.016666666666666666
0 0.32666666666666666 0.3866666666666667 0.02666666666666667 0.02
0 0.38833333333333336 0.4633333333333334 0.030000000000000002 0.02
0 0.42333333333333334 0.4966666666666667 0.03333333333333333 0.02
0 0.4633333333333334 0.525 0.02666666666666667 0.030000000000000002
0 0.5 0.5583333333333333 0.02666666666666667 0.030000000000000002
0 0.535 0.5950000000000001 0.023333333333333334 0.030000000000000002
0 0.5616666666666666 0.6183333333333334 0.023333333333333334 0.030000000000000002
0 0.6083333333333334 0.6666666666666667 0.030000000000000002 0.02666666666666667
0 0.5166666666666667 0.46166666666666667 0.02 0.016666666666666666
0 0.5466666666666667 0.48833333333333334 0.013333333333333334 0.016666666666666666
0 0.5766666666666667 0.5216666666666667 0.02 0.023333333333333334
0 0.6050000000000001 0.5533333333333333 0.023333333333333334 0.02
0 0.64 0.5766666666666667 0.02 0.013333333333333334
0 0.6683333333333333 0.6066666666666667 0.016666666666666666 0.02666666666666667
0 0.6966666666666667 0.6416666666666667 0.013333333333333334 0.023333333333333334
0 0.7183333333333334 0.67 0.016666666666666666 0.02
0 0.745 0.7000000000000001 0.016666666666666666 0.02
0 0.7733333333333334 0.7366666666666667 0.02 0.03333333333333333
0 0.7983333333333333 0.77 0.016666666666666666 0.013333333333333334
0 0.8266666666666668 0.8016666666666667 0.02 0.023333333333333334
0 0.8400000000000001 0.8683333333333334 0.013333333333333334 0.016666666666666666
0 0.8766666666666667 0.8750000000000001 0.02 0.023333333333333334
0 0.8683333333333334 0.8933333333333334 0.01 0.013333333333333334
0 0.9183333333333334 0.9066666666666667 0.016666666666666666 0.02
0 0.9450000000000001 0.9416666666666668 0.016666666666666666 0.043333333333333335
0 0.9800000000000001 0.9766666666666667 0.02 0.02
