0 0.15333333333333335 0.13166666666666668 0.02666666666666667 0.016666666666666666
0 0.2016666666666667 0.16666666666666669 0.023333333333333334 0.02
0 0.24166666666666667 0.21000000000000002 0.016666666666666666 0.02
0 0.26666666666666666 0.2566666666666667 0.03333333333333333 0.04
0 0.30000000000000004 0.255 0.02666666666666667 0.030000000000000002
0 0.3216666666666667 0.305 0.03666666666666667 0.043333333333333335
0 0.3666666666666667 0.33166666666666667 0.02 0.030000000000000002
0 0.45333333333333337 0.37000000000000005 0.02 0.02
0 0.4783333333333334 0.39666666666666667 0.016666666666666666 0.013333333333333334
0 0.5 0.42000000000000004 0.013333333333333334 0.013333333333333334
0 0.52 0.45 0.013333333333333334 0.02
0 0.5416666666666667 0.48500000000000004 0.016666666666666666 0.023333333333333334
0 0.5583333333333333 0.5283333333333333 0.016666666666666666 0.030000000000000002
0 0.635 0.615 0.023333333333333334 0.023333333333333334
0 0.7466666666666667 0.7066666666666667 0.02666666666666667 0.02
0 0.8333333333333334 0.76 0.02666666666666667 0.03333333333333333
0 0.915 0.7983333333333333 0.023333333333333334 0.023333333333333334
