0 0.7566666666666667 0.20500000000000002 0.02 0.023333333333333334
0 0.7366666666666667 0.22166666666666668 0.02666666666666667 0.023333333333333334
0 0.665 0.27 0.03666666666666667 0.02666666666666667
0 0.5783333333333334 0.335 0.05 0.030000000000000002
0 0.8733333333333334 0.33166666666666667 0.04666666666666667 0.05
0 0.9166666666666667 0.2916666666666667 0.04 0.05
0 0.8350000000000001 0.3666666666666667 0.043333333333333335 0.06666666666666667
0 0.775 0.37833333333333335 0.08333333333333334 0.030000000000000002
0 0.78 0.4133333333333334 0.060000000000000005 0.03333333333333333
0 0.76 0.45333333333333337 0.04666666666666667 0.02666666666666667
0 0.7400000000000001 0.48333333333333334 0.03333333333333333 0.02666666666666667
0 0.7216666666666667 0.5133333333333334 0.023333333333333334 0.02666666666666667
0 0.6900000000000001 0.5333333333333333 0.02666666666666667 0.02666666666666667
0 0.49333333333333335 0.6666666666666667 0.05333333333333334 0.03333333333333333
0 0.12666666666666668 0.6050000000000001 0.02 0.023333333333333334
