0 0.5683333333333334 0.35333333333333333 0.01 0.02
0 0.5466666666666667 0.3816666666666667 0.02 0.016666666666666666
0 0.515 0.4166666666666667 0.016666666666666666 0.02
0 0.4633333333333334 0.44833333333333336 0.02 0.023333333333333334
0 0.43333333333333335 0.49500000000000005 0.02 0.023333333333333334
0 0.3916666666666667 0.5316666666666667 0.016666666666666666 0.030000000000000002
0 0.34 0.5850000000000001 0.02 0.023333333333333334
0 0.31833333333333336 0.6133333333333334 0.016666666666666666 0.02666666666666667
0 0.29333333333333333 0.65 0.02666666666666667 0.03333333333333333
0 0.2566666666666667 0.6916666666666668 0.02666666666666667 0.030000000000000002
0 0.23333333333333334 0.7350000000000001 0.02666666666666667 0.023333333333333334
0 0.195 0.7616666666666667 0.023333333333333334 0.016666666666666666
0 0.7050000000000001 0.2516666666666667 0.023333333333333334 0.016666666666666666
0 0.7433333333333334 0.22833333333333336 0.03333333333333333 0.023333333333333334
0 0.7783333333333334 0.20333333333333334 0.03666666666666667 0.02
0 0.8166666666666668 0.18166666666666667 0.04 0.030000000000000002
0 0.8633333333333334 0.165 0.04666666666666667 0.043333333333333335
0 0.9 0.125 0.03333333333333333 0.03666666666666667
0 0.9533333333333334 0.10666666666666667 0.03333333333333333 0.05333333333333334
