0 0.7333333333333334 0.25833333333333336 0.013333333333333334 0.016666666666666666
0 0.7266666666666667 0.3116666666666667 0.02 0.016666666666666666
0 0.6816666666666668 0.3466666666666667 0.01 0.013333333333333334
0 0.64 0.39666666666666667 0.02 0.02
0 0.5966666666666667 0.4516666666666667 0.02 0.030000000000000002
0 0.5733333333333334 0.4916666666666667 0.013333333333333334 0.023333333333333334
0 0.535 0.5183333333333333 0.023333333333333334 0.030000000000000002
0 0.49500000000000005 0.5516666666666667 0.023333333333333334 0.023333333333333334
0 0.46166666666666667 0.5866666666666667 0.023333333333333334 0.03333333333333333
0 0.4083333333333334 0.6383333333333334 0.016666666666666666 0.016666666666666666
0 0.385 0.6766666666666667 0.016666666666666666 0.02666666666666667
0 0.35333333333333333 0.7166666666666667 0.006666666666666667 0.013333333333333334
0 0.043333333333333335 0.8500000000000001 0.04 0.02666666666666667
0 0.14500000000000002 0.8466666666666667 0.023333333333333334 0.02666666666666667
0 0.2 0.8150000000000001 0.02666666666666667 0.0033333333333333335
0 0.25833333333333336 0.7733333333333334 0.023333333333333334 0.02666666666666667
