0 0.05333333333333334 0.6316666666666667 0.03333333333333333 0.05666666666666667
0 0.10833333333333334 0.6783333333333333 0.030000000000000002 0.030000000000000002
0 0.13333333333333333 0.7216666666666667 0.02666666666666667 0.023333333333333334
0 0.2016666666666667 0.7616666666666667 0.07 0.05666666666666667
0 0.24666666666666667 0.8116666666666668 0.02666666666666667 0.03666666666666667
0 0.28833333333333333 0.8300000000000001 0.043333333333333335 0.05333333333333334
0 0.36333333333333334 0.8600000000000001 0.10666666666666667 0.05333333333333334
0 0.45333333333333337 0.8683333333333334 0.02666666666666667 0.016666666666666666
0 0.5 0.915 0.02666666666666667 0.05
0 0.5483333333333333 0.9616666666666668 0.030000000000000002 0.05
