0 0.19333333333333336 0.2783333333333334 0.02 0.01
0 0.22833333333333336 0.27166666666666667 0.016666666666666666 0.01
0 0.2816666666666667 0.265 0.043333333333333335 0.03666666666666667
0 0.34 0.265 0.04 0.023333333333333334
0 0.39666666666666667 0.2866666666666667 0.02666666666666667 0.04
0 0.45 0.305 0.02666666666666667 0.043333333333333335
0 0.61 0.375 0.02 0.023333333333333334
0 0.6533333333333333 0.4066666666666667 0.02666666666666667 0.013333333333333334
0 0.6833333333333333 0.445 0.03333333333333333 0.030000000000000002
0 0.7116666666666667 0.48333333333333334 0.016666666666666666 0.02666666666666667
0 0.7400000000000001 0.49833333333333335 0.02 0.016666666666666666
0 0.7666666666666667 0.5283333333333333 0.02 0.023333333333333334
0 0.7966666666666667 0.5566666666666668 0.02 0.02
0 0.8300000000000001 0.5916666666666667 0.02 0.023333333333333334
0 0.8583333333333334 0.6266666666666667 0.023333333333333334 0.03333333333333333
0 0.8933333333333334 0.6583333333333333 0.02 0.023333333333333334
0 0.35500000000000004 0.44 0.030000000000000002 0.02
0 0.2 0.30833333333333335 0.02 0.023333333333333334
0 0.6633333333333333 0.66 0.02666666666666667 0.02
0 0.6966666666666667 0.6933333333333334 0.02 0.02
0 0.7150000000000001 0.7183333333333334 0.016666666666666666 0.023333333333333334
0 0.7633333333333334 0.7350000000000001 0.02 0.030000000000000002
0 0.7966666666666667 0.77 0.02 0.03333333333333333
0 0.8350000000000001 0.81 0.030000000000000002 0.04
0 0.8666666666666667 0.8416666666666667 0.013333333333333334 0.023333333333333334
0 0.895 0.8616666666666667 0.016666666666666666 0.016666666666666666
0 0.9166666666666667 0.8966666666666667 0.02 0.02
0 0.9550000000000001 0.925 0.016666666666666666 0.030000000000000002
0 0.545 0.36000000000000004 0.01 0.04666666666666667
0 0.545 0.42833333333333334 0.016666666666666666 0.06333333333333334
0 0.5266666666666667 0.49333333333333335 0.013333333333333334 0.04666666666666667
0 0.5183333333333333 0.555 0.01 0.043333333333333335
0 0.5083333333333334 0.6233333333333334 0.01 0.03333333333333333
