0 0.05166666666666667 0.08 0.030000000000000002 0.02666666666666667
0 0.08333333333333334 0.11333333333333334 0.02 0.02
0 0.11833333333333335 0.14333333333333334 0.016666666666666666 0.02
0 0.14500000000000002 0.17666666666666667 0.023333333333333334 0.02
0 0.18166666666666667 0.21166666666666667 0.030000000000000002 0.030000000000000002
0 0.225 0.24833333333333335 0.030000000000000002 0.023333333333333334
0 0.27666666666666667 0.2733333333333334 0.02 0.02
0 0.3116666666666667 0.31 0.023333333333333334 0.02666666666666667
0 0.33666666666666667 0.325 0.02 0.023333333333333334
0 0.10833333333333334 0.35000000000000003 0.023333333333333334 0.02666666666666667
0 0.13833333333333334 0.38 0.023333333333333334 0.02
0 0.16833333333333333 0.4133333333333334 0.023333333333333334 0.02666666666666667
0 0.19833333333333333 0.4466666666666667 0.016666666666666666 0.02
0 0.225 0.47500000000000003 0.016666666666666666 0.016666666666666666
0 0.26666666666666666 0.5066666666666667 0.03333333333333333 0.02666666666666667
0 0.3016666666666667 0.5433333333333333 0.016666666666666666 0.02
0 0.33166666666666667 0.5733333333333334 0.023333333333333334 0.02666666666666667
0 0.36833333333333335 0.5983333333333334 0.016666666666666666 0.023333333333333334
0 0.405 0.6383333333333334 0.030000000000000002 0.030000000000000002
0 0.5133333333333334 0.6966666666666667 0.03333333333333333 0.02
0 0.5483333333333333 0.6900000000000001 0.023333333333333334 0.04666666666666667
0 0.61 0.7100000000000001 0.06666666666666667 0.05333333333333334
0 0.6633333333333333 0.6916666666666668 0.04 0.030000000000000002
0 0.6966666666666667 0.7366666666666667 0.06666666666666667 0.03333333333333333
0 0.7433333333333334 0.625 0.02 0.023333333333333334
0 0.7733333333333334 0.6666666666666667 0.02666666666666667 0.02
0 0.75 0.7100000000000001 0.03333333333333333 0.04
0 0.6166666666666667 0.5383333333333333 0.02 0.016666666666666666
0 0.6466666666666667 0.555 0.013333333333333334 0.016666666666666666
0 0.6766666666666667 0.5750000000000001 0.02 0.016666666666666666
0 0.7066666666666667 0.5900000000000001 0.02 0.013333333333333334
0 0.4783333333333334 0.41000000000000003 0.01 0.04666666666666667
0 0.4716666666666667 0.4666666666666667 0.01 0.04666666666666667
0 0.4633333333333334 0.53 0.013333333333333334 0.04666666666666667
0 0.45 0.5866666666666667 0.013333333333333334 0.04666666666666667
0 0.44 0.6466666666666667 0.013333333333333334 0.05333333333333334
0 0.4316666666666667 0.7150000000000001 0.0033333333333333335 0.07
0 0.4916666666666667 0.33666666666666667 0.01 0.060000000000000005
