0 0.455 0.41000000000000003 0.023333333333333334 0.04
0 0.48833333333333334 0.4633333333333334 0.023333333333333334 0.03333333333333333
0 0.53 0.49000000000000005 0.02666666666666667 0.04
0 0.5683333333333334 0.5233333333333333 0.030000000000000002 0.04
0 0.6000000000000001 0.56 0.02 0.03333333333333333
0 0.6233333333333334 0.5916666666666667 0.02 0.030000000000000002
0 0.665 0.615 0.023333333333333334 0.03666666666666667
0 0.5016666666666667 0.4 0.030000000000000002 0.02666666666666667
0 0.535 0.4316666666666667 0.023333333333333334 0.023333333333333334
0 0.5650000000000001 0.4766666666666667 0.016666666666666666 0.02666666666666667
0 0.5933333333333334 0.5033333333333334 0.02 0.02
0 0.625 0.53 0.016666666666666666 0.02666666666666667
0 0.6566666666666667 0.5583333333333333 0.02 0.030000000000000002
0 0.6983333333333334 0.5983333333333334 0.01 0.023333333333333334
0 0.7216666666666667 0.65 0.030000000000000002 0.04
0 0.7583333333333334 0.6966666666666667 0.030000000000000002 0.04
0 0.4166666666666667 0.3066666666666667 0.02666666666666667 0.02666666666666667
