0 0.1 0.195 0.06666666666666667 0.09000000000000001
0 0.17333333333333334 0.22333333333333336 0.060000000000000005 0.08
0 0.22833333333333336 0.24166666666666667 0.043333333333333335 0.07666666666666667
0 0.275 0.27 0.043333333333333335 0.06666666666666667
0 0.3216666666666667 0.3016666666666667 0.05 0.07
0 0.3716666666666667 0.33666666666666667 0.05 0.06666666666666667
0 0.4216666666666667 0.37333333333333335 0.043333333333333335 0.09333333333333334
0 0.465 0.385 0.03666666666666667 0.07
0 0.5066666666666667 0.41500000000000004 0.04 0.05666666666666667
0 0.5583333333333333 0.46 0.05 0.04666666666666667
0 0.6133333333333334 0.49833333333333335 0.05333333333333334 0.043333333333333335
