0 0.8500000000000001 0.2733333333333334 0.02 0.02
0 0.9500000000000001 0.265 0.05333333333333334 0.030000000000000002
0 0.9166666666666667 0.3016666666666667 0.06666666666666667 0.043333333333333335
0 0.8600000000000001 0.32666666666666666 0.04 0.04
0 0.8216666666666668 0.3566666666666667 0.03666666666666667 0.04
0 0.7533333333333334 0.4116666666666667 0.03333333333333333 0.030000000000000002
0 0.7250000000000001 0.43333333333333335 0.023333333333333334 0.02666666666666667
0 0.6983333333333334 0.455 0.030000000000000002 0.030000000000000002
0 0.6716666666666667 0.47500000000000003 0.030000000000000002 0.030000000000000002
0 0.645 0.49833333333333335 0.023333333333333334 0.030000000000000002
0 0.61 0.525 0.02 0.030000000000000002
0 0.525 0.5933333333333334 0.016666666666666666 0.02
0 0.5 0.6050000000000001 0.02 0.016666666666666666
0 0.4816666666666667 0.6216666666666667 0.016666666666666666 0.016666666666666666
0 0.785 0.2833333333333333 0.023333333333333334 0.04666666666666667
0 0.755 0.29833333333333334 0.016666666666666666 0.023333333333333334
0 0.7316666666666667 0.335 0.030000000000000002 0.043333333333333335
0 0.7000000000000001 0.3666666666666667 0.04 0.04
0 0.66 0.4 0.04 0.03333333333333333
0 0.6333333333333334 0.43000000000000005 0.03333333333333333 0.03333333333333333
0 0.6000000000000001 0.4566666666666667 0.03333333333333333 0.03333333333333333
0 0.5683333333333334 0.48333333333333334 0.03666666666666667 0.02666666666666667
0 0.5366666666666667 0.5033333333333334 0.03333333333333333 0.03333333333333333
0 0.49833333333333335 0.5233333333333333 0.043333333333333335 0.04
0 0.455 0.5383333333333333 0.03666666666666667 0.03666666666666667
0 0.4216666666666667 0.5700000000000001 0.03666666666666667 0.03333333333333333
0 0.3983333333333334 0.6033333333333334 0.030000000000000002 0.05333333333333334
0 0.36333333333333334 0.6016666666666667 0.03333333333333333 0.023333333333333334
0 0.32666666666666666 0.6333333333333334 0.03333333333333333 0.02666666666666667
0 0.2866666666666667 0.66 0.02666666666666667 0.02666666666666667
0 0.255 0.675 0.016666666666666666 0.016666666666666666
0 0.16666666666666669 0.7783333333333334 0.060000000000000005 0.05
0 0.2066666666666667 0.7100000000000001 0.013333333333333334 0.013333333333333334
0 0.115 0.78 0.016666666666666666 0.013333333333333334
0 0.09333333333333334 0.8416666666666667 0.04666666666666667 0.05666666666666667
