0 0.9066666666666667 0.14166666666666666 0.03333333333333333 0.05
0 0.8516666666666667 0.14500000000000002 0.03666666666666667 0.016666666666666666
0 0.8333333333333334 0.18666666666666668 0.03333333333333333 0.05333333333333334
0 0.8 0.21000000000000002 0.03333333333333333 0.04666666666666667
0 0.8066666666666668 0.24833333333333335 0.02 0.016666666666666666
0 0.785 0.26833333333333337 0.016666666666666666 0.016666666666666666
0 0.7583333333333334 0.2833333333333333 0.01 0.013333333333333334
0 0.7383333333333334 0.305 0.016666666666666666 0.023333333333333334
0 0.7083333333333334 0.3166666666666667 0.023333333333333334 0.02
0 0.67 0.34500000000000003 0.04 0.030000000000000002
0 0.5883333333333334 0.36833333333333335 0.016666666666666666 0.03666666666666667
0 0.6216666666666667 0.3916666666666667 0.023333333333333334 0.023333333333333334
0 0.5866666666666667 0.4033333333333334 0.02666666666666667 0.02666666666666667
0 0.5616666666666666 0.42333333333333334 0.023333333333333334 0.04
0 0.5333333333333333 0.43500000000000005 0.02 0.030000000000000002
0 0.5 0.4566666666666667 0.02 0.02666666666666667
0 0.465 0.4733333333333334 0.03666666666666667 0.02666666666666667
0 0.4316666666666667 0.4966666666666667 0.030000000000000002 0.02666666666666667
0 0.3983333333333334 0.5133333333333334 0.030000000000000002 0.03333333333333333
0 0.3716666666666667 0.5516666666666667 0.030000000000000002 0.03666666666666667
0 0.3383333333333334 0.5766666666666667 0.030000000000000002 0.02666666666666667
0 0.3166666666666667 0.6033333333333334 0.03333333333333333 0.03333333333333333
0 0.28500000000000003 0.625 0.03666666666666667 0.030000000000000002
0 0.24833333333333335 0.6516666666666667 0.043333333333333335 0.043333333333333335
0 0.21500000000000002 0.6933333333333334 0.03666666666666667 0.04
0 0.16666666666666669 0.7283333333333334 0.02 0.016666666666666666
0 0.07333333333333333 0.6766666666666667 0.04666666666666667 0.03333333333333333
0 0.11666666666666667 0.6633333333333333 0.03333333333333333 0.03333333333333333
0 0.03666666666666667 0.7133333333333334 0.05333333333333334 0.03333333333333333
0 0.15666666666666668 0.6283333333333334 0.02666666666666667 0.016666666666666666
0 0.18000000000000002 0.61 0.02666666666666667 0.013333333333333334
0 0.3166666666666667 0.5133333333333334 0.02 0.02
0 0.35000000000000003 0.48000000000000004 0.02666666666666667 0.02666666666666667
0 0.375 0.45833333333333337 0.030000000000000002 0.023333333333333334
0 0.41000000000000003 0.4316666666666667 0.013333333333333334 0.01
0 0.43500000000000005 0.4133333333333334 0.016666666666666666 0.013333333333333334
0 0.45833333333333337 0.405 0.016666666666666666 0.01
0 0.28833333333333333 0.5216666666666667 0.016666666666666666 0.023333333333333334
0 0.275 0.545 0.016666666666666666 0.016666666666666666
0 0.24500000000000002 0.56 0.01 0.013333333333333334
0 0.22166666666666668 0.5800000000000001 0.016666666666666666 0.013333333333333334
