0 0.02666666666666667 0.33666666666666667 0.04 0.03333333333333333
0 0.08166666666666667 0.3716666666666667 0.03666666666666667 0.043333333333333335
0 0.12666666666666668 0.4066666666666667 0.03333333333333333 0.03333333333333333
0 0.18000000000000002 0.43500000000000005 0.03333333333333333 0.03666666666666667
0 0.4116666666666667 0.5933333333333334 0.030000000000000002 0.02
0 0.4633333333333334 0.625 0.04 0.030000000000000002
0 0.5133333333333334 0.655 0.02666666666666667 0.030000000000000002
0 0.5516666666666667 0.6883333333333334 0.030000000000000002 0.030000000000000002
0 0.5950000000000001 0.7150000000000001 0.023333333333333334 0.023333333333333334
0 0.6233333333333334 0.7416666666666667 0.02 0.016666666666666666
0 0.665 0.7766666666666667 0.030000000000000002 0.02666666666666667
