0 0.5716666666666667 0.33666666666666667 0.05666666666666667 0.04666666666666667
0 0.65 0.2833333333333333 0.02 0.02666666666666667
0 0.6783333333333333 0.26333333333333336 0.03666666666666667 0.02666666666666667
0 0.7216666666666667 0.2366666666666667 0.023333333333333334 0.02
0 0.745 0.21666666666666667 0.016666666666666666 0.02
0 0.88 0.31833333333333336 0.04 0.043333333333333335
0 0.8500000000000001 0.35000000000000003 0.03333333333333333 0.05333333333333334
0 0.8150000000000001 0.3716666666666667 0.03666666666666667 0.05666666666666667
0 0.7716666666666667 0.375 0.05 0.03666666666666667
0 0.77 0.405 0.03333333333333333 0.016666666666666666
0 0.76 0.43000000000000005 0.060000000000000005 0.02666666666666667
0 0.7533333333333334 0.46 0.04 0.02666666666666667
0 0.7350000000000001 0.49000000000000005 0.030000000000000002 0.02666666666666667
0 0.7116666666666667 0.515 0.023333333333333334 0.023333333333333334
0 0.68 0.5383333333333333 0.03333333333333333 0.03666666666666667
0 0.4966666666666667 0.6666666666666667 0.05333333333333334 0.03333333333333333
0 0.7300000000000001 0.3866666666666667 0.02666666666666667 0.02
0 0.5366666666666667 0.47000000000000003 0.013333333333333334 0.013333333333333334
0 0.5516666666666667 0.4633333333333334 0.01 0.013333333333333334
0 0.515 0.48000000000000004 0.01 0.013333333333333334
0 0.48333333333333334 0.4916666666666667 0.04666666666666667 0.01
0 0.625 0.43500000000000005 0.043333333333333335 0.01
