0 0.38833333333333336 0.26833333333333337 0.03666666666666667 0.030000000000000002
0 0.42833333333333334 0.30333333333333334 0.030000000000000002 0.02
0 0.4683333333333334 0.33 0.030000000000000002 0.02666666666666667
0 0.505 0.3566666666666667 0.023333333333333334 0.03333333333333333
0 0.5566666666666668 0.3816666666666667 0.02666666666666667 0.043333333333333335
0 0.6000000000000001 0.4133333333333334 0.03333333333333333 0.03333333333333333
0 0.6416666666666667 0.4266666666666667 0.016666666666666666 0.02
0 0.6716666666666667 0.4683333333333334 0.030000000000000002 0.030000000000000002
0 0.7133333333333334 0.4766666666666667 0.02 0.02
0 0.7216666666666667 0.505 0.023333333333333334 0.023333333333333334
0 0.7566666666666667 0.5283333333333333 0.02 0.023333333333333334
0 0.7883333333333333 0.5166666666666667 0.023333333333333334 0.03333333333333333
0 0.8283333333333334 0.5700000000000001 0.05 0.03333333333333333
0 0.8933333333333334 0.615 0.04666666666666667 0.043333333333333335
0 0.9500000000000001 0.6483333333333334 0.04 0.043333333333333335
