0 0.03333333333333333 0.03666666666666667 0.03333333333333333 0.02666666666666667
0 0.07166666666666667 0.06666666666666667 0.016666666666666666 0.006666666666666667
0 0.12000000000000001 0.10166666666666667 0.02 0.023333333333333334
0 0.15666666666666668 0.14 0.02 0.02
0 0.19833333333333333 0.16833333333333333 0.016666666666666666 0.016666666666666666
0 0.24333333333333335 0.19833333333333333 0.02666666666666667 0.016666666666666666
0 0.30833333333333335 0.2566666666666667 0.07 0.05333333333333334
0 0.395 0.32 0.06333333333333334 0.05333333333333334
0 0.46166666666666667 0.3666666666666667 0.043333333333333335 0.04666666666666667
0 0.52 0.42333333333333334 0.05333333333333334 0.060000000000000005
0 0.5750000000000001 0.48500000000000004 0.05 0.05
0 0.6333333333333334 0.5416666666666667 0.04 0.05
0 0.6916666666666668 0.6066666666666667 0.06333333333333334 0.07333333333333333
0 0.75 0.6516666666666667 0.02666666666666667 0.030000000000000002
0 0.785 0.6900000000000001 0.030000000000000002 0.03333333333333333
0 0.8283333333333334 0.7350000000000001 0.030000000000000002 0.030000000000000002
0 0.8783333333333334 0.7983333333333333 0.030000000000000002 0.03666666666666667
0 0.9166666666666667 0.8350000000000001 0.02 0.030000000000000002
0 0.9566666666666668 0.885 0.02666666666666667 0.030000000000000002
