0 0.255 0.4466666666666667 0.05 0.12666666666666668
0 0.47000000000000003 0.48000000000000004 0.04 0.12000000000000001
0 0.060000000000000005 0.5316666666666667 0.013333333333333334 0.01
0 0.01 0.45333333333333337 0.02 0.11333333333333334
0 0.10500000000000001 0.5533333333333333 0.023333333333333334 0.02
0 0.16 0.5933333333333334 0.04666666666666667 0.03333333333333333
0 0.23333333333333334 0.6233333333333334 0.03333333333333333 0.04666666666666667
0 0.2916666666666667 0.62 0.03666666666666667 0.06666666666666667
0 0.32666666666666666 0.6616666666666667 0.04666666666666667 0.05666666666666667
0 0.3816666666666667 0.6966666666666667 0.043333333333333335 0.04666666666666667
0 0.43500000000000005 0.7416666666666667 0.03666666666666667 0.016666666666666666
0 0.48000000000000004 0.765 0.02666666666666667 0.016666666666666666
0 0.5333333333333333 0.7966666666666667 0.02666666666666667 0.02666666666666667
0 0.5816666666666667 0.8450000000000001 0.023333333333333334 0.023333333333333334
0 0.6216666666666667 0.885 0.043333333333333335 0.05
0 0.7083333333333334 0.8966666666666667 0.016666666666666666 0.07333333333333333
0 0.7516666666666667 0.8600000000000001 0.01 0.11333333333333334
0 0.8133333333333334 0.8633333333333334 0.04 0.1
0 0.8783333333333334 0.9016666666666667 0.030000000000000002 0.09666666666666668
0 0.92 0.9650000000000001 0.04 0.05666666666666667
0 0.9750000000000001 0.9283333333333333 0.016666666666666666 0.03666666666666667
