0 0.5216666666666667 0.4916666666666667 0.03666666666666667 0.14333333333333334
0 0.7383333333333334 0.5483333333333333 0.05 0.12333333333333334
0 0.025 0.03333333333333333 0.03666666666666667 0.06666666666666667
0 0.08166666666666667 0.03166666666666667 0.05666666666666667 0.043333333333333335
0 0.12166666666666667 0.08666666666666667 0.016666666666666666 0.06666666666666667
0 0.17500000000000002 0.125 0.05 0.09666666666666668
0 0.22833333333333336 0.14333333333333334 0.01 0.1
0 0.2783333333333334 0.095 0.023333333333333334 0.05
0 0.375 0.13166666666666668 0.03666666666666667 0.06333333333333334
0 0.4416666666666667 0.18166666666666667 0.05 0.05666666666666667
0 0.49833333333333335 0.22166666666666668 0.03666666666666667 0.023333333333333334
0 0.5483333333333333 0.24166666666666667 0.03666666666666667 0.043333333333333335
0 0.5800000000000001 0.2816666666666667 0.02666666666666667 0.023333333333333334
0 0.6416666666666667 0.3216666666666667 0.030000000000000002 0.043333333333333335
0 0.6833333333333333 0.34500000000000003 0.02666666666666667 0.07666666666666667
0 0.7583333333333334 0.37000000000000005 0.07 0.06666666666666667
0 0.8250000000000001 0.39 0.05 0.04666666666666667
0 0.9833333333333334 0.5650000000000001 0.02666666666666667 0.14333333333333334
