0 0.4866666666666667 0.33 0.03333333333333333 0.02666666666666667
0 0.31333333333333335 0.445 0.013333333333333334 0.043333333333333335
0 0.28 0.4716666666666667 0.02666666666666667 0.023333333333333334
0 0.26333333333333336 0.4966666666666667 0.02 0.02666666666666667
0 0.24500000000000002 0.5183333333333333 0.023333333333333334 0.023333333333333334
0 0.225 0.54 0.023333333333333334 0.013333333333333334
0 0.25 0.5533333333333333 0.013333333333333334 0.013333333333333334
0 0.22666666666666668 0.5633333333333334 0.02666666666666667 0.02
0 0.2 0.5750000000000001 0.02666666666666667 0.01
0 0.17833333333333334 0.5916666666666667 0.016666666666666666 0.01
0 0.22 0.5900000000000001 0.013333333333333334 0.013333333333333334
0 0.2 0.5933333333333334 0.013333333333333334 0.013333333333333334
0 0.17500000000000002 0.61 0.016666666666666666 0.013333333333333334
0 0.26833333333333337 0.6016666666666667 0.016666666666666666 0.016666666666666666
0 0.24666666666666667 0.6166666666666667 0.02 0.02
0 0.21666666666666667 0.625 0.02666666666666667 0.01
0 0.18666666666666668 0.64 0.02 0.013333333333333334
0 0.5316666666666667 0.315 0.016666666666666666 0.030000000000000002
0 0.15000000000000002 0.6016666666666667 0.013333333333333334 0.01
0 0.15166666666666667 0.6183333333333334 0.016666666666666666 0.016666666666666666
0 0.13166666666666668 0.635 0.016666666666666666 0.016666666666666666
0 0.11333333333333334 0.655 0.013333333333333334 0.016666666666666666
0 0.15833333333333335 0.655 0.01 0.0033333333333333335
0 0.135 0.6733333333333333 0.016666666666666666 0.013333333333333334
0 0.42833333333333334 0.64 0.016666666666666666 0.02
0 0.40166666666666667 0.6566666666666667 0.016666666666666666 0.02
0 0.31833333333333336 0.7250000000000001 0.016666666666666666 0.016666666666666666
