0 0.38833333333333336 0.27 0.023333333333333334 0.03333333333333333
0 0.2366666666666667 0.42000000000000004 0.02 0.02
0 0.225 0.4466666666666667 0.016666666666666666 0.02
0 0.21333333333333335 0.4666666666666667 0.02666666666666667 0.02
0 0.195 0.49500000000000005 0.030000000000000002 0.023333333333333334
0 0.18666666666666668 0.525 0.03333333333333333 0.030000000000000002
0 0.1716666666666667 0.5566666666666668 0.023333333333333334 0.02
0 0.14333333333333334 0.5783333333333334 0.02666666666666667 0.023333333333333334
0 0.13166666666666668 0.6033333333333334 0.023333333333333334 0.02
0 0.11 0.6233333333333334 0.02 0.02666666666666667
0 0.09166666666666667 0.645 0.016666666666666666 0.016666666666666666
0 0.16333333333333333 0.615 0.013333333333333334 0.016666666666666666
0 0.18333333333333335 0.6033333333333334 0.013333333333333334 0.02
0 0.14 0.635 0.02 0.016666666666666666
0 0.6766666666666667 0.33666666666666667 0.013333333333333334 0.02
0 0.3466666666666667 0.6283333333333334 0.02 0.023333333333333334
0 0.33 0.6466666666666667 0.02 0.02
0 0.26166666666666666 0.7200000000000001 0.016666666666666666 0.02
0 0.24000000000000002 0.7316666666666667 0.013333333333333334 0.01
0 0.07666666666666667 0.6733333333333333 0.02666666666666667 0.02666666666666667
