0 0.8200000000000001 0.155 0.09333333333333334 0.043333333333333335
0 0.7433333333333334 0.4 0.10666666666666667 0.060000000000000005
0 0.31833333333333336 0.4033333333333334 0.6233333333333334 0.12666666666666668
0 0.07333333333333333 0.5116666666666667 0.14666666666666667 0.07666666666666667
0 0.935 0.8150000000000001 0.12333333333333334 0.03666666666666667
0 0.7166666666666667 0.8966666666666667 0.22666666666666668 0.06666666666666667
0 0.5616666666666666 0.8916666666666667 0.023333333333333334 0.030000000000000002
0 0.4633333333333334 0.7933333333333333 0.013333333333333334 0.02666666666666667
0 0.4316666666666667 0.6866666666666668 0.01 0.02
0 0.44 0.7250000000000001 0.013333333333333334 0.023333333333333334
0 0.445 0.76 0.01 0.013333333333333334
0 0.44333333333333336 0.795 0.02 0.023333333333333334
0 0.42833333333333334 0.7516666666666667 0.01 0.030000000000000002
0 0.41000000000000003 0.7333333333333334 0.013333333333333334 0.02666666666666667
0 0.4066666666666667 0.7633333333333334 0.013333333333333334 0.013333333333333334
0 0.3566666666666667 0.6933333333333334 0.013333333333333334 0.03333333333333333
0 0.3416666666666667 0.7250000000000001 0.016666666666666666 0.023333333333333334
0 0.335 0.7366666666666667 0.01 0.02666666666666667
0 0.25 0.7133333333333334 0.013333333333333334 0.060000000000000005
0 0.24000000000000002 0.6833333333333333 0.013333333333333334 0.04
0 0.22166666666666668 0.6983333333333334 0.01 0.023333333333333334
0 0.23 0.7266666666666667 0.006666666666666667 0.02
0 0.21333333333333335 0.7250000000000001 0.006666666666666667 0.023333333333333334
0 0.16166666666666668 0.5950000000000001 0.01 0.023333333333333334
0 0.14 0.5983333333333334 0.013333333333333334 0.043333333333333335
0 0.165 0.6516666666666667 0.01 0.03666666666666667
0 0.18666666666666668 0.7350000000000001 0.006666666666666667 0.03666666666666667
0 0.17500000000000002 0.7150000000000001 0.016666666666666666 0.05666666666666667
0 0.09333333333333334 0.5966666666666667 0.013333333333333334 0.04
0 0.08166666666666667 0.5966666666666667 0.01 0.02666666666666667
0 0.02 0.5966666666666667 0.006666666666666667 0.02
0 0.04666666666666667 0.6000000000000001 0.013333333333333334 0.02
0 0.10500000000000001 0.6666666666666667 0.01 0.02
0 0.135 0.7016666666666667 0.01 0.023333333333333334
0 0.07666666666666667 0.8 0.013333333333333334 0.04
0 0.06666666666666667 0.8066666666666668 0.013333333333333334 0.04666666666666667
0 0.26833333333333337 0.8883333333333334 0.49000000000000005 0.09000000000000001
0 0.04 0.6883333333333334 0.08 0.043333333333333335
