0 0.7033333333333334 0.05333333333333334 0.02666666666666667 0.03333333333333333
0 0.6733333333333333 0.07333333333333333 0.02 0.02
0 0.55 0.165 0.02666666666666667 0.030000000000000002
0 0.5750000000000001 0.14 0.016666666666666666 0.02
0 0.5033333333333334 0.195 0.013333333333333334 0.01
0 0.4633333333333334 0.22666666666666668 0.02 0.02
0 0.445 0.24500000000000002 0.023333333333333334 0.023333333333333334
0 0.3916666666666667 0.015000000000000001 0.016666666666666666 0.023333333333333334
0 0.3616666666666667 0.028333333333333335 0.016666666666666666 0.016666666666666666
0 0.33333333333333337 0.04666666666666667 0.02 0.02
0 0.305 0.06333333333333334 0.016666666666666666 0.013333333333333334
0 0.2816666666666667 0.08666666666666667 0.030000000000000002 0.02
0 0.28500000000000003 0.013333333333333334 0.030000000000000002 0.02
0 0.2566666666666667 0.035 0.02 0.023333333333333334
0 0.23333333333333334 0.058333333333333334 0.02666666666666667 0.023333333333333334
0 0.21333333333333335 0.08166666666666667 0.02 0.023333333333333334
0 0.19666666666666668 0.095 0.013333333333333334 0.016666666666666666
0 0.1716666666666667 0.11166666666666668 0.016666666666666666 0.016666666666666666
0 0.2066666666666667 0.12666666666666668 0.02 0.02
0 0.18500000000000003 0.14500000000000002 0.023333333333333334 0.023333333333333334
0 0.15166666666666667 0.155 0.023333333333333334 0.043333333333333335
