0 0.9716666666666667 0.125 0.05 0.12333333333333334
0 0.8866666666666667 0.20333333333333334 0.08 0.12666666666666668
0 0.7833333333333334 0.2916666666666667 0.09333333333333334 0.08333333333333334
0 0.6983333333333334 0.3566666666666667 0.1366666666666667 0.10666666666666667
0 0.5700000000000001 0.43333333333333335 0.10666666666666667 0.08666666666666667
0 0.4683333333333334 0.4966666666666667 0.12333333333333334 0.09333333333333334
0 0.38833333333333336 0.5583333333333333 0.12333333333333334 0.07666666666666667
0 0.31333333333333335 0.615 0.11333333333333334 0.08333333333333334
0 0.23 0.6766666666666667 0.10666666666666667 0.06666666666666667
0 0.15333333333333335 0.7400000000000001 0.11333333333333334 0.07333333333333333
0 0.060000000000000005 0.775 0.08 0.05666666666666667
0 0.19666666666666668 0.8200000000000001 0.03333333333333333 0.02
0 0.6716666666666667 0.46166666666666667 0.030000000000000002 0.030000000000000002
0 0.6183333333333334 0.5 0.043333333333333335 0.02
0 0.5616666666666666 0.525 0.016666666666666666 0.030000000000000002
0 0.39666666666666667 0.6383333333333334 0.02666666666666667 0.01
