0 0.011666666666666667 0.8233333333333334 0.023333333333333334 0.2066666666666667
0 0.04666666666666667 0.7683333333333334 0.04666666666666667 0.08333333333333334
0 0.09166666666666667 0.75 0.03666666666666667 0.02666666666666667
0 0.1366666666666667 0.7150000000000001 0.04666666666666667 0.030000000000000002
0 0.18833333333333335 0.685 0.05666666666666667 0.030000000000000002
0 0.23500000000000001 0.6483333333333334 0.03666666666666667 0.023333333333333334
0 0.2516666666666667 0.6216666666666667 0.0033333333333333335 0.023333333333333334
0 0.28500000000000003 0.6133333333333334 0.03666666666666667 0.04666666666666667
0 0.335 0.5966666666666667 0.05666666666666667 0.04666666666666667
0 0.3916666666666667 0.5700000000000001 0.05666666666666667 0.060000000000000005
0 0.45 0.5383333333333333 0.04666666666666667 0.05
0 0.49500000000000005 0.5066666666666667 0.043333333333333335 0.04666666666666667
0 0.5466666666666667 0.47500000000000003 0.060000000000000005 0.043333333333333335
0 0.6316666666666667 0.43000000000000005 0.030000000000000002 0.03333333333333333
0 0.665 0.4116666666666667 0.030000000000000002 0.030000000000000002
0 0.6983333333333334 0.39333333333333337 0.030000000000000002 0.03333333333333333
0 0.7350000000000001 0.3766666666666667 0.03666666666666667 0.03333333333333333
0 0.775 0.37000000000000005 0.030000000000000002 0.02
0 0.8166666666666668 0.3516666666666667 0.04666666666666667 0.023333333333333334
0 0.9550000000000001 0.26666666666666666 0.07666666666666667 0.02666666666666667
0 0.3816666666666667 0.40166666666666667 0.023333333333333334 0.030000000000000002
0 0.4083333333333334 0.3716666666666667 0.016666666666666666 0.016666666666666666
0 0.43000000000000005 0.35333333333333333 0.013333333333333334 0.02
0 0.45333333333333337 0.33666666666666667 0.02 0.02
0 0.3066666666666667 0.45833333333333337 0.02 0.023333333333333334
0 0.055 0.9083333333333334 0.05 0.030000000000000002
0 0.11166666666666668 0.885 0.05666666666666667 0.030000000000000002
0 0.1716666666666667 0.8500000000000001 0.05 0.03333333333333333
0 0.275 0.805 0.043333333333333335 0.043333333333333335
0 0.22166666666666668 0.8400000000000001 0.05 0.02
0 0.32833333333333337 0.7766666666666667 0.05666666666666667 0.04
0 0.37833333333333335 0.7483333333333334 0.03666666666666667 0.030000000000000002
0 0.4133333333333334 0.7150000000000001 0.03333333333333333 0.043333333333333335
0 0.44 0.6916666666666668 0.02666666666666667 0.03666666666666667
0 0.4733333333333334 0.66 0.03333333333333333 0.03333333333333333
0 0.5233333333333333 0.6383333333333334 0.06666666666666667 0.03666666666666667
0 0.5816666666666667 0.6083333333333334 0.05666666666666667 0.043333333333333335
