0 0.48333333333333334 0.33166666666666667 0.03333333333333333 0.023333333333333334
0 0.5283333333333333 0.3116666666666667 0.016666666666666666 0.023333333333333334
0 0.315 0.44 0.023333333333333334 0.05333333333333334
0 0.2833333333333333 0.465 0.02666666666666667 0.023333333333333334
0 0.265 0.4966666666666667 0.023333333333333334 0.03333333333333333
0 0.23833333333333334 0.5266666666666667 0.023333333333333334 0.02666666666666667
0 0.23833333333333334 0.5616666666666666 0.030000000000000002 0.016666666666666666
0 0.19666666666666668 0.5766666666666667 0.04 0.02
0 0.21333333333333335 0.545 0.013333333333333334 0.016666666666666666
0 0.24000000000000002 0.61 0.02 0.02
0 0.21833333333333335 0.6166666666666667 0.01 0.013333333333333334
0 0.19833333333333333 0.6283333333333334 0.01 0.016666666666666666
0 0.17333333333333334 0.6416666666666667 0.02 0.023333333333333334
0 0.16833333333333333 0.6016666666666667 0.016666666666666666 0.016666666666666666
0 0.14166666666666666 0.6233333333333334 0.030000000000000002 0.02666666666666667
0 0.14833333333333334 0.655 0.016666666666666666 0.016666666666666666
0 0.11 0.655 0.02 0.023333333333333334
0 0.085 0.6733333333333333 0.016666666666666666 0.013333333333333334
0 0.8566666666666667 0.38333333333333336 0.013333333333333334 0.013333333333333334
0 0.42500000000000004 0.6466666666666667 0.016666666666666666 0.02
0 0.4 0.6616666666666667 0.02666666666666667 0.016666666666666666
0 0.32333333333333336 0.7150000000000001 0.013333333333333334 0.023333333333333334
0 0.34 0.7000000000000001 0.013333333333333334 0.013333333333333334
0 0.29333333333333333 0.7300000000000001 0.02666666666666667 0.013333333333333334
