0 0.56 0.34833333333333333 0.02666666666666667 0.016666666666666666
0 0.5916666666666667 0.32666666666666666 0.016666666666666666 0.02
0 0.645 0.28833333333333333 0.016666666666666666 0.01
0 0.665 0.27 0.016666666666666666 0.02666666666666667
0 0.6933333333333334 0.25833333333333336 0.02 0.01
0 0.7183333333333334 0.23833333333333334 0.016666666666666666 0.01
0 0.7333333333333334 0.23 0.013333333333333334 0.013333333333333334
0 0.75 0.21500000000000002 0.013333333333333334 0.016666666666666666
0 0.9066666666666667 0.29833333333333334 0.03333333333333333 0.043333333333333335
0 0.8716666666666667 0.32833333333333337 0.030000000000000002 0.05
0 0.8416666666666667 0.35333333333333333 0.03666666666666667 0.060000000000000005
0 0.7916666666666667 0.35833333333333334 0.05666666666666667 0.023333333333333334
0 0.795 0.3983333333333334 0.05666666666666667 0.016666666666666666
0 0.7766666666666667 0.42333333333333334 0.06666666666666667 0.02
0 0.7666666666666667 0.45 0.03333333333333333 0.02666666666666667
0 0.745 0.47500000000000003 0.03666666666666667 0.030000000000000002
0 0.7250000000000001 0.5016666666666667 0.030000000000000002 0.023333333333333334
0 0.7016666666666667 0.5283333333333333 0.030000000000000002 0.023333333333333334
0 0.675 0.5483333333333333 0.023333333333333334 0.043333333333333335
0 0.49833333333333335 0.6666666666666667 0.05 0.02666666666666667
0 0.54 0.6483333333333334 0.02666666666666667 0.023333333333333334
0 0.7466666666666667 0.37833333333333335 0.03333333333333333 0.023333333333333334
0 0.6766666666666667 0.4466666666666667 0.02666666666666667 0.013333333333333334
0 0.7066666666666667 0.43333333333333335 0.02666666666666667 0.013333333333333334
0 0.7183333333333334 0.39666666666666667 0.016666666666666666 0.02
0 0.5383333333333333 0.4666666666666667 0.016666666666666666 0.013333333333333334
0 0.5616666666666666 0.46 0.016666666666666666 0.013333333333333334
0 0.5066666666666667 0.48000000000000004 0.02666666666666667 0.013333333333333334
0 0.4733333333333334 0.49000000000000005 0.03333333333333333 0.013333333333333334
0 0.12833333333333335 0.6016666666666667 0.016666666666666666 0.023333333333333334
