0 0.48833333333333334 0.32833333333333337 0.03666666666666667 0.016666666666666666
0 0.5316666666666667 0.31833333333333336 0.016666666666666666 0.023333333333333334
0 0.3116666666666667 0.4466666666666667 0.030000000000000002 0.03333333333333333
0 0.2783333333333334 0.4716666666666667 0.023333333333333334 0.016666666666666666
0 0.255 0.5 0.023333333333333334 0.02
0 0.23833333333333334 0.53 0.023333333333333334 0.02
0 0.21833333333333335 0.5483333333333333 0.016666666666666666 0.01
0 0.24333333333333335 0.5566666666666668 0.013333333333333334 0.013333333333333334
0 0.225 0.5683333333333334 0.016666666666666666 0.01
0 0.2016666666666667 0.5733333333333334 0.016666666666666666 0.013333333333333334
0 0.18500000000000003 0.5800000000000001 0.01 0.006666666666666667
0 0.23 0.5900000000000001 0.013333333333333334 0.013333333333333334
0 0.20500000000000002 0.5933333333333334 0.023333333333333334 0.013333333333333334
0 0.17500000000000002 0.6066666666666667 0.023333333333333334 0.013333333333333334
0 0.255 0.6066666666666667 0.016666666666666666 0.02
0 0.2316666666666667 0.6216666666666667 0.016666666666666666 0.016666666666666666
0 0.2066666666666667 0.6283333333333334 0.03333333333333333 0.016666666666666666
0 0.17500000000000002 0.64 0.023333333333333334 0.02
0 0.15000000000000002 0.62 0.02 0.013333333333333334
0 0.13 0.635 0.02 0.016666666666666666
0 0.11666666666666667 0.6566666666666667 0.02 0.02
0 0.42833333333333334 0.6416666666666667 0.016666666666666666 0.016666666666666666
0 0.4066666666666667 0.665 0.02 0.016666666666666666
0 0.325 0.7183333333333334 0.016666666666666666 0.016666666666666666
0 0.8583333333333334 0.38 0.016666666666666666 0.02
