0 0.021666666666666667 0.35000000000000003 0.043333333333333335 0.13333333333333333
0 0.5900000000000001 0.665 0.03333333333333333 0.03666666666666667
0 0.6383333333333334 0.7000000000000001 0.03666666666666667 0.02
0 0.265 0.25833333333333336 0.030000000000000002 0.016666666666666666
0 0.3066666666666667 0.27666666666666667 0.03333333333333333 0.02
0 0.34833333333333333 0.2916666666666667 0.030000000000000002 0.01
0 0.395 0.31333333333333335 0.043333333333333335 0.02
0 0.43833333333333335 0.34500000000000003 0.030000000000000002 0.023333333333333334
0 0.49000000000000005 0.37833333333333335 0.05333333333333334 0.03666666666666667
0 0.535 0.405 0.030000000000000002 0.023333333333333334
0 0.5716666666666667 0.43000000000000005 0.03666666666666667 0.02666666666666667
0 0.615 0.45833333333333337 0.030000000000000002 0.030000000000000002
0 0.6483333333333334 0.4866666666666667 0.030000000000000002 0.02
0 0.6816666666666668 0.5116666666666667 0.030000000000000002 0.023333333333333334
0 0.7916666666666667 0.6033333333333334 0.023333333333333334 0.02
0 0.8216666666666668 0.6283333333333334 0.023333333333333334 0.016666666666666666
0 0.9033333333333334 0.6933333333333334 0.013333333333333334 0.02
0 0.935 0.7150000000000001 0.016666666666666666 0.016666666666666666
0 0.9683333333333334 0.7416666666666667 0.023333333333333334 0.023333333333333334
0 0.03166666666666667 0.26 0.03666666666666667 0.02666666666666667
