0 0.39666666666666667 0.265 0.04 0.03666666666666667
0 0.255 0.395 0.023333333333333334 0.030000000000000002
0 0.24166666666666667 0.41833333333333333 0.030000000000000002 0.023333333333333334
0 0.225 0.44333333333333336 0.023333333333333334 0.02666666666666667
0 0.21000000000000002 0.4666666666666667 0.02666666666666667 0.02666666666666667
0 0.2 0.4966666666666667 0.02666666666666667 0.02666666666666667
0 0.19 0.5283333333333333 0.04 0.030000000000000002
0 0.18000000000000002 0.5683333333333334 0.05333333333333334 0.05
0 0.1366666666666667 0.5933333333333334 0.03333333333333333 0.02
0 0.11666666666666667 0.615 0.02666666666666667 0.016666666666666666
0 0.10333333333333335 0.64 0.02666666666666667 0.02
0 0.08833333333333333 0.6666666666666667 0.030000000000000002 0.02666666666666667
0 0.16666666666666669 0.6116666666666667 0.02 0.016666666666666666
0 0.3433333333333334 0.6216666666666667 0.02 0.023333333333333334
0 0.32833333333333337 0.64 0.023333333333333334 0.02666666666666667
