0 0.9616666666666668 0.058333333333333334 0.06333333333333334 0.05666666666666667
0 0.8933333333333334 0.08833333333333333 0.04666666666666667 0.03666666666666667
0 0.8400000000000001 0.11833333333333335 0.04 0.03666666666666667
0 0.785 0.14500000000000002 0.043333333333333335 0.03666666666666667
0 0.7366666666666667 0.1716666666666667 0.04 0.03666666666666667
0 0.6883333333333334 0.20333333333333334 0.03666666666666667 0.03333333333333333
0 0.645 0.24166666666666667 0.05666666666666667 0.05
0 0.5833333333333334 0.2966666666666667 0.04666666666666667 0.04666666666666667
0 0.5216666666666667 0.32666666666666666 0.05666666666666667 0.02666666666666667
0 0.47000000000000003 0.3666666666666667 0.060000000000000005 0.05333333333333334
0 0.4133333333333334 0.4066666666666667 0.05333333333333334 0.04666666666666667
0 0.36000000000000004 0.45 0.05333333333333334 0.060000000000000005
0 0.3016666666666667 0.48833333333333334 0.05666666666666667 0.05666666666666667
0 0.23833333333333334 0.525 0.06333333333333334 0.05666666666666667
0 0.17666666666666667 0.5633333333333334 0.05333333333333334 0.04
0 0.12166666666666667 0.6183333333333334 0.05666666666666667 0.07
0 0.065 0.665 0.05666666666666667 0.043333333333333335
0 0.028333333333333335 0.7050000000000001 0.043333333333333335 0.03666666666666667
0 0.023333333333333334 0.8666666666666667 0.04666666666666667 0.04
0 0.07166666666666667 0.8383333333333334 0.05666666666666667 0.043333333333333335
0 0.125 0.7983333333333333 0.05 0.03666666666666667
0 0.17 0.765 0.04666666666666667 0.05
0 0.22333333333333336 0.7433333333333334 0.05333333333333334 0.05333333333333334
0 0.2816666666666667 0.7150000000000001 0.05 0.03666666666666667
0 0.32666666666666666 0.6933333333333334 0.03333333333333333 0.03333333333333333
0 0.35833333333333334 0.67 0.016666666666666666 0.02
0 0.39666666666666667 0.6516666666666667 0.04 0.030000000000000002
0 0.43833333333333335 0.6283333333333334 0.030000000000000002 0.023333333333333334
0 0.48500000000000004 0.6050000000000001 0.043333333333333335 0.030000000000000002
0 0.5916666666666667 0.54 0.05666666666666667 0.04
0 0.645 0.5066666666666667 0.05 0.04666666666666667
0 0.7100000000000001 0.4733333333333334 0.04666666666666667 0.05333333333333334
0 0.745 0.43500000000000005 0.03666666666666667 0.03666666666666667
0 0.7933333333333333 0.39666666666666667 0.04 0.04666666666666667
0 0.8466666666666667 0.3716666666666667 0.060000000000000005 0.05666666666666667
0 0.9683333333333334 0.29500000000000004 0.05666666666666667 0.05
0 0.8933333333333334 0.3466666666666667 0.03333333333333333 0.02666666666666667
