0 0.44833333333333336 0.5666666666666667 0.016666666666666666 0.013333333333333334
0 0.43333333333333335 0.5916666666666667 0.04 0.016666666666666666
0 0.3666666666666667 0.5966666666666667 0.06666666666666667 0.02666666666666667
0 0.6516666666666667 0.655 0.030000000000000002 0.016666666666666666
0 0.6616666666666667 0.6933333333333334 0.030000000000000002 0.02
0 0.6666666666666667 0.7216666666666667 0.02666666666666667 0.023333333333333334
0 0.6983333333333334 0.755 0.030000000000000002 0.016666666666666666
0 0.7033333333333334 0.54 0.05333333333333334 0.013333333333333334
0 0.7683333333333334 0.7883333333333333 0.030000000000000002 0.016666666666666666
0 0.3983333333333334 0.6333333333333334 0.1366666666666667 0.013333333333333334
0 0.19833333333333333 0.4133333333333334 0.08333333333333334 0.013333333333333334
0 0.29000000000000004 0.42333333333333334 0.04 0.013333333333333334
0 0.54 0.4683333333333334 0.02666666666666667 0.016666666666666666
