0 0.26833333333333337 0.755 0.07 0.08333333333333334
0 0.20333333333333334 0.8350000000000001 0.09333333333333334 0.08333333333333334
0 0.13166666666666668 0.9116666666666667 0.07666666666666667 0.09000000000000001
0 0.3166666666666667 0.6616666666666667 0.04666666666666667 0.030000000000000002
0 0.36000000000000004 0.6316666666666667 0.04666666666666667 0.030000000000000002
0 0.39 0.5816666666666667 0.03333333333333333 0.030000000000000002
0 0.42500000000000004 0.56 0.030000000000000002 0.03333333333333333
0 0.45333333333333337 0.52 0.02 0.02
0 0.4766666666666667 0.49833333333333335 0.02 0.01
0 0.49833333333333335 0.48000000000000004 0.023333333333333334 0.013333333333333334
0 0.52 0.4516666666666667 0.02 0.016666666666666666
0 0.5433333333333333 0.43500000000000005 0.02666666666666667 0.016666666666666666
0 0.5650000000000001 0.4066666666666667 0.016666666666666666 0.006666666666666667
0 0.5916666666666667 0.38833333333333336 0.03666666666666667 0.030000000000000002
0 0.5233333333333333 0.5850000000000001 0.02666666666666667 0.016666666666666666
0 0.555 0.5533333333333333 0.016666666666666666 0.013333333333333334
0 0.5800000000000001 0.53 0.02 0.013333333333333334
0 0.6033333333333334 0.5033333333333334 0.02666666666666667 0.02
0 0.335 0.7400000000000001 0.03666666666666667 0.03333333333333333
