0 0.8666666666666667 0.3116666666666667 0.02 0.016666666666666666
0 0.8450000000000001 0.32833333333333337 0.023333333333333334 0.016666666666666666
0 0.8183333333333334 0.34500000000000003 0.030000000000000002 0.016666666666666666
0 0.785 0.36500000000000005 0.03666666666666667 0.016666666666666666
0 0.75 0.37833333333333335 0.03333333333333333 0.016666666666666666
0 0.8916666666666667 0.33666666666666667 0.023333333333333334 0.02
0 0.8683333333333334 0.3433333333333334 0.016666666666666666 0.013333333333333334
0 0.8466666666666667 0.36000000000000004 0.013333333333333334 0.013333333333333334
0 0.8300000000000001 0.37333333333333335 0.013333333333333334 0.013333333333333334
0 0.8150000000000001 0.3816666666666667 0.01 0.016666666666666666
0 0.8016666666666667 0.39333333333333337 0.01 0.013333333333333334
0 0.785 0.4 0.016666666666666666 0.013333333333333334
0 0.76 0.4083333333333334 0.02 0.016666666666666666
0 0.7733333333333334 0.42833333333333334 0.02 0.016666666666666666
0 0.8733333333333334 0.36000000000000004 0.013333333333333334 0.013333333333333334
0 0.8533333333333334 0.37000000000000005 0.013333333333333334 0.013333333333333334
0 0.8333333333333334 0.3866666666666667 0.013333333333333334 0.013333333333333334
0 0.8133333333333334 0.4066666666666667 0.006666666666666667 0.013333333333333334
0 0.7916666666666667 0.42333333333333334 0.01 0.02
0 0.7483333333333334 0.43333333333333335 0.023333333333333334 0.02666666666666667
0 0.7716666666666667 0.45 0.023333333333333334 0.02
0 0.75 0.465 0.02 0.023333333333333334
0 0.7350000000000001 0.4916666666666667 0.023333333333333334 0.023333333333333334
0 0.7150000000000001 0.515 0.023333333333333334 0.023333333333333334
0 0.6916666666666668 0.5333333333333333 0.023333333333333334 0.02666666666666667
0 0.6733333333333333 0.56 0.02666666666666667 0.02666666666666667
0 0.675 0.535 0.016666666666666666 0.023333333333333334
0 0.5033333333333334 0.6583333333333333 0.04 0.030000000000000002
0 0.535 0.6566666666666667 0.023333333333333334 0.02
0 0.4566666666666667 0.6683333333333333 0.02 0.030000000000000002
0 0.47500000000000003 0.6766666666666667 0.016666666666666666 0.02
0 0.7183333333333334 0.39666666666666667 0.023333333333333334 0.02666666666666667
0 0.6900000000000001 0.43833333333333335 0.060000000000000005 0.016666666666666666
0 0.5916666666666667 0.32333333333333336 0.016666666666666666 0.02
0 0.5733333333333334 0.33 0.013333333333333334 0.013333333333333334
0 0.5616666666666666 0.34833333333333333 0.016666666666666666 0.016666666666666666
0 0.5800000000000001 0.3466666666666667 0.013333333333333334 0.013333333333333334
0 0.645 0.2866666666666667 0.01 0.013333333333333334
0 0.66 0.27 0.013333333333333334 0.02
0 0.45 0.4966666666666667 0.02 0.013333333333333334
0 0.4733333333333334 0.48833333333333334 0.013333333333333334 0.016666666666666666
0 0.49333333333333335 0.48333333333333334 0.02 0.013333333333333334
0 0.5216666666666667 0.4766666666666667 0.023333333333333334 0.013333333333333334
0 0.545 0.4633333333333334 0.023333333333333334 0.013333333333333334
0 0.5950000000000001 0.4416666666666667 0.016666666666666666 0.016666666666666666
0 0.6183333333333334 0.44 0.023333333333333334 0.02
0 0.6433333333333334 0.4266666666666667 0.02 0.02
0 0.12833333333333335 0.6033333333333334 0.016666666666666666 0.02
