0 0.36333333333333334 0.05 0.04666666666666667 0.04
0 0.43833333333333335 0.13333333333333333 0.07 0.08666666666666667
0 0.5016666666666667 0.12833333333333335 0.03666666666666667 0.14333333333333334
0 0.5700000000000001 0.16166666666666668 0.07333333333333333 0.06333333333333334
0 0.6433333333333334 0.23 0.06666666666666667 0.07333333333333333
0 0.7216666666666667 0.2783333333333334 0.06333333333333334 0.09666666666666668
0 0.8083333333333333 0.33 0.08333333333333334 0.06666666666666667
0 0.8866666666666667 0.38 0.07333333333333333 0.12000000000000001
0 0.9600000000000001 0.3433333333333334 0.06666666666666667 0.08
0 0.4316666666666667 0.3433333333333334 0.043333333333333335 0.04
0 0.4816666666666667 0.39333333333333337 0.05 0.05333333333333334
0 0.54 0.4316666666666667 0.060000000000000005 0.05666666666666667
0 0.6783333333333333 0.4783333333333334 0.05 0.09666666666666668
0 0.7366666666666667 0.5233333333333333 0.03333333333333333 0.10666666666666667
0 0.7916666666666667 0.5566666666666668 0.03666666666666667 0.13333333333333333
0 0.8650000000000001 0.5900000000000001 0.05666666666666667 0.16
0 0.6516666666666667 0.775 0.2966666666666667 0.09666666666666668
