0 0.030000000000000002 0.8450000000000001 0.060000000000000005 0.05666666666666667
0 0.11833333333333335 0.8083333333333333 0.11666666666666667 0.043333333333333335
0 0.24333333333333335 0.7766666666666667 0.14666666666666667 0.060000000000000005
0 0.35000000000000003 0.7000000000000001 0.10666666666666667 0.06666666666666667
0 0.4466666666666667 0.67 0.07333333333333333 0.05333333333333334
0 0.5266666666666667 0.6316666666666667 0.060000000000000005 0.05
0 0.615 0.5916666666666667 0.05 0.043333333333333335
0 0.6633333333333333 0.5733333333333334 0.03333333333333333 0.02
0 0.7050000000000001 0.5583333333333333 0.03666666666666667 0.023333333333333334
0 0.7933333333333333 0.5183333333333333 0.05333333333333334 0.030000000000000002
0 0.9016666666666667 0.5083333333333334 0.15000000000000002 0.023333333333333334
0 0.6316666666666667 0.7916666666666667 0.05 0.12333333333333334
0 0.7233333333333334 0.8266666666666668 0.12000000000000001 0.09333333333333334
0 0.8966666666666667 0.7683333333333334 0.2 0.10333333333333335
0 0.49833333333333335 0.8500000000000001 0.20333333333333334 0.06666666666666667
0 0.32333333333333336 0.885 0.15333333333333335 0.08333333333333334
0 0.17833333333333334 0.9633333333333334 0.1366666666666667 0.060000000000000005
