0 0.5116666666666667 0.5316666666666667 0.016666666666666666 0.01
0 0.5283333333333333 0.51 0.016666666666666666 0.006666666666666667
0 0.5516666666666667 0.49500000000000005 0.016666666666666666 0.016666666666666666
0 0.5766666666666667 0.48333333333333334 0.02666666666666667 0.013333333333333334
0 0.5883333333333334 0.4633333333333334 0.016666666666666666 0.006666666666666667
0 0.6283333333333334 0.4166666666666667 0.016666666666666666 0.02
0 0.6566666666666667 0.39 0.02 0.013333333333333334
0 0.6716666666666667 0.375 0.016666666666666666 0.01
0 0.6950000000000001 0.34500000000000003 0.016666666666666666 0.01
0 0.7200000000000001 0.32 0.02666666666666667 0.013333333333333334
0 0.7383333333333334 0.29500000000000004 0.016666666666666666 0.01
0 0.75 0.27666666666666667 0.013333333333333334 0.006666666666666667
0 0.7733333333333334 0.25833333333333336 0.02 0.01
0 0.7916666666666667 0.22666666666666668 0.016666666666666666 0.013333333333333334
0 0.8183333333333334 0.2066666666666667 0.016666666666666666 0.013333333333333334
0 0.8416666666666667 0.18333333333333335 0.016666666666666666 0.006666666666666667
0 0.8533333333333334 0.16333333333333333 0.013333333333333334 0.006666666666666667
0 0.8533333333333334 0.115 0.02666666666666667 0.023333333333333334
0 0.8216666666666668 0.13166666666666668 0.016666666666666666 0.01
0 0.8 0.14333333333333334 0.013333333333333334 0.013333333333333334
0 0.785 0.165 0.01 0.023333333333333334
0 0.765 0.18166666666666667 0.01 0.01
0 0.7400000000000001 0.2016666666666667 0.013333333333333334 0.016666666666666666
0 0.7133333333333334 0.22333333333333336 0.02 0.013333333333333334
0 0.6866666666666668 0.24333333333333335 0.02666666666666667 0.02
0 0.67 0.27 0.013333333333333334 0.02
0 0.5616666666666666 0.3716666666666667 0.016666666666666666 0.016666666666666666
0 0.5383333333333333 0.39333333333333337 0.016666666666666666 0.02
0 0.5166666666666667 0.4116666666666667 0.013333333333333334 0.016666666666666666
0 0.49500000000000005 0.4266666666666667 0.01 0.013333333333333334
0 0.4666666666666667 0.44833333333333336 0.013333333333333334 0.016666666666666666
0 0.45 0.47500000000000003 0.013333333333333334 0.016666666666666666
0 0.43333333333333335 0.49500000000000005 0.006666666666666667 0.016666666666666666
0 0.40166666666666667 0.4966666666666667 0.023333333333333334 0.02
0 0.8966666666666667 0.10166666666666667 0.03333333333333333 0.043333333333333335
0 0.93 0.07 0.02666666666666667 0.04666666666666667
