0 0.31833333333333336 0.915 0.030000000000000002 0.03666666666666667
0 0.2866666666666667 0.9500000000000001 0.03333333333333333 0.03333333333333333
0 0.41000000000000003 0.8516666666666667 0.02 0.016666666666666666
0 0.43500000000000005 0.8266666666666668 0.023333333333333334 0.02666666666666667
0 0.5916666666666667 0.9850000000000001 0.016666666666666666 0.023333333333333334
0 0.6166666666666667 0.9716666666666667 0.02666666666666667 0.030000000000000002
0 0.6466666666666667 0.9550000000000001 0.02666666666666667 0.030000000000000002
0 0.675 0.9400000000000001 0.023333333333333334 0.02666666666666667
0 0.6950000000000001 0.9233333333333333 0.016666666666666666 0.02
0 0.7150000000000001 0.915 0.030000000000000002 0.016666666666666666
0 0.7333333333333334 0.895 0.02 0.016666666666666666
0 0.7783333333333334 0.895 0.043333333333333335 0.030000000000000002
0 0.7766666666666667 0.8566666666666667 0.02 0.02666666666666667
0 0.8033333333333333 0.8383333333333334 0.02666666666666667 0.023333333333333334
0 0.8266666666666668 0.8133333333333334 0.02 0.02
0 0.8133333333333334 0.8766666666666667 0.02 0.02666666666666667
0 0.8366666666666667 0.8633333333333334 0.013333333333333334 0.02
0 0.7716666666666667 0.92 0.030000000000000002 0.02
0 0.75 0.9450000000000001 0.03333333333333333 0.030000000000000002
0 0.7216666666666667 0.9666666666666667 0.030000000000000002 0.03333333333333333
0 0.6866666666666668 0.9850000000000001 0.02666666666666667 0.023333333333333334
