0 0.8266666666666668 0.21833333333333335 0.02666666666666667 0.023333333333333334
0 0.7350000000000001 0.2866666666666667 0.023333333333333334 0.02
0 0.625 0.38 0.023333333333333334 0.02666666666666667
0 0.56 0.4633333333333334 0.013333333333333334 0.02
0 0.5366666666666667 0.5033333333333334 0.013333333333333334 0.03333333333333333
0 0.525 0.5366666666666667 0.01 0.03333333333333333
0 0.505 0.5650000000000001 0.01 0.016666666666666666
0 0.35333333333333333 0.67 0.013333333333333334 0.02
0 0.33666666666666667 0.7000000000000001 0.02666666666666667 0.03333333333333333
0 0.305 0.7300000000000001 0.043333333333333335 0.05333333333333334
0 0.26833333333333337 0.7616666666666667 0.023333333333333334 0.030000000000000002
0 0.24166666666666667 0.7866666666666667 0.023333333333333334 0.03333333333333333
0 0.20500000000000002 0.8166666666666668 0.023333333333333334 0.02666666666666667
0 0.17666666666666667 0.8533333333333334 0.02666666666666667 0.04
0 0.14833333333333334 0.8933333333333334 0.030000000000000002 0.04
