0 0.8116666666666668 0.4166666666666667 0.023333333333333334 0.02
0 0.7383333333333334 0.4866666666666667 0.030000000000000002 0.02666666666666667
0 0.7066666666666667 0.515 0.02666666666666667 0.023333333333333334
0 0.685 0.5366666666666667 0.023333333333333334 0.02
0 0.6566666666666667 0.5583333333333333 0.03333333333333333 0.03666666666666667
0 0.6000000000000001 0.5966666666666667 0.03333333333333333 0.03333333333333333
0 0.535 0.62 0.09666666666666668 0.03333333333333333
0 0.4683333333333334 0.6516666666666667 0.043333333333333335 0.043333333333333335
0 0.40166666666666667 0.6866666666666668 0.023333333333333334 0.02
0 0.34 0.7350000000000001 0.03333333333333333 0.023333333333333334
0 0.15833333333333335 0.8583333333333334 0.023333333333333334 0.023333333333333334
0 0.12666666666666668 0.8783333333333334 0.02666666666666667 0.016666666666666666
0 0.08333333333333334 0.895 0.02666666666666667 0.023333333333333334
