0 0.21666666666666667 0.2566666666666667 0.013333333333333334 0.013333333333333334
0 0.24333333333333335 0.28833333333333333 0.02 0.016666666666666666
0 0.27166666666666667 0.32 0.01 0.013333333333333334
0 0.30333333333333334 0.3566666666666667 0.013333333333333334 0.013333333333333334
0 0.335 0.39333333333333337 0.016666666666666666 0.013333333333333334
0 0.375 0.43833333333333335 0.016666666666666666 0.016666666666666666
0 0.42000000000000004 0.48000000000000004 0.013333333333333334 0.013333333333333334
0 0.4566666666666667 0.5233333333333333 0.013333333333333334 0.013333333333333334
0 0.4916666666666667 0.56 0.016666666666666666 0.02
0 0.53 0.5966666666666667 0.02 0.02666666666666667
0 0.5650000000000001 0.6366666666666667 0.016666666666666666 0.013333333333333334
0 0.5950000000000001 0.6583333333333333 0.01 0.01
0 0.6183333333333334 0.6916666666666668 0.016666666666666666 0.023333333333333334
0 0.6383333333333334 0.7216666666666667 0.01 0.023333333333333334
0 0.7633333333333334 0.8250000000000001 0.03333333333333333 0.030000000000000002
0 0.81 0.8550000000000001 0.02 0.01
0 0.9033333333333334 0.8783333333333334 0.013333333333333334 0.01
0 0.9716666666666667 0.8883333333333334 0.016666666666666666 0.01
