0 0.935 0.12333333333333334 0.030000000000000002 0.04666666666666667
0 0.9683333333333334 0.09000000000000001 0.023333333333333334 0.03333333333333333
0 0.8933333333333334 0.1716666666666667 0.013333333333333334 0.023333333333333334
0 0.8550000000000001 0.20500000000000002 0.023333333333333334 0.023333333333333334
0 0.8266666666666668 0.24333333333333335 0.013333333333333334 0.03333333333333333
0 0.8116666666666668 0.2866666666666667 0.023333333333333334 0.03333333333333333
0 0.7883333333333333 0.325 0.016666666666666666 0.023333333333333334
0 0.7283333333333334 0.3916666666666667 0.016666666666666666 0.030000000000000002
0 0.6916666666666668 0.4366666666666667 0.023333333333333334 0.02666666666666667
0 0.645 0.4683333333333334 0.023333333333333334 0.023333333333333334
0 0.755 0.15000000000000002 0.016666666666666666 0.04
0 0.7183333333333334 0.2016666666666667 0.01 0.023333333333333334
0 0.675 0.26 0.016666666666666666 0.02
0 0.66 0.28833333333333333 0.006666666666666667 0.023333333333333334
0 0.6183333333333334 0.3716666666666667 0.023333333333333334 0.023333333333333334
0 0.6000000000000001 0.3983333333333334 0.02 0.030000000000000002
0 0.5866666666666667 0.4266666666666667 0.013333333333333334 0.02
0 0.5583333333333333 0.44833333333333336 0.016666666666666666 0.016666666666666666
0 0.5566666666666668 0.49000000000000005 0.04 0.04
0 0.5166666666666667 0.5133333333333334 0.02666666666666667 0.03333333333333333
0 0.48500000000000004 0.545 0.016666666666666666 0.030000000000000002
0 0.4466666666666667 0.5733333333333334 0.02 0.02666666666666667
0 0.41833333333333333 0.6066666666666667 0.016666666666666666 0.02666666666666667
0 0.395 0.6333333333333334 0.016666666666666666 0.02666666666666667
0 0.36833333333333335 0.665 0.016666666666666666 0.023333333333333334
0 0.33 0.7000000000000001 0.02666666666666667 0.04
0 0.28500000000000003 0.75 0.016666666666666666 0.04
0 0.25333333333333335 0.7733333333333334 0.02 0.02
0 0.24000000000000002 0.8 0.013333333333333334 0.02
0 0.20333333333333334 0.8116666666666668 0.013333333333333334 0.016666666666666666
0 0.17333333333333334 0.8333333333333334 0.02666666666666667 0.02666666666666667
0 0.115 0.8316666666666667 0.016666666666666666 0.023333333333333334
