0 0.9466666666666668 0.07333333333333333 0.02 0.02
0 0.9233333333333333 0.09666666666666668 0.02666666666666667 0.02
0 0.8983333333333334 0.12166666666666667 0.023333333333333334 0.030000000000000002
0 0.8750000000000001 0.14666666666666667 0.016666666666666666 0.02
0 0.8483333333333334 0.165 0.030000000000000002 0.030000000000000002
0 0.8233333333333334 0.19166666666666668 0.013333333333333334 0.023333333333333334
0 0.8 0.21500000000000002 0.02 0.023333333333333334
0 0.7633333333333334 0.25 0.02666666666666667 0.03333333333333333
0 0.6633333333333333 0.31833333333333336 0.02666666666666667 0.016666666666666666
0 0.8816666666666667 0.34500000000000003 0.016666666666666666 0.016666666666666666
0 0.8600000000000001 0.37000000000000005 0.02 0.02
0 0.8366666666666667 0.3916666666666667 0.02 0.016666666666666666
0 0.8183333333333334 0.4116666666666667 0.01 0.016666666666666666
0 0.7983333333333333 0.44333333333333336 0.01 0.013333333333333334
0 0.7683333333333334 0.4633333333333334 0.01 0.02
0 0.7416666666666667 0.49000000000000005 0.01 0.02
0 0.7133333333333334 0.5116666666666667 0.006666666666666667 0.016666666666666666
0 0.6900000000000001 0.5416666666666667 0.013333333333333334 0.030000000000000002
0 0.6516666666666667 0.5716666666666667 0.01 0.023333333333333334
0 0.6083333333333334 0.6050000000000001 0.016666666666666666 0.030000000000000002
0 0.46166666666666667 0.6783333333333333 0.016666666666666666 0.023333333333333334
0 0.41833333333333333 0.6950000000000001 0.016666666666666666 0.030000000000000002
0 0.36833333333333335 0.6983333333333334 0.01 0.030000000000000002
0 0.31833333333333336 0.7150000000000001 0.01 0.023333333333333334
0 0.26 0.7050000000000001 0.006666666666666667 0.023333333333333334
0 0.21333333333333335 0.6983333333333334 0.006666666666666667 0.016666666666666666
0 0.22833333333333336 0.6433333333333334 0.016666666666666666 0.006666666666666667
0 0.24833333333333335 0.625 0.016666666666666666 0.0033333333333333335
0 0.27 0.5900000000000001 0.013333333333333334 0.006666666666666667
0 0.31333333333333335 0.5700000000000001 0.006666666666666667 0.006666666666666667
0 0.5283333333333333 0.5133333333333334 0.01 0.03333333333333333
0 0.5366666666666667 0.5650000000000001 0.013333333333333334 0.023333333333333334
0 0.5466666666666667 0.6000000000000001 0.006666666666666667 0.02666666666666667
0 0.5516666666666667 0.6366666666666667 0.0033333333333333335 0.02666666666666667
0 0.56 0.6716666666666667 0.006666666666666667 0.023333333333333334
0 0.5683333333333334 0.7083333333333334 0.0033333333333333335 0.030000000000000002
0 0.5766666666666667 0.7583333333333334 0.006666666666666667 0.023333333333333334
0 0.5866666666666667 0.7966666666666667 0.006666666666666667 0.02666666666666667
0 0.5916666666666667 0.8450000000000001 0.01 0.05
0 0.6000000000000001 0.9033333333333334 0.006666666666666667 0.02666666666666667
0 0.61 0.9483333333333334 0.013333333333333334 0.03666666666666667
