0 0.043333333333333335 0.5750000000000001 0.08 0.10333333333333335
0 0.115 0.555 0.05666666666666667 0.07666666666666667
0 0.18666666666666668 0.5266666666666667 0.04666666666666667 0.11333333333333334
0 0.23 0.515 0.03333333333333333 0.09666666666666668
0 0.2733333333333334 0.5116666666666667 0.04666666666666667 0.030000000000000002
0 0.31833333333333336 0.49833333333333335 0.030000000000000002 0.07666666666666667
0 0.3716666666666667 0.5016666666666667 0.043333333333333335 0.13
0 0.4916666666666667 0.4716666666666667 0.19 0.11666666666666667
0 0.6283333333333334 0.465 0.07666666666666667 0.19
0 0.8350000000000001 0.46166666666666667 0.32333333333333336 0.19666666666666668
