0 0.925 0.24166666666666667 0.1366666666666667 0.03666666666666667
0 0.7783333333333334 0.26 0.15000000000000002 0.02
0 0.54 0.28500000000000003 0.10666666666666667 0.043333333333333335
0 0.45333333333333337 0.3166666666666667 0.07333333333333333 0.03333333333333333
0 0.5466666666666667 0.20833333333333334 0.02666666666666667 0.01
0 0.5833333333333334 0.2016666666666667 0.03333333333333333 0.016666666666666666
0 0.6183333333333334 0.18833333333333335 0.030000000000000002 0.016666666666666666
0 0.6566666666666667 0.1716666666666667 0.03333333333333333 0.016666666666666666
0 0.7416666666666667 0.14500000000000002 0.07 0.01
0 0.35833333333333334 0.34500000000000003 0.016666666666666666 0.016666666666666666
0 0.32833333333333337 0.36833333333333335 0.023333333333333334 0.016666666666666666
0 0.31333333333333335 0.39333333333333337 0.006666666666666667 0.013333333333333334
0 0.2816666666666667 0.4166666666666667 0.016666666666666666 0.02
0 0.2566666666666667 0.44333333333333336 0.013333333333333334 0.02
0 0.23833333333333334 0.4683333333333334 0.01 0.016666666666666666
0 0.21833333333333335 0.5 0.016666666666666666 0.02
0 0.195 0.5316666666666667 0.016666666666666666 0.023333333333333334
0 0.17666666666666667 0.5650000000000001 0.013333333333333334 0.023333333333333334
