0 0.49500000000000005 0.46166666666666667 0.030000000000000002 0.030000000000000002
0 0.44333333333333336 0.48333333333333334 0.013333333333333334 0.02
0 0.42000000000000004 0.5333333333333333 0.02666666666666667 0.02666666666666667
0 0.38 0.5816666666666667 0.03333333333333333 0.030000000000000002
0 0.3416666666666667 0.61 0.016666666666666666 0.02
0 0.24000000000000002 0.68 0.013333333333333334 0.02666666666666667
0 0.27666666666666667 0.6316666666666667 0.02666666666666667 0.016666666666666666
0 0.29833333333333334 0.5866666666666667 0.023333333333333334 0.013333333333333334
0 0.33166666666666667 0.5650000000000001 0.016666666666666666 0.01
0 0.36500000000000005 0.53 0.030000000000000002 0.02
0 0.3983333333333334 0.49833333333333335 0.023333333333333334 0.01
0 0.42833333333333334 0.465 0.016666666666666666 0.01
0 0.4666666666666667 0.4216666666666667 0.03333333333333333 0.023333333333333334
