0 0.4 0.3016666666666667 0.02666666666666667 0.03666666666666667
0 0.24500000000000002 0.4783333333333334 0.016666666666666666 0.030000000000000002
0 0.24166666666666667 0.52 0.03666666666666667 0.03333333333333333
0 0.20833333333333334 0.5666666666666667 0.043333333333333335 0.03333333333333333
0 0.19166666666666668 0.6133333333333334 0.05 0.04
0 0.17666666666666667 0.6566666666666667 0.04666666666666667 0.03333333333333333
0 0.18833333333333335 0.68 0.023333333333333334 0.013333333333333334
0 0.22333333333333336 0.6583333333333333 0.013333333333333334 0.01
0 0.24833333333333335 0.6333333333333334 0.016666666666666666 0.006666666666666667
0 0.3433333333333334 0.6583333333333333 0.02 0.030000000000000002
0 0.265 0.75 0.016666666666666666 0.02
0 0.21333333333333335 0.8083333333333333 0.02 0.023333333333333334
