0 0.06833333333333334 0.14666666666666667 0.043333333333333335 0.05333333333333334
0 0.16833333333333333 0.18333333333333335 0.05 0.03333333333333333
0 0.21000000000000002 0.2016666666666667 0.013333333333333334 0.01
0 0.15833333333333335 0.22833333333333336 0.03666666666666667 0.023333333333333334
0 0.18500000000000003 0.25333333333333335 0.016666666666666666 0.013333333333333334
0 0.21166666666666667 0.2783333333333334 0.016666666666666666 0.016666666666666666
0 0.24000000000000002 0.3016666666666667 0.02 0.016666666666666666
0 0.275 0.32833333333333337 0.016666666666666666 0.016666666666666666
0 0.31 0.34833333333333333 0.006666666666666667 0.0033333333333333335
0 0.3433333333333334 0.3766666666666667 0.02 0.013333333333333334
0 0.3766666666666667 0.4 0.02 0.013333333333333334
0 0.4166666666666667 0.42333333333333334 0.02666666666666667 0.013333333333333334
0 0.465 0.445 0.030000000000000002 0.01
0 0.5183333333333333 0.48000000000000004 0.030000000000000002 0.02
0 0.5583333333333333 0.49833333333333335 0.030000000000000002 0.023333333333333334
0 0.5916666666666667 0.53 0.030000000000000002 0.02666666666666667
0 0.6366666666666667 0.5716666666666667 0.04 0.03666666666666667
0 0.6783333333333333 0.6083333333333334 0.043333333333333335 0.03666666666666667
0 0.7200000000000001 0.6416666666666667 0.02666666666666667 0.030000000000000002
0 0.7533333333333334 0.685 0.02 0.030000000000000002
0 0.7783333333333334 0.6983333333333334 0.023333333333333334 0.030000000000000002
0 0.8200000000000001 0.7283333333333334 0.02 0.016666666666666666
0 0.4166666666666667 0.335 0.02666666666666667 0.023333333333333334
0 0.40166666666666667 0.36000000000000004 0.016666666666666666 0.013333333333333334
0 0.45333333333333337 0.3516666666666667 0.013333333333333334 0.01
0 0.4816666666666667 0.37333333333333335 0.023333333333333334 0.013333333333333334
0 0.5183333333333333 0.39333333333333337 0.030000000000000002 0.02
0 0.5616666666666666 0.4366666666666667 0.016666666666666666 0.013333333333333334
0 0.6033333333333334 0.4683333333333334 0.02666666666666667 0.016666666666666666
0 0.64 0.49333333333333335 0.02 0.02
0 0.685 0.51 0.030000000000000002 0.02666666666666667
0 0.7333333333333334 0.5516666666666667 0.02 0.023333333333333334
0 0.7616666666666667 0.5866666666666667 0.016666666666666666 0.02666666666666667
0 0.81 0.62 0.04666666666666667 0.03333333333333333
0 0.8833333333333334 0.6866666666666668 0.08 0.060000000000000005
