0 0.33 0.12833333333333335 0.05333333333333334 0.043333333333333335
0 0.25 0.10333333333333335 0.05333333333333334 0.03333333333333333
0 0.17833333333333334 0.10666666666666667 0.07666666666666667 0.02666666666666667
0 0.1 0.09000000000000001 0.06666666666666667 0.02666666666666667
0 0.028333333333333335 0.06333333333333334 0.03666666666666667 0.03333333333333333
0 0.10166666666666667 0.14833333333333334 0.05 0.05666666666666667
0 0.11666666666666667 0.4133333333333334 0.04666666666666667 0.04
0 0.26833333333333337 0.4516666666666667 0.016666666666666666 0.05
0 0.39333333333333337 0.53 0.02666666666666667 0.013333333333333334
0 0.47000000000000003 0.5633333333333334 0.04 0.02
0 0.5216666666666667 0.5950000000000001 0.043333333333333335 0.023333333333333334
0 0.5700000000000001 0.6266666666666667 0.04 0.02
