0 0.025 0.6483333333333334 0.043333333333333335 0.030000000000000002
0 0.065 0.615 0.023333333333333334 0.023333333333333334
0 0.10666666666666667 0.5900000000000001 0.03333333333333333 0.02
0 0.14666666666666667 0.5650000000000001 0.02666666666666667 0.01
0 0.18166666666666667 0.5416666666666667 0.03666666666666667 0.023333333333333334
0 0.22666666666666668 0.5216666666666667 0.04666666666666667 0.030000000000000002
0 0.27666666666666667 0.51 0.05333333333333334 0.02
0 0.3216666666666667 0.465 0.05 0.023333333333333334
0 0.37333333333333335 0.4166666666666667 0.04 0.03333333333333333
0 0.4116666666666667 0.3983333333333334 0.043333333333333335 0.016666666666666666
0 0.45833333333333337 0.3766666666666667 0.05 0.02666666666666667
0 0.5 0.3616666666666667 0.03333333333333333 0.016666666666666666
0 0.5233333333333333 0.325 0.02 0.023333333333333334
0 0.56 0.30000000000000004 0.03333333333333333 0.02
0 0.5833333333333334 0.28 0.02 0.006666666666666667
0 0.6016666666666667 0.255 0.030000000000000002 0.023333333333333334
0 0.6333333333333334 0.23333333333333334 0.03333333333333333 0.02
0 0.6583333333333333 0.21500000000000002 0.023333333333333334 0.01
0 0.68 0.19166666666666668 0.02 0.01
0 0.5433333333333333 0.48000000000000004 0.02 0.013333333333333334
0 0.5383333333333333 0.5 0.01 0.013333333333333334
0 0.5233333333333333 0.5166666666666667 0.006666666666666667 0.006666666666666667
0 0.505 0.53 0.023333333333333334 0.02
0 0.4916666666666667 0.55 0.016666666666666666 0.013333333333333334
0 0.4683333333333334 0.5666666666666667 0.016666666666666666 0.013333333333333334
0 0.4416666666666667 0.5866666666666667 0.016666666666666666 0.013333333333333334
