0 0.7400000000000001 0.3016666666666667 0.04666666666666667 0.03666666666666667
0 0.675 0.32333333333333336 0.01 0.02
0 0.6916666666666668 0.3616666666666667 0.016666666666666666 0.023333333333333334
0 0.6133333333333334 0.35500000000000004 0.006666666666666667 0.0033333333333333335
0 0.6000000000000001 0.38833333333333336 0.013333333333333334 0.016666666666666666
0 0.5583333333333333 0.4266666666666667 0.01 0.02
0 0.5166666666666667 0.4566666666666667 0.006666666666666667 0.02666666666666667
0 0.4666666666666667 0.49000000000000005 0.006666666666666667 0.02
0 0.4416666666666667 0.5166666666666667 0.01 0.02
0 0.4083333333333334 0.5466666666666667 0.016666666666666666 0.02
0 0.37333333333333335 0.5883333333333334 0.02666666666666667 0.03666666666666667
0 0.3466666666666667 0.6233333333333334 0.006666666666666667 0.013333333333333334
0 0.29333333333333333 0.6416666666666667 0.013333333333333334 0.023333333333333334
0 0.27666666666666667 0.6900000000000001 0.013333333333333334 0.02666666666666667
0 0.19666666666666668 0.7200000000000001 0.013333333333333334 0.02666666666666667
0 0.15166666666666667 0.76 0.0033333333333333335 0.03333333333333333
0 0.05333333333333334 0.7766666666666667 0.02666666666666667 0.08
0 0.18333333333333335 0.76 0.03333333333333333 0.060000000000000005
0 0.19 0.8266666666666668 0.04 0.03333333333333333
0 0.22833333333333336 0.5816666666666667 0.03666666666666667 0.01
0 0.2866666666666667 0.555 0.02666666666666667 0.023333333333333334
0 0.33166666666666667 0.5283333333333333 0.030000000000000002 0.023333333333333334
0 0.3816666666666667 0.5016666666666667 0.03666666666666667 0.023333333333333334
0 0.4366666666666667 0.4516666666666667 0.02666666666666667 0.016666666666666666
0 0.48000000000000004 0.43833333333333335 0.02666666666666667 0.01
0 0.52 0.405 0.02 0.023333333333333334
