0 0.9550000000000001 0.03666666666666667 0.05 0.03333333333333333
0 0.9 0.07833333333333334 0.02 0.016666666666666666
0 0.8566666666666667 0.11 0.02 0.013333333333333334
0 0.8250000000000001 0.14500000000000002 0.030000000000000002 0.023333333333333334
0 0.7816666666666667 0.17666666666666667 0.016666666666666666 0.02
0 0.7383333333333334 0.21000000000000002 0.030000000000000002 0.02
0 0.675 0.23833333333333334 0.01 0.023333333333333334
0 0.6183333333333334 0.2816666666666667 0.023333333333333334 0.03666666666666667
0 0.5733333333333334 0.33166666666666667 0.02 0.023333333333333334
0 0.5066666666666667 0.375 0.013333333333333334 0.030000000000000002
0 0.48000000000000004 0.4266666666666667 0.03333333333333333 0.04
0 0.39666666666666667 0.47500000000000003 0.03333333333333333 0.023333333333333334
0 0.3716666666666667 0.52 0.030000000000000002 0.02666666666666667
0 0.3416666666666667 0.55 0.023333333333333334 0.02666666666666667
0 0.2916666666666667 0.5816666666666667 0.016666666666666666 0.023333333333333334
0 0.26 0.6183333333333334 0.02666666666666667 0.030000000000000002
0 0.18500000000000003 0.6833333333333333 0.016666666666666666 0.02
0 0.15666666666666668 0.7300000000000001 0.02 0.02
0 0.12166666666666667 0.765 0.01 0.023333333333333334
0 0.09666666666666668 0.795 0.02666666666666667 0.030000000000000002
0 0.07666666666666667 0.8366666666666667 0.02 0.02
0 0.03333333333333333 0.8666666666666667 0.013333333333333334 0.02
