0 0.6916666666666668 0.35500000000000004 0.05 0.05666666666666667
0 0.7366666666666667 0.49000000000000005 0.1 0.10666666666666667
0 0.8200000000000001 0.5383333333333333 0.04 0.06333333333333334
0 0.4633333333333334 0.38 0.05333333333333334 0.03333333333333333
0 0.5466666666666667 0.4216666666666667 0.060000000000000005 0.03666666666666667
0 0.615 0.4683333333333334 0.043333333333333335 0.03666666666666667
0 0.65 0.5216666666666667 0.02666666666666667 0.03666666666666667
0 0.6516666666666667 0.5916666666666667 0.023333333333333334 0.03666666666666667
0 0.6933333333333334 0.6016666666666667 0.02666666666666667 0.043333333333333335
0 0.4966666666666667 0.4683333333333334 0.06666666666666667 0.043333333333333335
0 0.5883333333333334 0.5133333333333334 0.01 0.02
0 0.6016666666666667 0.5700000000000001 0.043333333333333335 0.03333333333333333
0 0.35000000000000003 0.39333333333333337 0.02666666666666667 0.02666666666666667
0 0.39 0.4666666666666667 0.02 0.04
0 0.3766666666666667 0.5383333333333333 0.006666666666666667 0.03666666666666667
0 0.3016666666666667 0.5033333333333334 0.043333333333333335 0.05333333333333334
0 0.34500000000000003 0.5950000000000001 0.023333333333333334 0.016666666666666666
0 0.35833333333333334 0.46166666666666667 0.016666666666666666 0.016666666666666666
0 0.43000000000000005 0.465 0.02666666666666667 0.03666666666666667
0 0.41000000000000003 0.38833333333333336 0.013333333333333334 0.016666666666666666
0 0.265 0.5183333333333333 0.023333333333333334 0.030000000000000002
0 0.31333333333333335 0.5950000000000001 0.04666666666666667 0.016666666666666666
0 0.3416666666666667 0.5466666666666667 0.043333333333333335 0.013333333333333334
0 0.24500000000000002 0.5766666666666667 0.07 0.06666666666666667
0 0.17500000000000002 0.6233333333333334 0.030000000000000002 0.02666666666666667
0 0.18333333333333335 0.5583333333333333 0.02666666666666667 0.023333333333333334
0 0.12666666666666668 0.6366666666666667 0.05333333333333334 0.08666666666666667
0 0.115 0.48833333333333334 0.030000000000000002 0.08333333333333334
0 0.7033333333333334 0.665 0.04 0.030000000000000002
0 0.7733333333333334 0.7083333333333334 0.04666666666666667 0.023333333333333334
0 0.8466666666666667 0.7433333333333334 0.02666666666666667 0.02
0 0.9033333333333334 0.8016666666666667 0.04 0.03666666666666667
0 0.9566666666666668 0.8416666666666667 0.02666666666666667 0.01
