0 0.4683333333333334 0.5 0.03666666666666667 0.12000000000000001
0 0.25333333333333335 0.5433333333333333 0.05333333333333334 0.11333333333333334
0 0.2566666666666667 0.36500000000000005 0.04666666666666667 0.06333333333333334
0 0.33333333333333337 0.33333333333333337 0.06666666666666667 0.04666666666666667
0 0.3983333333333334 0.2783333333333334 0.03666666666666667 0.030000000000000002
0 0.445 0.26166666666666666 0.05 0.05
0 0.49500000000000005 0.21166666666666667 0.043333333333333335 0.05666666666666667
0 0.5416666666666667 0.17500000000000002 0.030000000000000002 0.03666666666666667
0 0.5950000000000001 0.14 0.05666666666666667 0.04
0 0.7150000000000001 0.11166666666666668 0.03666666666666667 0.05
0 0.7666666666666667 0.155 0.02666666666666667 0.09000000000000001
0 0.81 0.11333333333333334 0.013333333333333334 0.05333333333333334
0 0.8550000000000001 0.10166666666666667 0.06333333333333334 0.05
0 0.9316666666666668 0.04166666666666667 0.09000000000000001 0.05666666666666667
0 0.18500000000000003 0.3866666666666667 0.07666666666666667 0.03333333333333333
0 0.115 0.4116666666666667 0.043333333333333335 0.023333333333333334
