0 0.2366666666666667 0.11 0.04666666666666667 0.04
0 0.3066666666666667 0.155 0.06666666666666667 0.043333333333333335
0 0.3866666666666667 0.2066666666666667 0.04666666666666667 0.02666666666666667
0 0.48333333333333334 0.24166666666666667 0.04666666666666667 0.016666666666666666
0 0.5983333333333334 0.28500000000000003 0.05 0.030000000000000002
0 0.7116666666666667 0.33666666666666667 0.023333333333333334 0.013333333333333334
0 0.7933333333333333 0.35000000000000003 0.02666666666666667 0.013333333333333334
0 0.8733333333333334 0.3716666666666667 0.04666666666666667 0.023333333333333334
0 0.9566666666666668 0.395 0.03333333333333333 0.016666666666666666
0 0.2866666666666667 0.22333333333333336 0.04 0.02666666666666667
0 0.3466666666666667 0.27666666666666667 0.013333333333333334 0.013333333333333334
0 0.4033333333333334 0.325 0.02 0.023333333333333334
0 0.455 0.3766666666666667 0.043333333333333335 0.02666666666666667
0 0.53 0.43000000000000005 0.02 0.013333333333333334
0 0.5800000000000001 0.4766666666666667 0.02666666666666667 0.02666666666666667
0 0.625 0.5283333333333333 0.023333333333333334 0.023333333333333334
0 0.6566666666666667 0.5683333333333334 0.02 0.023333333333333334
0 0.7000000000000001 0.615 0.03333333333333333 0.023333333333333334
0 0.7533333333333334 0.6683333333333333 0.04 0.03666666666666667
0 0.8083333333333333 0.7233333333333334 0.016666666666666666 0.02
0 0.8416666666666667 0.7683333333333334 0.016666666666666666 0.030000000000000002
0 0.8883333333333334 0.8250000000000001 0.030000000000000002 0.023333333333333334
0 0.9466666666666668 0.8616666666666667 0.013333333333333334 0.016666666666666666
0 0.9816666666666667 0.9133333333333334 0.023333333333333334 0.03333333333333333
