0 0.16 0.06666666666666667 0.02666666666666667 0.02666666666666667
0 0.19 0.09666666666666668 0.02 0.02
0 0.21166666666666667 0.14166666666666666 0.023333333333333334 0.030000000000000002
0 0.24666666666666667 0.18500000000000003 0.02666666666666667 0.030000000000000002
0 0.2733333333333334 0.23 0.02 0.03333333333333333
0 0.30333333333333334 0.26333333333333336 0.02666666666666667 0.04666666666666667
0 0.3816666666666667 0.375 0.05 0.05666666666666667
0 0.42500000000000004 0.455 0.023333333333333334 0.03666666666666667
0 0.4566666666666667 0.5 0.02 0.02666666666666667
0 0.4816666666666667 0.535 0.016666666666666666 0.023333333333333334
0 0.51 0.5683333333333334 0.03333333333333333 0.030000000000000002
0 0.5466666666666667 0.6166666666666667 0.02 0.02666666666666667
0 0.5666666666666667 0.65 0.006666666666666667 0.013333333333333334
0 0.5883333333333334 0.685 0.023333333333333334 0.03666666666666667
0 0.6233333333333334 0.7316666666666667 0.02 0.023333333333333334
0 0.7083333333333334 0.8 0.023333333333333334 0.03333333333333333
0 0.7466666666666667 0.8466666666666667 0.02666666666666667 0.03333333333333333
0 0.7833333333333334 0.8866666666666667 0.02 0.02
0 0.8250000000000001 0.9316666666666668 0.016666666666666666 0.030000000000000002
0 0.8566666666666667 0.9883333333333334 0.006666666666666667 0.01
