0 0.375 0.38833333333333336 0.05 0.06333333333333334
0 0.4716666666666667 0.34500000000000003 0.043333333333333335 0.06333333333333334
0 0.06833333333333334 0.38 0.1366666666666667 0.12666666666666668
0 0.18333333333333335 0.3566666666666667 0.08666666666666667 0.12666666666666668
0 0.2733333333333334 0.315 0.08666666666666667 0.13
0 0.36833333333333335 0.305 0.10333333333333335 0.09666666666666668
0 0.4683333333333334 0.29000000000000004 0.09000000000000001 0.060000000000000005
0 0.5533333333333333 0.28833333333333333 0.08 0.09666666666666668
0 0.63 0.25833333333333336 0.060000000000000005 0.11
0 0.75 0.2066666666666667 0.18000000000000002 0.09333333333333334
0 0.9516666666666668 0.065 0.09000000000000001 0.05666666666666667
0 0.915 0.1366666666666667 0.16333333333333333 0.07333333333333333
0 0.8200000000000001 0.33666666666666667 0.06666666666666667 0.09333333333333334
0 0.9316666666666668 0.3166666666666667 0.13 0.060000000000000005
0 0.7350000000000001 0.38333333333333336 0.09666666666666668 0.060000000000000005
0 0.75 0.2916666666666667 0.18000000000000002 0.07666666666666667
0 0.6733333333333333 0.4216666666666667 0.07333333333333333 0.07
0 0.6116666666666667 0.445 0.06333333333333334 0.06333333333333334
0 0.67 0.47000000000000003 0.02666666666666667 0.02666666666666667
0 0.555 0.4733333333333334 0.05666666666666667 0.05333333333333334
0 0.49833333333333335 0.49833333333333335 0.05666666666666667 0.043333333333333335
0 0.4566666666666667 0.5233333333333333 0.04 0.04666666666666667
0 0.41000000000000003 0.5333333333333333 0.06666666666666667 0.04666666666666667
0 0.375 0.56 0.05 0.04
0 0.32333333333333336 0.5750000000000001 0.05333333333333334 0.03666666666666667
0 0.2816666666666667 0.5866666666666667 0.03666666666666667 0.03333333333333333
0 0.21500000000000002 0.6266666666666667 0.05 0.04
0 0.11 0.645 0.18000000000000002 0.05
