0 0.7016666666666667 0.42000000000000004 0.05666666666666667 0.04666666666666667
0 0.7333333333333334 0.36333333333333334 0.03333333333333333 0.04666666666666667
0 0.6416666666666667 0.2816666666666667 0.08333333333333334 0.15000000000000002
0 0.535 0.2916666666666667 0.09666666666666668 0.16333333333333333
0 0.43833333333333335 0.25333333333333335 0.03666666666666667 0.11333333333333334
0 0.3566666666666667 0.19333333333333336 0.10666666666666667 0.060000000000000005
0 0.225 0.23833333333333334 0.09000000000000001 0.07666666666666667
0 0.085 0.2316666666666667 0.14333333333333334 0.06333333333333334
0 0.16333333333333333 0.3166666666666667 0.02666666666666667 0.07333333333333333
0 0.5866666666666667 0.7183333333333334 0.05333333333333334 0.043333333333333335
0 0.6883333333333334 0.76 0.05666666666666667 0.04
0 0.025 0.30333333333333334 0.023333333333333334 0.04
0 0.05 0.3516666666666667 0.02 0.03666666666666667
