0 0.675 0.36500000000000005 0.030000000000000002 0.05666666666666667
0 0.7233333333333334 0.33333333333333337 0.03333333333333333 0.060000000000000005
0 0.5900000000000001 0.2816666666666667 0.08666666666666667 0.12333333333333334
0 0.49333333333333335 0.35833333333333334 0.09333333333333334 0.14333333333333334
0 0.39 0.3416666666666667 0.04666666666666667 0.09666666666666668
0 0.315 0.31833333333333336 0.11 0.043333333333333335
0 0.17500000000000002 0.4166666666666667 0.11666666666666667 0.08666666666666667
0 0.05666666666666667 0.43000000000000005 0.11333333333333334 0.08666666666666667
0 0.5700000000000001 0.75 0.06666666666666667 0.04
0 0.04 0.5800000000000001 0.03333333333333333 0.07333333333333333
0 0.08 0.6433333333333334 0.02666666666666667 0.04
