0 0.5016666666666667 0.42500000000000004 0.06333333333333334 0.06333333333333334
0 0.4316666666666667 0.3866666666666667 0.06333333333333334 0.06666666666666667
0 0.3433333333333334 0.37000000000000005 0.060000000000000005 0.04666666666666667
0 0.28500000000000003 0.41833333333333333 0.03666666666666667 0.043333333333333335
0 0.3416666666666667 0.4466666666666667 0.05 0.02
0 0.26333333333333336 0.35500000000000004 0.05333333333333334 0.05
0 0.225 0.29500000000000004 0.023333333333333334 0.043333333333333335
0 0.6083333333333334 0.4966666666666667 0.016666666666666666 0.013333333333333334
0 0.6016666666666667 0.4416666666666667 0.023333333333333334 0.016666666666666666
0 0.63 0.46 0.02 0.013333333333333334
0 0.6833333333333333 0.49500000000000005 0.02 0.030000000000000002
0 0.7366666666666667 0.545 0.02 0.03666666666666667
0 0.7616666666666667 0.5833333333333334 0.023333333333333334 0.02666666666666667
0 0.7866666666666667 0.6066666666666667 0.013333333333333334 0.02
0 0.8166666666666668 0.635 0.013333333333333334 0.016666666666666666
0 0.8650000000000001 0.6933333333333334 0.016666666666666666 0.013333333333333334
