0 0.8333333333333334 0.23833333333333334 0.02666666666666667 0.030000000000000002
0 0.8733333333333334 0.21333333333333335 0.02 0.02
0 0.8966666666666667 0.2016666666666667 0.02 0.016666666666666666
0 0.9183333333333334 0.18166666666666667 0.023333333333333334 0.016666666666666666
0 0.76 0.2733333333333334 0.02 0.013333333333333334
0 0.635 0.38 0.030000000000000002 0.02
0 0.5650000000000001 0.4516666666666667 0.016666666666666666 0.023333333333333334
0 0.5516666666666667 0.47000000000000003 0.016666666666666666 0.013333333333333334
0 0.54 0.49000000000000005 0.013333333333333334 0.02
0 0.5333333333333333 0.5116666666666667 0.013333333333333334 0.016666666666666666
0 0.52 0.54 0.013333333333333334 0.02
0 0.36500000000000005 0.6633333333333333 0.016666666666666666 0.02
0 0.34 0.6866666666666668 0.02 0.02
0 0.32 0.7066666666666667 0.02 0.02
0 0.29833333333333334 0.7283333333333334 0.016666666666666666 0.023333333333333334
0 0.26166666666666666 0.7516666666666667 0.023333333333333334 0.023333333333333334
0 0.23500000000000001 0.7816666666666667 0.016666666666666666 0.023333333333333334
0 0.225 0.8083333333333333 0.016666666666666666 0.023333333333333334
0 0.19333333333333336 0.8316666666666667 0.013333333333333334 0.023333333333333334
0 0.18000000000000002 0.8600000000000001 0.02 0.02666666666666667
0 0.14500000000000002 0.89 0.01 0.02666666666666667
0 0.12666666666666668 0.92 0.02 0.03333333333333333
