0 0.8183333333333334 0.42000000000000004 0.016666666666666666 0.02
0 0.7566666666666667 0.4733333333333334 0.013333333333333334 0.013333333333333334
0 0.7366666666666667 0.49500000000000005 0.013333333333333334 0.016666666666666666
0 0.7083333333333334 0.52 0.023333333333333334 0.02
0 0.6783333333333333 0.5416666666666667 0.01 0.016666666666666666
0 0.655 0.5633333333333334 0.023333333333333334 0.02666666666666667
0 0.6033333333333334 0.5933333333333334 0.03333333333333333 0.02666666666666667
0 0.5583333333333333 0.6183333333333334 0.03666666666666667 0.023333333333333334
0 0.5116666666666667 0.6233333333333334 0.05666666666666667 0.02
0 0.46 0.6533333333333333 0.04 0.013333333333333334
0 0.405 0.6916666666666668 0.016666666666666666 0.016666666666666666
0 0.33 0.7366666666666667 0.02666666666666667 0.03333333333333333
0 0.15833333333333335 0.8616666666666667 0.03666666666666667 0.016666666666666666
0 0.07666666666666667 0.8916666666666667 0.02 0.016666666666666666
