0 0.4366666666666667 0.48500000000000004 0.02 0.030000000000000002
0 0.4633333333333334 0.52 0.02666666666666667 0.03333333333333333
0 0.48333333333333334 0.5516666666666667 0.013333333333333334 0.023333333333333334
0 0.5066666666666667 0.5816666666666667 0.02 0.016666666666666666
0 0.5283333333333333 0.6066666666666667 0.023333333333333334 0.02666666666666667
0 0.5700000000000001 0.625 0.02 0.016666666666666666
0 0.5983333333333334 0.655 0.023333333333333334 0.016666666666666666
0 0.6283333333333334 0.6933333333333334 0.01 0.02
0 0.6083333333333334 0.6900000000000001 0.016666666666666666 0.02
0 0.6466666666666667 0.7283333333333334 0.02 0.030000000000000002
0 0.28833333333333333 0.3416666666666667 0.030000000000000002 0.023333333333333334
0 0.325 0.3716666666666667 0.03666666666666667 0.030000000000000002
0 0.255 0.28833333333333333 0.030000000000000002 0.023333333333333334
0 0.26666666666666666 0.32333333333333336 0.03333333333333333 0.013333333333333334
0 0.7266666666666667 0.75 0.03333333333333333 0.02666666666666667
0 0.7633333333333334 0.7833333333333334 0.02666666666666667 0.02666666666666667
0 0.8166666666666668 0.8283333333333334 0.04666666666666667 0.03666666666666667
0 0.8883333333333334 0.8566666666666667 0.05 0.03333333333333333
0 0.9566666666666668 0.8883333333333334 0.04 0.043333333333333335
