0 0.9400000000000001 0.11 0.04 0.04666666666666667
0 0.89 0.17333333333333334 0.013333333333333334 0.02
0 0.8466666666666667 0.20833333333333334 0.013333333333333334 0.043333333333333335
0 0.8366666666666667 0.24500000000000002 0.013333333333333334 0.016666666666666666
0 0.8150000000000001 0.275 0.01 0.016666666666666666
0 0.805 0.3016666666666667 0.01 0.016666666666666666
0 0.795 0.33166666666666667 0.023333333333333334 0.023333333333333334
0 0.7300000000000001 0.375 0.006666666666666667 0.01
0 0.7166666666666667 0.4066666666666667 0.013333333333333334 0.02666666666666667
0 0.68 0.43500000000000005 0.02 0.023333333333333334
0 0.645 0.47000000000000003 0.01 0.03333333333333333
0 0.5883333333333334 0.49833333333333335 0.05 0.030000000000000002
0 0.535 0.505 0.023333333333333334 0.016666666666666666
0 0.5083333333333334 0.535 0.030000000000000002 0.030000000000000002
0 0.49833333333333335 0.5616666666666666 0.023333333333333334 0.030000000000000002
0 0.455 0.5933333333333334 0.030000000000000002 0.04666666666666667
0 0.4166666666666667 0.6216666666666667 0.03333333333333333 0.03666666666666667
0 0.38333333333333336 0.65 0.013333333333333334 0.02666666666666667
0 0.34833333333333333 0.6816666666666668 0.023333333333333334 0.030000000000000002
0 0.315 0.7183333333333334 0.016666666666666666 0.030000000000000002
0 0.28500000000000003 0.7583333333333334 0.030000000000000002 0.05
0 0.26833333333333337 0.8033333333333333 0.023333333333333334 0.03333333333333333
0 0.21333333333333335 0.8250000000000001 0.013333333333333334 0.030000000000000002
0 0.17333333333333334 0.8366666666666667 0.013333333333333334 0.02
0 0.14833333333333334 0.8533333333333334 0.030000000000000002 0.04
0 0.7516666666666667 0.165 0.01 0.03666666666666667
0 0.7116666666666667 0.20833333333333334 0.023333333333333334 0.023333333333333334
0 0.6816666666666668 0.2566666666666667 0.016666666666666666 0.02
0 0.6583333333333333 0.2833333333333333 0.016666666666666666 0.02666666666666667
0 0.625 0.35333333333333333 0.016666666666666666 0.04666666666666667
0 0.6066666666666667 0.39666666666666667 0.013333333333333334 0.04
0 0.5850000000000001 0.42333333333333334 0.01 0.013333333333333334
0 0.5483333333333333 0.4516666666666667 0.016666666666666666 0.030000000000000002
