0 0.7516666666666667 0.14333333333333334 0.05 0.013333333333333334
0 0.9450000000000001 0.24500000000000002 0.10333333333333335 0.03666666666666667
0 0.8216666666666668 0.2516666666666667 0.13 0.016666666666666666
0 0.5566666666666668 0.28 0.08 0.05333333333333334
0 0.48500000000000004 0.30000000000000004 0.06333333333333334 0.04666666666666667
0 0.4316666666666667 0.32666666666666666 0.030000000000000002 0.02666666666666667
0 0.5966666666666667 0.195 0.02666666666666667 0.016666666666666666
0 0.625 0.18166666666666667 0.030000000000000002 0.016666666666666666
0 0.6533333333333333 0.17 0.02 0.02
0 0.35000000000000003 0.34833333333333333 0.02 0.023333333333333334
0 0.315 0.37833333333333335 0.030000000000000002 0.016666666666666666
0 0.29333333333333333 0.40166666666666667 0.02 0.016666666666666666
0 0.2733333333333334 0.4266666666666667 0.02 0.02
0 0.25833333333333336 0.4516666666666667 0.016666666666666666 0.01
0 0.22333333333333336 0.5 0.02 0.02666666666666667
0 0.19833333333333333 0.5283333333333333 0.016666666666666666 0.023333333333333334
0 0.18833333333333335 0.555 0.016666666666666666 0.016666666666666666
0 0.17666666666666667 0.5750000000000001 0.006666666666666667 0.016666666666666666
0 0.16166666666666668 0.5966666666666667 0.01 0.02
0 0.15166666666666667 0.6266666666666667 0.0033333333333333335 0.02
0 0.1366666666666667 0.66 0.006666666666666667 0.02666666666666667
