0 0.43500000000000005 0.54 0.030000000000000002 0.02
0 0.4866666666666667 0.5733333333333334 0.04 0.02666666666666667
0 0.5466666666666667 0.6116666666666667 0.04 0.030000000000000002
0 0.6233333333333334 0.66 0.06666666666666667 0.03333333333333333
0 0.6916666666666668 0.7050000000000001 0.030000000000000002 0.03666666666666667
0 0.745 0.7333333333333334 0.043333333333333335 0.02
0 0.7833333333333334 0.7466666666666667 0.02666666666666667 0.02666666666666667
0 0.8350000000000001 0.7616666666666667 0.030000000000000002 0.03666666666666667
0 0.9016666666666667 0.8116666666666668 0.05666666666666667 0.05
0 0.5716666666666667 0.5750000000000001 0.016666666666666666 0.016666666666666666
