0 0.5066666666666667 0.6633333333333333 0.04666666666666667 0.02
0 0.675 0.5416666666666667 0.030000000000000002 0.043333333333333335
0 0.7033333333333334 0.525 0.02 0.016666666666666666
0 0.7233333333333334 0.49833333333333335 0.02 0.016666666666666666
0 0.7400000000000001 0.4733333333333334 0.02 0.013333333333333334
0 0.7616666666666667 0.44333333333333336 0.023333333333333334 0.013333333333333334
0 0.7666666666666667 0.385 0.02666666666666667 0.016666666666666666
0 0.7966666666666667 0.36500000000000005 0.02666666666666667 0.01
0 0.8366666666666667 0.3416666666666667 0.04 0.01
0 0.8716666666666667 0.32666666666666666 0.05 0.013333333333333334
0 0.9033333333333334 0.305 0.04 0.0033333333333333335
0 0.9316666666666668 0.28 0.030000000000000002 0.02
0 0.795 0.4166666666666667 0.043333333333333335 0.006666666666666667
0 0.8183333333333334 0.39333333333333337 0.01 0.006666666666666667
0 0.8383333333333334 0.3666666666666667 0.01 0.013333333333333334
0 0.12833333333333335 0.6066666666666667 0.016666666666666666 0.013333333333333334
0 0.5883333333333334 0.325 0.023333333333333334 0.016666666666666666
0 0.5666666666666667 0.3433333333333334 0.02 0.013333333333333334
0 0.6683333333333333 0.26833333333333337 0.016666666666666666 0.016666666666666666
0 0.7233333333333334 0.23 0.013333333333333334 0.013333333333333334
0 0.7400000000000001 0.21500000000000002 0.013333333333333334 0.01
0 0.7583333333333334 0.20500000000000002 0.016666666666666666 0.0033333333333333335
