0 0.25833333333333336 0.5783333333333334 0.10333333333333335 0.07
0 0.685 0.5916666666666667 0.61 0.15666666666666668
0 0.93 0.4733333333333334 0.13333333333333333 0.07333333333333333
0 0.7416666666666667 0.07500000000000001 0.22333333333333336 0.08333333333333334
0 0.93 0.09166666666666667 0.12666666666666668 0.05666666666666667
0 0.26666666666666666 0.09166666666666667 0.22666666666666668 0.08333333333333334
0 0.06833333333333334 0.17333333333333334 0.1366666666666667 0.03333333333333333
0 0.515 0.08833333333333333 0.2566666666666667 0.05666666666666667
0 0.5566666666666668 0.18500000000000003 0.02 0.023333333333333334
0 0.5416666666666667 0.2016666666666667 0.016666666666666666 0.023333333333333334
0 0.525 0.2 0.01 0.013333333333333334
0 0.5416666666666667 0.21833333333333335 0.01 0.01
0 0.5616666666666666 0.22833333333333336 0.01 0.023333333333333334
0 0.5483333333333333 0.25833333333333336 0.01 0.016666666666666666
0 0.5633333333333334 0.27666666666666667 0.006666666666666667 0.02
0 0.5816666666666667 0.23833333333333334 0.023333333333333334 0.03666666666666667
0 0.6483333333333334 0.25333333333333335 0.01 0.013333333333333334
0 0.6366666666666667 0.29500000000000004 0.013333333333333334 0.016666666666666666
0 0.7400000000000001 0.28 0.013333333333333334 0.060000000000000005
0 0.7533333333333334 0.3016666666666667 0.013333333333333334 0.030000000000000002
0 0.77 0.27 0.013333333333333334 0.03333333333333333
0 0.8033333333333333 0.24333333333333335 0.013333333333333334 0.03333333333333333
0 0.8266666666666668 0.33166666666666667 0.013333333333333334 0.043333333333333335
0 0.8566666666666667 0.39333333333333337 0.013333333333333334 0.04
0 0.9066666666666667 0.39666666666666667 0.02 0.04
0 0.9500000000000001 0.395 0.006666666666666667 0.016666666666666666
0 0.9716666666666667 0.38833333333333336 0.01 0.016666666666666666
0 0.8766666666666667 0.17833333333333334 0.013333333333333334 0.023333333333333334
0 0.9233333333333333 0.19166666666666668 0.013333333333333334 0.030000000000000002
0 0.9283333333333333 0.2866666666666667 0.1366666666666667 0.10666666666666667
