0 0.7383333333333334 0.5816666666666667 0.023333333333333334 0.030000000000000002
0 0.76 0.5516666666666667 0.02 0.023333333333333334
0 0.775 0.525 0.016666666666666666 0.016666666666666666
0 0.7883333333333333 0.505 0.016666666666666666 0.016666666666666666
0 0.8 0.4783333333333334 0.02666666666666667 0.023333333333333334
0 0.8183333333333334 0.43500000000000005 0.030000000000000002 0.023333333333333334
0 0.8400000000000001 0.4133333333333334 0.02666666666666667 0.013333333333333334
0 0.8616666666666667 0.39 0.016666666666666666 0.013333333333333334
0 0.8833333333333334 0.36500000000000005 0.02666666666666667 0.016666666666666666
0 0.905 0.33166666666666667 0.023333333333333334 0.023333333333333334
0 0.9216666666666667 0.2966666666666667 0.023333333333333334 0.02666666666666667
0 0.7783333333333334 0.3983333333333334 0.016666666666666666 0.01
0 0.8116666666666668 0.3916666666666667 0.023333333333333334 0.01
0 0.8333333333333334 0.37333333333333335 0.013333333333333334 0.006666666666666667
0 0.8533333333333334 0.35500000000000004 0.02 0.01
0 0.8716666666666667 0.3383333333333334 0.023333333333333334 0.023333333333333334
0 0.5950000000000001 0.7283333333333334 0.03666666666666667 0.023333333333333334
0 0.3116666666666667 0.6533333333333333 0.016666666666666666 0.02
0 0.655 0.35500000000000004 0.016666666666666666 0.023333333333333334
0 0.7266666666666667 0.27166666666666667 0.02 0.016666666666666666
