0 0.9316666666666668 0.195 0.12333333333333334 0.07
0 0.8300000000000001 0.2516666666666667 0.12666666666666668 0.09666666666666668
0 0.7883333333333333 0.17 0.023333333333333334 0.02
0 0.8083333333333333 0.17666666666666667 0.016666666666666666 0.02
0 0.8250000000000001 0.17 0.016666666666666666 0.02
0 0.7533333333333334 0.3016666666666667 0.09333333333333334 0.11666666666666667
0 0.6933333333333334 0.36000000000000004 0.1 0.12666666666666668
0 0.5916666666666667 0.35333333333333333 0.05 0.03333333333333333
0 0.5900000000000001 0.42833333333333334 0.12000000000000001 0.11666666666666667
0 0.5033333333333334 0.4866666666666667 0.11333333333333334 0.14666666666666667
0 0.4216666666666667 0.465 0.023333333333333334 0.030000000000000002
0 0.3716666666666667 0.4966666666666667 0.07666666666666667 0.02
0 0.315 0.525 0.03666666666666667 0.016666666666666666
0 0.28500000000000003 0.5466666666666667 0.03666666666666667 0.02
0 0.39666666666666667 0.5633333333333334 0.12666666666666668 0.1
0 0.2833333333333333 0.6316666666666667 0.11333333333333334 0.08333333333333334
0 0.195 0.7083333333333334 0.11666666666666667 0.09666666666666668
0 0.11833333333333335 0.7766666666666667 0.11666666666666667 0.06666666666666667
0 0.058333333333333334 0.8400000000000001 0.09666666666666668 0.08
