0 0.28833333333333333 0.935 0.030000000000000002 0.043333333333333335
0 0.31833333333333336 0.9183333333333334 0.023333333333333334 0.030000000000000002
0 0.42833333333333334 0.8250000000000001 0.030000000000000002 0.030000000000000002
0 0.4033333333333334 0.8533333333333334 0.02 0.02
0 0.5750000000000001 0.7133333333333334 0.03666666666666667 0.02
0 0.5366666666666667 0.7483333333333334 0.04 0.023333333333333334
0 0.5983333333333334 0.9850000000000001 0.03666666666666667 0.023333333333333334
0 0.6316666666666667 0.9600000000000001 0.023333333333333334 0.013333333333333334
0 0.6716666666666667 0.9450000000000001 0.030000000000000002 0.016666666666666666
0 0.7050000000000001 0.9216666666666667 0.023333333333333334 0.01
0 0.7233333333333334 0.9016666666666667 0.03333333333333333 0.01
0 0.745 0.88 0.023333333333333334 0.006666666666666667
0 0.81 0.8366666666666667 0.04666666666666667 0.02
0 0.8483333333333334 0.8233333333333334 0.023333333333333334 0.04
0 0.7866666666666667 0.8983333333333334 0.013333333333333334 0.030000000000000002
0 0.7683333333333334 0.9216666666666667 0.023333333333333334 0.016666666666666666
0 0.7433333333333334 0.9416666666666668 0.02666666666666667 0.023333333333333334
0 0.7216666666666667 0.9716666666666667 0.023333333333333334 0.023333333333333334
0 0.6833333333333333 0.9833333333333334 0.02 0.013333333333333334
