0 0.8083333333333333 0.47500000000000003 0.3766666666666667 0.05666666666666667
0 0.5966666666666667 0.4683333333333334 0.04666666666666667 0.03666666666666667
0 0.4666666666666667 0.4783333333333334 0.2 0.03666666666666667
0 0.305 0.4816666666666667 0.11 0.016666666666666666
0 0.21666666666666667 0.49000000000000005 0.06666666666666667 0.02666666666666667
0 0.08333333333333334 0.5 0.16 0.02666666666666667
0 0.9483333333333334 0.6050000000000001 0.09666666666666668 0.030000000000000002
0 0.8150000000000001 0.6233333333333334 0.1366666666666667 0.03333333333333333
0 0.755 0.645 0.21000000000000002 0.030000000000000002
0 0.7566666666666667 0.6783333333333333 0.18666666666666668 0.016666666666666666
0 0.9400000000000001 0.655 0.11333333333333334 0.023333333333333334
0 0.5583333333333333 0.655 0.20333333333333334 0.023333333333333334
0 0.36833333333333335 0.67 0.05 0.04
0 0.4266666666666667 0.6533333333333333 0.060000000000000005 0.02
0 0.275 0.6616666666666667 0.1366666666666667 0.023333333333333334
0 0.10833333333333334 0.6816666666666668 0.21000000000000002 0.023333333333333334
0 0.6066666666666667 0.7050000000000001 0.16 0.016666666666666666
0 0.48500000000000004 0.7166666666666667 0.07666666666666667 0.006666666666666667
0 0.38333333333333336 0.7283333333333334 0.06666666666666667 0.016666666666666666
0 0.10166666666666667 0.7566666666666667 0.19 0.013333333333333334
0 0.3066666666666667 0.7400000000000001 0.1 0.013333333333333334
