0 0.9416666666666668 0.6816666666666668 0.05 0.09000000000000001
0 0.9766666666666667 0.6366666666666667 0.04 0.14666666666666667
0 0.6683333333333333 0.4766666666666667 0.030000000000000002 0.02
0 0.7016666666666667 0.4966666666666667 0.023333333333333334 0.02
0 0.7250000000000001 0.515 0.023333333333333334 0.016666666666666666
0 0.7583333333333334 0.5366666666666667 0.030000000000000002 0.02
0 0.7883333333333333 0.555 0.023333333333333334 0.016666666666666666
0 0.8200000000000001 0.5783333333333334 0.02666666666666667 0.016666666666666666
0 0.8483333333333334 0.6016666666666667 0.023333333333333334 0.023333333333333334
0 0.8783333333333334 0.625 0.030000000000000002 0.030000000000000002
0 0.63 0.45333333333333337 0.04 0.03333333333333333
0 0.5883333333333334 0.4266666666666667 0.030000000000000002 0.02666666666666667
0 0.55 0.3983333333333334 0.03333333333333333 0.023333333333333334
0 0.5016666666666667 0.36833333333333335 0.03666666666666667 0.023333333333333334
0 0.4666666666666667 0.34500000000000003 0.02 0.016666666666666666
0 0.4416666666666667 0.32833333333333337 0.023333333333333334 0.016666666666666666
0 0.4033333333333334 0.34500000000000003 0.013333333333333334 0.03666666666666667
0 0.40166666666666667 0.3116666666666667 0.030000000000000002 0.023333333333333334
0 0.35500000000000004 0.29333333333333333 0.05666666666666667 0.02666666666666667
0 0.3066666666666667 0.29833333333333334 0.04 0.023333333333333334
0 0.26833333333333337 0.27666666666666667 0.030000000000000002 0.03333333333333333
0 0.23333333333333334 0.255 0.03333333333333333 0.023333333333333334
0 0.013333333333333334 0.25 0.02666666666666667 0.02666666666666667
0 0.043333333333333335 0.265 0.02666666666666667 0.030000000000000002
0 0.07833333333333334 0.29833333333333334 0.030000000000000002 0.030000000000000002
0 0.10666666666666667 0.32666666666666666 0.02 0.02666666666666667
0 0.14833333333333334 0.35333333333333333 0.030000000000000002 0.03333333333333333
0 0.18666666666666668 0.375 0.03333333333333333 0.03666666666666667
0 0.21333333333333335 0.3916666666666667 0.02 0.03666666666666667
0 0.29500000000000004 0.4716666666666667 0.023333333333333334 0.016666666666666666
0 0.325 0.49833333333333335 0.023333333333333334 0.030000000000000002
0 0.35500000000000004 0.5183333333333333 0.023333333333333334 0.023333333333333334
0 0.38333333333333336 0.5366666666666667 0.02666666666666667 0.02666666666666667
0 0.42000000000000004 0.5716666666666667 0.03333333333333333 0.030000000000000002
0 0.46 0.5983333333333334 0.04 0.030000000000000002
0 0.49833333333333335 0.62 0.03666666666666667 0.02
0 0.5316666666666667 0.6416666666666667 0.03666666666666667 0.030000000000000002
0 0.5816666666666667 0.67 0.043333333333333335 0.02666666666666667
0 0.6266666666666667 0.6916666666666668 0.02666666666666667 0.023333333333333334
0 0.6583333333333333 0.7083333333333334 0.030000000000000002 0.023333333333333334
0 0.7033333333333334 0.7250000000000001 0.04 0.030000000000000002
0 0.7566666666666667 0.7416666666666667 0.04666666666666667 0.03666666666666667
0 0.8033333333333333 0.7583333333333334 0.04 0.030000000000000002
0 0.8550000000000001 0.7766666666666667 0.043333333333333335 0.03333333333333333
0 0.905 0.7866666666666667 0.043333333333333335 0.02666666666666667
0 0.9633333333333334 0.7983333333333333 0.060000000000000005 0.030000000000000002
