0 0.9700000000000001 0.10500000000000001 0.05333333333333334 0.05
0 0.9266666666666667 0.14 0.04 0.04
0 0.8833333333333334 0.17500000000000002 0.06666666666666667 0.05
0 0.8083333333333333 0.195 0.07666666666666667 0.07
0 0.7366666666666667 0.20500000000000002 0.060000000000000005 0.06333333333333334
0 0.6833333333333333 0.195 0.03333333333333333 0.030000000000000002
0 0.6316666666666667 0.225 0.043333333333333335 0.030000000000000002
0 0.5950000000000001 0.26166666666666666 0.043333333333333335 0.030000000000000002
0 0.5616666666666666 0.29000000000000004 0.023333333333333334 0.02666666666666667
0 0.4683333333333334 0.26833333333333337 0.06333333333333334 0.030000000000000002
0 0.4 0.28500000000000003 0.07333333333333333 0.023333333333333334
0 0.9566666666666668 0.3416666666666667 0.08 0.07666666666666667
0 0.8866666666666667 0.38833333333333336 0.07333333333333333 0.07
0 0.81 0.4116666666666667 0.06666666666666667 0.05
0 0.7316666666666667 0.4266666666666667 0.05666666666666667 0.08
0 0.6433333333333334 0.46166666666666667 0.10666666666666667 0.023333333333333334
0 0.5416666666666667 0.5083333333333334 0.06333333333333334 0.06333333333333334
0 0.47500000000000003 0.5133333333333334 0.07 0.04
0 0.3016666666666667 0.5700000000000001 0.06333333333333334 0.06666666666666667
0 0.21166666666666667 0.6016666666666667 0.11666666666666667 0.05666666666666667
0 0.1366666666666667 0.63 0.05333333333333334 0.04
0 0.9833333333333334 0.5950000000000001 0.02666666666666667 0.07
0 0.9133333333333334 0.6416666666666667 0.03333333333333333 0.030000000000000002
0 0.9500000000000001 0.63 0.02666666666666667 0.02666666666666667
0 0.7966666666666667 0.7283333333333334 0.02666666666666667 0.03666666666666667
0 0.7050000000000001 0.7633333333333334 0.030000000000000002 0.02666666666666667
0 0.75 0.7533333333333334 0.02666666666666667 0.02666666666666667
0 0.8450000000000001 0.7000000000000001 0.023333333333333334 0.02
0 0.8783333333333334 0.6816666666666668 0.023333333333333334 0.016666666666666666
0 0.9 0.6733333333333333 0.02 0.013333333333333334
