0 0.5016666666666667 0.66 0.03666666666666667 0.02
0 0.6783333333333333 0.5466666666666667 0.030000000000000002 0.03333333333333333
0 0.7066666666666667 0.5183333333333333 0.03333333333333333 0.030000000000000002
0 0.7333333333333334 0.49000000000000005 0.02666666666666667 0.02
0 0.7533333333333334 0.4633333333333334 0.04 0.02
0 0.7383333333333334 0.3816666666666667 0.023333333333333334 0.016666666666666666
0 0.7633333333333334 0.37833333333333335 0.02 0.01
0 0.7866666666666667 0.36500000000000005 0.02 0.01
0 0.8066666666666668 0.3466666666666667 0.013333333333333334 0.006666666666666667
0 0.8300000000000001 0.33666666666666667 0.02666666666666667 0.02
0 0.8566666666666667 0.325 0.02 0.016666666666666666
0 0.8716666666666667 0.30833333333333335 0.023333333333333334 0.016666666666666666
0 0.9116666666666667 0.2833333333333333 0.023333333333333334 0.013333333333333334
0 0.9400000000000001 0.26333333333333336 0.02 0.013333333333333334
0 0.9683333333333334 0.24500000000000002 0.016666666666666666 0.01
0 0.7733333333333334 0.4166666666666667 0.02 0.013333333333333334
0 0.795 0.4066666666666667 0.016666666666666666 0.006666666666666667
0 0.8166666666666668 0.3916666666666667 0.013333333333333334 0.01
0 0.8366666666666667 0.37833333333333335 0.013333333333333334 0.01
0 0.555 0.34500000000000003 0.030000000000000002 0.023333333333333334
0 0.5916666666666667 0.32 0.030000000000000002 0.006666666666666667
0 0.645 0.2816666666666667 0.023333333333333334 0.016666666666666666
0 0.6766666666666667 0.26 0.03333333333333333 0.013333333333333334
