0 0.09833333333333334 0.19 0.06333333333333334 0.060000000000000005
0 0.17333333333333334 0.22833333333333336 0.04666666666666667 0.043333333333333335
0 0.22166666666666668 0.2516666666666667 0.030000000000000002 0.01
0 0.24166666666666667 0.23500000000000001 0.03666666666666667 0.023333333333333334
0 0.28 0.2916666666666667 0.04666666666666667 0.05
0 0.32666666666666666 0.3116666666666667 0.03333333333333333 0.043333333333333335
0 0.37833333333333335 0.3383333333333334 0.03666666666666667 0.03666666666666667
0 0.42000000000000004 0.37833333333333335 0.02666666666666667 0.06333333333333334
0 0.455 0.36333333333333334 0.023333333333333334 0.02
0 0.48833333333333334 0.3983333333333334 0.03666666666666667 0.043333333333333335
0 0.5750000000000001 0.4683333333333334 0.016666666666666666 0.023333333333333334
