0 0.6766666666666667 0.5466666666666667 0.02666666666666667 0.02666666666666667
0 0.7116666666666667 0.5216666666666667 0.030000000000000002 0.023333333333333334
0 0.7300000000000001 0.49333333333333335 0.02 0.013333333333333334
0 0.75 0.465 0.02 0.01
0 0.7683333333333334 0.44 0.016666666666666666 0.006666666666666667
0 0.7716666666666667 0.41500000000000004 0.03666666666666667 0.01
0 0.8133333333333334 0.3983333333333334 0.02 0.01
0 0.8416666666666667 0.38 0.016666666666666666 0.006666666666666667
0 0.7433333333333334 0.3766666666666667 0.03333333333333333 0.013333333333333334
0 0.78 0.3666666666666667 0.02666666666666667 0.006666666666666667
0 0.81 0.35333333333333333 0.02 0.006666666666666667
0 0.8266666666666668 0.335 0.02 0.01
0 0.8583333333333334 0.31833333333333336 0.023333333333333334 0.016666666666666666
0 0.66 0.41500000000000004 0.013333333333333334 0.01
0 0.5766666666666667 0.4516666666666667 0.013333333333333334 0.01
0 0.5 0.665 0.03333333333333333 0.023333333333333334
0 0.5916666666666667 0.32666666666666666 0.016666666666666666 0.02
0 0.5633333333333334 0.3466666666666667 0.02666666666666667 0.02
0 0.6483333333333334 0.28 0.023333333333333334 0.013333333333333334
0 0.67 0.25833333333333336 0.02 0.016666666666666666
0 0.7116666666666667 0.24000000000000002 0.016666666666666666 0.006666666666666667
0 0.7333333333333334 0.22 0.013333333333333334 0.006666666666666667
0 0.755 0.2016666666666667 0.016666666666666666 0.01
