0 0.5 0.6666666666666667 0.04 0.02666666666666667
0 0.68 0.545 0.03333333333333333 0.03666666666666667
0 0.7116666666666667 0.515 0.023333333333333334 0.023333333333333334
0 0.7350000000000001 0.48500000000000004 0.023333333333333334 0.016666666666666666
0 0.7616666666666667 0.4566666666666667 0.030000000000000002 0.02
0 0.7666666666666667 0.42333333333333334 0.02666666666666667 0.013333333333333334
0 0.7933333333333333 0.41500000000000004 0.02 0.01
0 0.8216666666666668 0.3983333333333334 0.016666666666666666 0.016666666666666666
0 0.8466666666666667 0.38 0.02 0.013333333333333334
0 0.7483333333333334 0.385 0.05 0.01
0 0.785 0.3666666666666667 0.030000000000000002 0.013333333333333334
0 0.81 0.3516666666666667 0.02 0.016666666666666666
0 0.8316666666666667 0.3383333333333334 0.023333333333333334 0.016666666666666666
0 0.8550000000000001 0.325 0.023333333333333334 0.016666666666666666
0 0.8766666666666667 0.34 0.013333333333333334 0.02
0 0.9016666666666667 0.2866666666666667 0.01 0.02
0 0.9083333333333334 0.32 0.016666666666666666 0.02
0 0.9233333333333333 0.265 0.013333333333333334 0.016666666666666666
0 0.93 0.30333333333333334 0.013333333333333334 0.013333333333333334
0 0.9466666666666668 0.26 0.006666666666666667 0.02
0 0.5883333333333334 0.32333333333333336 0.016666666666666666 0.013333333333333334
0 0.5666666666666667 0.3416666666666667 0.02 0.016666666666666666
0 0.6633333333333333 0.26333333333333336 0.02 0.02
