0 0.6783333333333333 0.33333333333333337 0.01 0.013333333333333334
0 0.39 0.26666666666666666 0.02666666666666667 0.02666666666666667
0 0.4216666666666667 0.2566666666666667 0.023333333333333334 0.02
0 0.24333333333333335 0.405 0.013333333333333334 0.030000000000000002
0 0.22666666666666668 0.44333333333333336 0.03333333333333333 0.02
0 0.2016666666666667 0.4783333333333334 0.023333333333333334 0.03666666666666667
0 0.18666666666666668 0.525 0.03333333333333333 0.030000000000000002
0 0.225 0.5433333333333333 0.016666666666666666 0.02
0 0.16833333333333333 0.56 0.043333333333333335 0.02
0 0.135 0.5800000000000001 0.023333333333333334 0.02
0 0.11666666666666667 0.6116666666666667 0.02666666666666667 0.023333333333333334
0 0.09833333333333334 0.64 0.016666666666666666 0.013333333333333334
0 0.07833333333333334 0.6616666666666667 0.016666666666666666 0.016666666666666666
0 0.06833333333333334 0.6883333333333334 0.023333333333333334 0.016666666666666666
0 0.10166666666666667 0.67 0.01 0.006666666666666667
0 0.12333333333333334 0.65 0.013333333333333334 0.006666666666666667
0 0.16333333333333333 0.615 0.02 0.0033333333333333335
0 0.3433333333333334 0.6416666666666667 0.02666666666666667 0.023333333333333334
0 0.26833333333333337 0.7100000000000001 0.01 0.006666666666666667
