0 0.5016666666666667 0.6666666666666667 0.05 0.02666666666666667
0 0.6766666666666667 0.545 0.02666666666666667 0.016666666666666666
0 0.7083333333333334 0.525 0.030000000000000002 0.016666666666666666
0 0.7300000000000001 0.4966666666666667 0.02 0.013333333333333334
0 0.75 0.465 0.03333333333333333 0.016666666666666666
0 0.7566666666666667 0.4266666666666667 0.02 0.013333333333333334
0 0.78 0.41833333333333333 0.02 0.016666666666666666
0 0.8116666666666668 0.4033333333333334 0.016666666666666666 0.013333333333333334
0 0.8400000000000001 0.3816666666666667 0.013333333333333334 0.01
0 0.7400000000000001 0.385 0.04 0.023333333333333334
0 0.7783333333333334 0.3666666666666667 0.023333333333333334 0.013333333333333334
0 0.8016666666666667 0.35333333333333333 0.023333333333333334 0.013333333333333334
0 0.8300000000000001 0.34 0.02 0.013333333333333334
0 0.8516666666666667 0.32333333333333336 0.016666666666666666 0.013333333333333334
0 0.8750000000000001 0.325 0.01 0.016666666666666666
0 0.7050000000000001 0.42333333333333334 0.023333333333333334 0.02
0 0.5883333333333334 0.325 0.016666666666666666 0.016666666666666666
0 0.56 0.34500000000000003 0.013333333333333334 0.016666666666666666
0 0.65 0.28500000000000003 0.02 0.01
0 0.6683333333333333 0.25833333333333336 0.016666666666666666 0.016666666666666666
0 0.7200000000000001 0.23500000000000001 0.013333333333333334 0.01
0 0.7416666666666667 0.21833333333333335 0.016666666666666666 0.01
0 0.7616666666666667 0.20500000000000002 0.016666666666666666 0.016666666666666666
