0 0.31333333333333335 0.9133333333333334 0.02666666666666667 0.03333333333333333
0 0.2833333333333333 0.9433333333333334 0.02 0.02
0 0.405 0.8483333333333334 0.016666666666666666 0.016666666666666666
0 0.43500000000000005 0.8233333333333334 0.016666666666666666 0.013333333333333334
0 0.4566666666666667 0.8016666666666667 0.02 0.030000000000000002
0 0.49833333333333335 0.7816666666666667 0.016666666666666666 0.016666666666666666
0 0.5216666666666667 0.7633333333333334 0.016666666666666666 0.013333333333333334
0 0.545 0.75 0.01 0.006666666666666667
0 0.5566666666666668 0.7316666666666667 0.013333333333333334 0.01
0 0.5733333333333334 0.7133333333333334 0.013333333333333334 0.006666666666666667
0 0.5833333333333334 0.9866666666666667 0.03333333333333333 0.013333333333333334
0 0.6166666666666667 0.9666666666666667 0.02 0.013333333333333334
0 0.6416666666666667 0.9550000000000001 0.016666666666666666 0.01
0 0.6683333333333333 0.9333333333333333 0.016666666666666666 0.013333333333333334
0 0.6950000000000001 0.9900000000000001 0.043333333333333335 0.006666666666666667
0 0.7133333333333334 0.9666666666666667 0.02 0.013333333333333334
0 0.7416666666666667 0.9483333333333334 0.016666666666666666 0.016666666666666666
0 0.7583333333333334 0.9133333333333334 0.016666666666666666 0.02
0 0.7766666666666667 0.8916666666666667 0.02 0.016666666666666666
0 0.8 0.8433333333333334 0.02 0.013333333333333334
0 0.8166666666666668 0.8750000000000001 0.006666666666666667 0.01
