0 0.7483333333333334 0.40166666666666667 0.08333333333333334 0.06333333333333334
0 0.043333333333333335 0.3666666666666667 0.08666666666666667 0.19333333333333336
0 0.12833333333333335 0.385 0.07666666666666667 0.17666666666666667
0 0.20833333333333334 0.41833333333333333 0.08333333333333334 0.20333333333333334
0 0.43833333333333335 0.49500000000000005 0.3766666666666667 0.15000000000000002
0 0.30333333333333334 0.38 0.10666666666666667 0.08
0 0.5383333333333333 0.6066666666666667 0.18333333333333335 0.06666666666666667
0 0.6683333333333333 0.6016666666666667 0.07 0.33666666666666667
0 0.805 0.49500000000000005 0.19 0.11666666666666667
0 0.8533333333333334 0.7033333333333334 0.2866666666666667 0.26666666666666666
