0 0.445 0.28500000000000003 0.023333333333333334 0.030000000000000002
0 0.48500000000000004 0.33333333333333337 0.016666666666666666 0.03333333333333333
0 0.48333333333333334 0.38833333333333336 0.02 0.030000000000000002
0 0.455 0.5233333333333333 0.023333333333333334 0.04
0 0.5033333333333334 0.5800000000000001 0.060000000000000005 0.03333333333333333
0 0.5333333333333333 0.5366666666666667 0.02 0.02
0 0.56 0.6050000000000001 0.03333333333333333 0.043333333333333335
0 0.5816666666666667 0.6683333333333333 0.030000000000000002 0.030000000000000002
0 0.67 0.7783333333333334 0.06666666666666667 0.05
0 0.7483333333333334 0.7833333333333334 0.043333333333333335 0.08
0 0.8 0.9133333333333334 0.06666666666666667 0.08
