0 0.9783333333333334 0.6366666666666667 0.03666666666666667 0.1
0 0.9450000000000001 0.68 0.030000000000000002 0.060000000000000005
0 0.4633333333333334 0.5883333333333334 0.02666666666666667 0.023333333333333334
0 0.5016666666666667 0.6216666666666667 0.023333333333333334 0.023333333333333334
0 0.5316666666666667 0.6433333333333334 0.023333333333333334 0.02
0 0.5716666666666667 0.6666666666666667 0.030000000000000002 0.006666666666666667
0 0.6116666666666667 0.6883333333333334 0.023333333333333334 0.01
0 0.6566666666666667 0.7100000000000001 0.03333333333333333 0.02
0 0.7050000000000001 0.7300000000000001 0.030000000000000002 0.013333333333333334
0 0.7583333333333334 0.7533333333333334 0.016666666666666666 0.006666666666666667
0 0.3016666666666667 0.4733333333333334 0.023333333333333334 0.02
0 0.3383333333333334 0.5066666666666667 0.030000000000000002 0.02666666666666667
0 0.39333333333333337 0.55 0.02666666666666667 0.03333333333333333
0 0.15833333333333335 0.35333333333333333 0.030000000000000002 0.02666666666666667
0 0.19166666666666668 0.37833333333333335 0.030000000000000002 0.023333333333333334
0 0.17 0.21833333333333335 0.02 0.01
0 0.21166666666666667 0.24500000000000002 0.03666666666666667 0.016666666666666666
0 0.24833333333333335 0.265 0.023333333333333334 0.016666666666666666
0 0.29333333333333333 0.2866666666666667 0.04 0.02
0 0.3416666666666667 0.2866666666666667 0.030000000000000002 0.02
0 0.375 0.30000000000000004 0.030000000000000002 0.006666666666666667
0 0.4166666666666667 0.32 0.02 0.013333333333333334
0 0.9083333333333334 0.6583333333333333 0.016666666666666666 0.016666666666666666
