0 0.9683333333333334 0.12833333333333335 0.05 0.05
0 0.9166666666666667 0.15833333333333335 0.05333333333333334 0.043333333333333335
0 0.8700000000000001 0.19333333333333336 0.04 0.04
0 0.8233333333333334 0.225 0.05333333333333334 0.043333333333333335
0 0.7666666666666667 0.26 0.07333333333333333 0.060000000000000005
0 0.7083333333333334 0.2816666666666667 0.05 0.03666666666666667
0 0.66 0.31333333333333335 0.060000000000000005 0.04
0 0.61 0.34 0.04 0.03333333333333333
0 0.5683333333333334 0.3616666666666667 0.05 0.03666666666666667
0 0.5183333333333333 0.3766666666666667 0.043333333333333335 0.02666666666666667
0 0.48333333333333334 0.4083333333333334 0.05333333333333334 0.043333333333333335
0 0.43000000000000005 0.4316666666666667 0.060000000000000005 0.043333333333333335
0 0.3816666666666667 0.46 0.05 0.03333333333333333
0 0.34500000000000003 0.4816666666666667 0.05 0.05
0 0.30833333333333335 0.5183333333333333 0.05 0.043333333333333335
0 0.26666666666666666 0.5433333333333333 0.04666666666666667 0.04666666666666667
0 0.22666666666666668 0.5683333333333334 0.05333333333333334 0.043333333333333335
0 0.18333333333333335 0.5950000000000001 0.05333333333333334 0.05
0 0.13166666666666668 0.6216666666666667 0.05666666666666667 0.043333333333333335
0 0.04 0.6766666666666667 0.03333333333333333 0.02666666666666667
0 0.9566666666666668 0.28833333333333333 0.04 0.05666666666666667
0 0.9 0.3416666666666667 0.04666666666666667 0.043333333333333335
0 0.8516666666666667 0.3983333333333334 0.05666666666666667 0.043333333333333335
0 0.7883333333333333 0.4366666666666667 0.043333333333333335 0.04666666666666667
0 0.75 0.4733333333333334 0.05333333333333334 0.04666666666666667
0 0.6950000000000001 0.5016666666666667 0.07 0.05
0 0.63 0.5416666666666667 0.05333333333333334 0.043333333333333335
0 0.5683333333333334 0.5866666666666667 0.05666666666666667 0.060000000000000005
0 0.5216666666666667 0.6266666666666667 0.043333333333333335 0.04666666666666667
0 0.4716666666666667 0.66 0.05 0.04
0 0.4133333333333334 0.6900000000000001 0.05333333333333334 0.05333333333333334
0 0.36833333333333335 0.7216666666666667 0.07 0.05666666666666667
0 0.31 0.77 0.05333333333333334 0.05333333333333334
0 0.24833333333333335 0.8233333333333334 0.07 0.04666666666666667
0 0.18000000000000002 0.8566666666666667 0.08666666666666667 0.04
0 0.08166666666666667 0.8933333333333334 0.07666666666666667 0.04
0 0.035 0.9316666666666668 0.07 0.05
