0 0.4516666666666667 0.49500000000000005 0.06333333333333334 0.05
0 0.535 0.555 0.03666666666666667 0.03666666666666667
0 0.5966666666666667 0.6116666666666667 0.03333333333333333 0.030000000000000002
0 0.6933333333333334 0.6616666666666667 0.02666666666666667 0.023333333333333334
0 0.555 0.4516666666666667 0.016666666666666666 0.01
0 0.6183333333333334 0.49833333333333335 0.030000000000000002 0.023333333333333334
0 0.6666666666666667 0.535 0.03333333333333333 0.023333333333333334
0 0.7350000000000001 0.5716666666666667 0.016666666666666666 0.023333333333333334
0 0.5416666666666667 0.36333333333333334 0.016666666666666666 0.013333333333333334
0 0.5983333333333334 0.4033333333333334 0.023333333333333334 0.02
0 0.65 0.44 0.03333333333333333 0.02666666666666667
0 0.6966666666666667 0.4733333333333334 0.02 0.013333333333333334
