0 0.6933333333333334 0.24666666666666667 0.05333333333333334 0.060000000000000005
0 0.7333333333333334 0.1716666666666667 0.04 0.03666666666666667
0 0.79 0.21166666666666667 0.03333333333333333 0.023333333333333334
0 0.79 0.12166666666666667 0.03333333333333333 0.023333333333333334
0 0.8316666666666667 0.16 0.016666666666666666 0.02
0 0.8550000000000001 0.065 0.030000000000000002 0.03666666666666667
0 0.8916666666666667 0.11333333333333334 0.016666666666666666 0.02
0 0.65 0.33166666666666667 0.03333333333333333 0.023333333333333334
0 0.62 0.36833333333333335 0.02666666666666667 0.023333333333333334
0 0.5916666666666667 0.4066666666666667 0.03666666666666667 0.02666666666666667
0 0.5566666666666668 0.44 0.02666666666666667 0.02
0 0.5133333333333334 0.47500000000000003 0.02666666666666667 0.023333333333333334
0 0.49333333333333335 0.5066666666666667 0.02 0.02
0 0.4633333333333334 0.5316666666666667 0.02 0.023333333333333334
0 0.4266666666666667 0.56 0.013333333333333334 0.013333333333333334
0 0.405 0.5883333333333334 0.016666666666666666 0.023333333333333334
0 0.375 0.6133333333333334 0.01 0.02666666666666667
0 0.33 0.665 0.02 0.016666666666666666
0 0.3066666666666667 0.6933333333333334 0.013333333333333334 0.006666666666666667
0 0.35333333333333333 0.6383333333333334 0.013333333333333334 0.016666666666666666
0 0.615 0.27 0.01 0.013333333333333334
0 0.5866666666666667 0.29500000000000004 0.006666666666666667 0.01
0 0.5583333333333333 0.325 0.016666666666666666 0.016666666666666666
0 0.5283333333333333 0.3516666666666667 0.01 0.016666666666666666
0 0.49333333333333335 0.3766666666666667 0.013333333333333334 0.02
0 0.465 0.40166666666666667 0.016666666666666666 0.030000000000000002
0 0.43500000000000005 0.4366666666666667 0.023333333333333334 0.02666666666666667
0 0.405 0.47000000000000003 0.023333333333333334 0.02
0 0.385 0.4916666666666667 0.016666666666666666 0.023333333333333334
