0 0.5283333333333333 0.56 0.14333333333333334 0.09333333333333334
0 0.6466666666666667 0.5983333333333334 0.07333333333333333 0.05666666666666667
0 0.78 0.62 0.04666666666666667 0.060000000000000005
0 0.8250000000000001 0.6716666666666667 0.030000000000000002 0.03666666666666667
0 0.42833333333333334 0.62 0.06333333333333334 0.04666666666666667
0 0.3566666666666667 0.6683333333333333 0.04666666666666667 0.05666666666666667
0 0.32 0.7216666666666667 0.04666666666666667 0.05666666666666667
0 0.26833333333333337 0.76 0.043333333333333335 0.05333333333333334
0 0.25 0.8166666666666668 0.03333333333333333 0.04
0 0.23333333333333334 0.8633333333333334 0.02 0.03333333333333333
0 0.21000000000000002 0.8766666666666667 0.013333333333333334 0.02
0 0.19666666666666668 0.8883333333333334 0.006666666666666667 0.016666666666666666
0 0.17833333333333334 0.91 0.0033333333333333335 0.02
0 0.16333333333333333 0.9383333333333334 0.0 0.023333333333333334
0 0.6483333333333334 0.5083333333333334 0.030000000000000002 0.07
