0 0.13833333333333334 0.4 0.09000000000000001 0.14
0 0.21833333333333335 0.48333333333333334 0.05666666666666667 0.05333333333333334
0 0.30000000000000004 0.505 0.04666666666666667 0.06333333333333334
0 0.35500000000000004 0.5216666666666667 0.05666666666666667 0.03666666666666667
0 0.445 0.5416666666666667 0.043333333333333335 0.043333333333333335
0 0.5033333333333334 0.5783333333333334 0.04 0.05
0 0.5433333333333333 0.625 0.02 0.03666666666666667
0 0.5916666666666667 0.6983333333333334 0.043333333333333335 0.07
0 0.56 0.7416666666666667 0.013333333333333334 0.05666666666666667
0 0.5116666666666667 0.8500000000000001 0.07 0.16
0 0.5800000000000001 0.89 0.04 0.08
0 0.6433333333333334 0.9433333333333334 0.02666666666666667 0.060000000000000005
0 0.43500000000000005 0.8333333333333334 0.03666666666666667 0.02666666666666667
0 0.3666666666666667 0.7933333333333333 0.05333333333333334 0.09333333333333334
0 0.12833333333333335 0.9516666666666668 0.11 0.08333333333333334
0 0.21166666666666667 0.905 0.05666666666666667 0.03666666666666667
0 0.25333333333333335 0.8883333333333334 0.04 0.03666666666666667
0 0.305 0.8883333333333334 0.05666666666666667 0.030000000000000002
0 0.12333333333333334 0.6316666666666667 0.060000000000000005 0.15666666666666668
0 0.17666666666666667 0.6900000000000001 0.05333333333333334 0.09333333333333334
0 0.2366666666666667 0.6866666666666668 0.04 0.14
0 0.2816666666666667 0.7100000000000001 0.03666666666666667 0.14666666666666667
0 0.33 0.76 0.03333333333333333 0.07333333333333333
0 0.02666666666666667 0.6366666666666667 0.05333333333333334 0.1
0 0.07500000000000001 0.6133333333333334 0.016666666666666666 0.02666666666666667
