0 0.9566666666666668 0.155 0.08 0.043333333333333335
0 0.8616666666666667 0.17833333333333334 0.09666666666666668 0.043333333333333335
0 0.7416666666666667 0.22666666666666668 0.14333333333333334 0.04666666666666667
0 0.65 0.2833333333333333 0.14 0.04
0 0.5583333333333333 0.32333333333333336 0.11 0.04
0 0.4766666666666667 0.36000000000000004 0.06666666666666667 0.03333333333333333
0 0.37000000000000005 0.39666666666666667 0.06666666666666667 0.060000000000000005
0 0.29500000000000004 0.43000000000000005 0.07666666666666667 0.02666666666666667
0 0.15000000000000002 0.47500000000000003 0.14 0.030000000000000002
0 0.05166666666666667 0.5 0.07 0.04
0 0.36833333333333335 0.22833333333333336 0.043333333333333335 0.05666666666666667
0 0.4766666666666667 0.17500000000000002 0.06666666666666667 0.05
0 0.5583333333333333 0.14166666666666666 0.09666666666666668 0.05666666666666667
0 0.6783333333333333 0.09166666666666667 0.16333333333333333 0.05666666666666667
0 0.7833333333333334 0.035 0.12000000000000001 0.05
0 0.35833333333333334 0.14666666666666667 0.17666666666666667 0.05333333333333334
0 0.1366666666666667 0.2066666666666667 0.25333333333333335 0.09333333333333334
