0 0.385 0.52 0.016666666666666666 0.02
0 0.41000000000000003 0.5416666666666667 0.02 0.016666666666666666
0 0.43000000000000005 0.5616666666666666 0.013333333333333334 0.016666666666666666
0 0.445 0.5850000000000001 0.01 0.01
0 0.45833333333333337 0.6000000000000001 0.01 0.013333333333333334
0 0.4766666666666667 0.625 0.02 0.023333333333333334
0 0.5033333333333334 0.65 0.02 0.013333333333333334
0 0.5266666666666667 0.67 0.02 0.013333333333333334
0 0.5433333333333333 0.6900000000000001 0.013333333333333334 0.013333333333333334
0 0.5716666666666667 0.7183333333333334 0.03666666666666667 0.030000000000000002
0 0.6033333333333334 0.75 0.02 0.02666666666666667
0 0.6316666666666667 0.7766666666666667 0.016666666666666666 0.013333333333333334
0 0.6516666666666667 0.7916666666666667 0.023333333333333334 0.016666666666666666
0 0.675 0.8116666666666668 0.016666666666666666 0.016666666666666666
0 0.7133333333333334 0.8466666666666667 0.02 0.02
0 0.7616666666666667 0.8733333333333334 0.043333333333333335 0.03333333333333333
0 0.8383333333333334 0.895 0.030000000000000002 0.03666666666666667
0 0.8550000000000001 0.9400000000000001 0.016666666666666666 0.02666666666666667
0 0.4683333333333334 0.48833333333333334 0.01 0.01
0 0.4866666666666667 0.51 0.013333333333333334 0.013333333333333334
0 0.5066666666666667 0.5283333333333333 0.013333333333333334 0.016666666666666666
0 0.5266666666666667 0.55 0.013333333333333334 0.013333333333333334
0 0.5466666666666667 0.5716666666666667 0.013333333333333334 0.016666666666666666
0 0.5616666666666666 0.5933333333333334 0.016666666666666666 0.02
0 0.5833333333333334 0.61 0.013333333333333334 0.013333333333333334
0 0.77 0.795 0.006666666666666667 0.01
