100
1002
1003
1004
1005
1007
1008
1009
101
1010
1011
1012
1015
1016
1017
1019
102
1020
1021
1022
1025
1026
1027
1028
1029
103
1030
1031
1032
1033
1034
1035
1037
1038
1039
1042
1043
1044
1045
1046
1048
1049
105
1050
1051
1052
1054
1057
1059
106
1062
1063
1064
1065
1066
1067
1068
1070
1071
1072
1075
1076
1079
108
1080
1082
1083
1084
1085
1086
1087
1088
109
1091
1092
1093
1096
1097
1098
1099
11
110
1100
1102
1104
1105
1107
1108
1109
111
1110
1111
1112
1113
1114
1115
1116
1117
1119
112
1120
1121
1123
1125
1127
1128
1129
113
1130
1131
1132
1133
1135
1136
1137
1139
114
1141
1142
1144
1145
1146
1147
1149
1152
1153
1154
1155
1156
1157
1158
1159
116
1160
1161
1162
1164
1165
1166
1167
1169
117
1170
1171
1173
1174
1175
1178
1179
1180
1181
1182
1183
1184
1185
1186
1188
1189
1190
1191
1192
1193
1194
1195
1196
1197
1199
12
120
1203
1204
1205
1206
1207
1208
1209
121
1210
1211
1212
1213
1214
1215
1216
1218
1219
122
1220
1221
1222
1227
1228
1229
1231
1232
1235
1236
1238
124
1240
1241
1243
1244
1245
1246
1247
1248
1249
1250
1252
1253
1257
1259
126
1261
1262
1263
1264
1268
1270
1272
1273
1274
1275
1276
1278
128
1280
1281
1282
1284
1285
1286
1288
1289
129
1290
1291
1294
1295
1296
1297
1298
1299
13
1300
1301
1302
1303
1306
1307
1308
1309
1310
1311
1312
1313
1314
1315
1316
1318
1319
1321
1322
1323
1324
1325
1327
1328
1329
133
1330
1332
1333
1335
1337
1338
1339
1340
1341
1342
1343
1344
1347
1348
1349
1350
1351
1353
1355
1356
1357
1358
1359
136
1360
1361
1362
1363
1364
1365
1366
1367
1368
137
1373
1374
1375
1376
1378
1379
138
1380
1382
1388
139
1390
1391
1392
1394
1395
1396
1398
1399
14
140
1401
1402
1403
1408
141
1411
1412
1413
1414
1415
1417
1418
1419
142
1420
1421
1422
1423
1424
1425
1426
1428
1429
143
1430
1431
1432
1433
1434
1435
1437
1438
1439
144
1441
1443
1445
1447
1450
1451
1452
1453
1454
1455
1456
1457
1458
1459
146
1463
1465
1466
1468
1469
1471
1472
1473
1474
1475
1476
1477
1478
148
1480
1482
1483
1484
1486
1487
1488
1489
149
1490
1491
1492
1494
1496
1497
1498
1499
15
150
1500
1502
1504
1505
1506
1507
1509
1510
1511
1512
1513
1514
1515
1516
1517
1518
1519
152
1521
1522
1523
1524
1526
1527
1528
1530
1531
1532
1533
1534
1535
1536
1538
1539
1540
1541
1542
1543
1544
1545
1546
1547
1549
155
1550
1551
1552
1554
1555
1557
1558
156
1560
1561
1562
1563
1564
1565
1566
1567
157
1570
1571
1572
1574
1576
1577
1578
1579
1582
1584
1585
1586
1587
1588
1589
159
1590
1591
1592
1593
1594
1595
1596
1597
1598
160
1602
1604
1605
1606
1607
1608
1609
1610
1611
1613
1615
1617
1618
162
1620
1622
1623
1625
1628
1629
163
1630
1631
1632
1633
1635
1636
1637
1638
1640
1641
1642
1643
1644
1646
1647
1648
1650
1651
1652
1653
1654
1655
1656
1658
1661
1663
1664
1665
1666
1667
1668
1673
1674
1676
1677
1678
1679
1680
1681
1682
1683
1685
1687
1688
1689
169
1690
1691
1692
1694
1696
1697
1698
1699
170
1700
1701
1702
1704
1706
1708
171
1711
1712
1713
1714
1716
1717
172
1721
1722
1723
1724
1725
1726
1727
1728
1729
173
1730
1731
1732
1734
1736
1737
1739
1740
1741
1742
1743
1744
1745
1749
175
1750
1751
1753
1754
1755
1756
1757
1758
1759
1760
1761
1763
1764
1765
1767
1769
177
1771
1773
1774
1775
1776
1778
1779
1781
1782
1783
1784
1785
1787
1788
1789
179
1790
1791
1792
1793
1794
1795
1796
1797
1798
1799
18
180
1801
1802
1804
1805
1807
1808
181
1811
1813
1815
1816
1817
1818
182
1820
1821
1822
1824
1826
1827
1828
1829
1830
1831
1833
1834
1835
1836
1839
184
1841
1842
1843
1844
1845
1846
1847
1848
1849
185
1852
1853
1854
1856
1857
1858
1859
1861
1862
1863
1864
1866
1867
1868
1869
1872
1873
1874
1875
1877
1878
1879
188
1880
1882
1883
1884
1887
1888
1889
189
1890
1891
1892
1893
1894
1895
1899
19
190
1900
1901
1904
1905
1906
1907
1908
1909
1910
1911
1913
1914
1915
1916
1918
192
1920
1921
1922
1923
1925
1926
1927
1928
193
1930
1931
1932
1934
1935
1936
1938
1939
1940
1941
1943
1944
1945
1946
1947
1949
195
1950
1951
1952
1953
1954
1955
1956
1957
1958
1959
196
1960
1961
1962
1964
1965
1966
1969
197
1970
1972
1976
1978
1979
1980
1981
1982
1983
1985
1986
1987
1988
1989
1990
1991
1992
1993
1994
1995
1996
1999
200
2000
2002
2003
2007
2008
201
2014
2015
2016
2017
2019
2020
2021
2023
2024
2025
2026
2029
203
2030
2031
2032
2033
2034
2035
2037
2038
2040
2041
2042
2045
2046
2047
2048
2049
205
2051
2053
2054
2055
2057
2058
2059
206
2060
2062
2063
2065
2066
2067
2069
2070
2071
2072
2073
2074
2075
2076
2077
2079
2080
2083
2086
2088
2089
209
2090
2091
2092
2093
2094
2095
2096
2097
2098
2099
21
210
2100
2102
2104
2105
2106
2107
211
2111
2113
2114
2116
2118
212
2120
2121
2122
2124
2125
2127
2129
213
2130
2134
2135
2136
2138
2139
214
2140
2141
2142
2143
2145
2148
2149
2151
2152
2153
2155
2156
2157
2158
216
2160
2161
2162
2163
2164
2165
2167
217
2170
2171
2173
2174
2176
2177
2178
2179
218
2181
2183
2184
2185
2186
2188
2189
219
2192
2193
2194
2195
2197
2199
22
220
2201
2203
2204
2205
2206
2208
2209
221
2210
2211
2212
2213
2214
2216
2218
2219
2222
2223
2224
2225
2227
2228
2229
223
2230
2231
2232
2233
2235
2238
2239
2240
2242
2243
2244
2245
2246
2248
2249
2252
2253
2254
2255
2256
2257
2258
2259
2260
2261
2262
2263
2265
2266
2267
2268
2269
227
2270
2271
2273
2275
2276
2278
228
2280
2281
2283
2286
2287
2288
229
2290
2293
2295
2296
2297
2299
23
230
2300
2301
2302
2303
2304
2305
2306
2308
2309
2310
2311
2313
2314
2317
232
2320
2321
2322
2325
2326
2328
233
2330
2331
2333
2334
2335
2337
2339
234
2344
2345
2346
2348
235
2350
2351
2352
2356
2357
2358
2359
2360
2362
2363
2364
2366
2367
2368
2369
237
2370
2371
2372
2373
2374
2376
2377
2378
2379
238
2381
2383
2384
2386
2387
2388
239
2390
2392
2393
2394
2395
2397
2398
2399
24
240
2400
2401
2402
2403
2404
2405
2408
2410
2411
2412
2413
2414
2416
2417
2418
2419
242
2420
2421
2423
2425
2426
2427
2428
2429
243
2430
2431
2432
2433
2434
2435
2437
2438
2439
244
2440
2441
2442
2443
2444
2445
2446
2447
2448
2449
245
2450
2452
2453
2454
2456
2459
246
2460
2462
2463
2464
2465
2467
2468
2469
2470
2472
2473
2475
2477
2478
2479
248
2481
2483
2484
2485
2486
2487
2488
249
2490
2491
2492
2493
2494
2498
2499
25
2500
2502
2503
2504
2506
2507
2510
2511
2513
2516
2518
2519
2522
2523
2526
2528
2529
253
2530
2531
2532
2533
2534
2536
2537
2539
254
2540
2543
2544
2545
2547
2548
255
2550
2551
2552
2553
2554
2555
2556
2557
2559
2563
2564
2566
2568
2569
257
2570
2571
2572
2573
2576
2577
2578
2579
2581
2582
2583
2585
2589
259
2590
2591
2592
2593
2595
2596
2597
2598
2599
26
2600
2601
2602
2607
2608
2609
2610
2611
2613
2614
2615
2617
2618
2620
2621
2624
2625
2628
2629
263
2630
2632
2635
2636
2637
2638
2639
264
2641
2642
2644
2645
2647
2648
2649
265
2650
2653
2654
2655
2656
2657
2658
2659
266
2660
2661
2664
2665
2666
2667
2668
2669
267
2671
2674
2675
2676
2677
2678
2679
268
2680
2681
2682
2683
2685
2686
2687
2689
269
2690
2693
2695
2696
2697
2698
2699
27
2701
2702
2703
2706
2708
2709
271
2711
2712
2714
2715
2716
2717
272
2720
2721
2722
2723
2724
2725
2727
273
2730
2731
2732
2736
2737
2738
2739
274
2740
2742
2743
2745
2746
2748
2749
275
2750
2751
2752
2753
2754
2755
2757
276
2760
2761
2763
2764
2765
2767
2768
2769
277
2771
2772
2773
2774
2777
2778
2779
2780
2782
2784
2785
2786
2789
2790
2791
2792
2793
2796
2799
28
280
2800
2801
2802
2804
2805
2806
2809
281
2810
2811
2812
2813
2814
2815
2816
2817
2818
2819
282
2820
2822
2824
2826
2827
2829
283
2830
2831
2832
2833
2834
2836
2837
2838
2839
2840
2841
2842
2843
2844
2845
2846
2847
2848
2849
285
2850
2851
2853
2854
2855
2857
2858
2859
2860
2862
2863
2866
2868
2869
2871
2873
2875
2876
2878
2879
288
2880
2882
2883
2884
2886
2888
289
2890
2891
2892
2893
2894
2896
2898
2899
29
290
2900
2902
2903
2904
2906
2908
2909
291
2910
2911
2912
2914
2915
2918
2919
292
2921
2924
2925
2926
2927
2928
293
2930
2931
2932
2933
2934
2935
2936
2938
294
2940
2942
2944
2945
2946
2947
2948
295
2950
2952
2953
2954
2956
2957
2958
2959
296
2960
2961
2963
2965
2967
2968
2969
2970
2971
2972
2974
2975
2978
2979
298
2980
2981
2984
2985
2986
2987
2988
2989
299
2993
2994
2996
300
3000
3001
3004
3006
3007
3008
301
3010
3011
3012
3015
3016
3017
3019
302
3020
3021
3022
3023
3024
3025
3026
3027
3028
3029
303
3030
3032
3033
3034
3035
3036
3037
3038
304
3040
3041
3042
3043
3044
3047
3048
3049
305
3052
3053
3054
3055
3057
3059
306
3060
3061
3063
3064
3066
3067
3069
307
3070
3071
3073
3074
3075
3076
3077
3078
3079
3080
3083
3084
3085
3086
3088
3089
309
3090
3092
3093
3097
3098
3099
310
3100
3101
3102
3103
3104
3105
3106
3107
3108
3109
311
3110
3111
3112
3114
3115
3117
3118
3119
3120
3121
3122
3123
3126
3127
3129
313
3130
3131
3134
3137
3138
3139
314
3140
3141
3142
3143
3144
3145
3146
3147
3148
3150
3151
3152
3153
3154
3155
3157
3159
316
3163
3165
3166
3167
3169
317
3171
3172
3173
3174
3175
3176
3177
3179
3180
3181
3183
3185
3186
3187
3188
3189
3190
3194
3195
3197
3198
32
3200
3201
3203
3204
3206
3207
3208
3209
321
3210
3212
3216
3217
3218
3219
3223
3225
3226
3227
3228
3229
323
3231
3232
3233
3234
3235
3237
3239
324
3240
3241
3243
3244
3245
3246
3247
3249
3250
3251
3252
3253
3254
3255
3256
3257
3258
326
3260
3261
3262
3263
3265
3266
3267
3268
327
3270
3271
3272
3273
3274
3275
3276
3277
3279
328
3280
3281
3282
3283
3285
3287
3288
3289
329
3290
3291
3292
3293
3295
3297
3298
3299
330
3300
3301
3302
3303
3304
3305
3306
3307
3308
3309
331
3310
3311
3312
3313
3314
3316
3317
3319
3321
3322
3324
3325
3326
3327
3328
3329
333
3330
3333
3335
3336
3337
3338
3339
3340
3342
3344
3345
3348
335
3350
3352
3353
3354
3355
3357
3358
3360
3361
3362
3363
3367
3368
337
3370
3372
3374
3376
3377
338
3380
3381
3382
3383
3385
3387
3388
3389
339
3391
3392
3393
3394
3395
3397
3398
3399
34
340
3401
3403
3405
3406
3409
341
3410
3411
3412
3413
3415
342
3420
3421
3423
3425
3426
3429
3430
3431
3432
3434
3435
3436
3437
3439
344
3440
3442
3446
3447
3449
345
3450
3451
3452
3453
3455
3456
3457
3458
3460
3461
3462
3463
3464
3465
3466
3467
3468
3469
347
3470
3472
3473
3474
3475
3476
3477
3478
3479
348
3480
3481
3482
3483
3485
3486
3487
3488
3489
349
3490
3491
3493
3494
3495
3496
3498
3499
350
3500
3501
3503
3506
3507
3508
3509
351
3510
3511
3512
3513
3514
3516
3517
3520
3521
3522
3523
3526
3527
3528
3529
353
3530
3531
3534
3535
3537
3539
354
3540
3542
3544
3545
3546
3547
3549
3552
3553
3556
3559
3560
3561
3562
3563
3564
3565
3567
3568
3569
3570
3571
3572
3574
3575
3576
3577
3578
3579
3582
3584
3586
3588
359
3590
3591
3593
3594
3595
3596
3597
3598
36
360
3602
3603
3604
3605
3606
3607
3608
3609
361
3610
3611
3612
3616
3617
3619
362
3620
3621
3623
3624
3626
3629
363
3630
3631
3632
3634
3635
3636
3637
3638
364
3640
3641
3643
3645
3646
3647
3648
3649
365
3650
3651
3652
3653
3654
3656
3657
3659
366
3660
3661
3662
3665
3666
3667
3668
3669
3670
3672
3676
3677
3678
3679
368
3680
3681
3682
3685
3687
3688
3689
369
3690
3691
3694
3695
3696
3699
37
370
3700
3701
3703
3704
3705
3707
3709
3710
3712
3716
3717
3720
3722
3723
3726
3727
3728
373
3730
3731
3732
3733
3734
3735
3736
3737
3738
3739
374
3740
3743
3744
3745
3748
3749
375
3750
3751
3754
3755
3756
3757
376
3760
3761
3763
3764
3765
3766
3769
377
3770
3771
3772
3774
3775
3777
3778
3779
378
3780
3781
3782
3783
3784
3785
3786
379
3791
3792
3793
3794
3798
3799
38
380
3800
3801
3802
3803
3804
3805
3806
3808
3809
381
3811
3812
3813
3814
3815
3816
3818
3819
3821
3822
3824
3826
3827
3828
3829
383
3830
3831
3832
3833
3834
3835
3836
3837
3839
384
3840
3843
3844
3845
3848
3849
3850
3853
3856
3857
3858
3859
386
3860
3861
3862
3864
3865
3866
3867
3868
3869
387
3871
3872
3873
3874
3875
3877
3879
388
3880
3881
3882
3883
3884
3886
3887
3889
3890
3891
3892
3893
3895
3896
3897
3899
39
390
3903
3905
3907
3909
391
3910
3911
3912
3914
3915
3916
3917
3919
392
3921
3923
3924
3925
3926
3927
3928
3929
3930
3931
3933
3935
3936
3937
3938
394
3940
3941
3942
3943
3944
3946
3947
3948
3949
395
3950
3951
3952
3953
3954
3955
3956
3957
3958
3959
396
3960
3964
3965
3966
3967
3968
3969
397
3970
3972
3973
3974
3975
3976
3978
3979
398
3980
3981
3983
3984
3986
3987
3988
3989
399
3990
3991
3992
3993
3994
3995
3996
3997
4
400
4000
4001
4003
4006
4008
4009
401
4011
4012
4013
4016
4017
4018
4019
4020
4021
4022
4024
4026
4027
4028
4029
403
4031
4032
4033
4034
4036
4037
4038
4039
404
4040
4041
4042
4043
4044
4046
4047
4049
405
4050
4051
4052
4053
4054
4057
4059
406
4062
4063
4064
4066
4067
4069
4072
4073
4074
4075
4077
4078
4079
4080
4081
4082
4085
4086
4087
409
4090
4091
4092
4094
4095
4097
4099
41
410
4101
4103
4104
4106
4107
4108
4109
411
4110
4111
4112
4115
4116
4117
4119
412
4121
4122
4123
4124
4125
4126
4127
4128
4129
4130
4131
4132
4133
4134
4135
4136
4138
4139
414
4141
4142
4143
4144
4145
4146
4149
4151
4153
4155
4156
4158
4159
416
4162
4163
4164
4167
4168
4169
417
4171
4173
4176
4177
4178
418
4180
4181
4182
4183
4186
4187
4188
4189
419
4190
4191
4192
4193
4194
4195
4196
4198
42
420
4200
4201
4202
4203
4204
4207
4208
421
4210
4211
4212
4213
4214
4215
4216
4218
4219
4220
4221
4222
4223
4224
4225
4226
4227
4228
4231
4233
4235
4236
4237
4238
4239
424
4245
4248
4249
425
4250
4251
4252
4253
4257
4258
4259
426
4263
4264
4267
4269
427
4270
4271
4272
4273
4274
4277
4278
428
4280
4282
4283
4284
4286
4287
4289
429
4290
4291
4292
4293
4294
4296
4297
4298
4299
4302
4303
4304
4305
4306
4307
4309
431
4310
4311
4312
4313
4314
4315
4317
4318
4319
4320
4321
4322
4323
4324
4325
4326
4328
4329
433
4333
4334
4337
4339
434
4342
4344
4345
4346
4347
435
4350
4351
4352
4355
4356
4357
4358
436
4360
4361
4363
4364
4365
4366
4367
4368
4369
4371
4372
4375
4376
4377
4378
438
4380
4382
4383
4384
4385
4388
4389
4391
4392
4393
4394
4395
4397
4398
44
440
4402
4405
4406
4407
4408
4409
4411
4412
4414
4415
4416
4417
4418
4419
4420
4422
4423
4424
4425
4426
4428
4429
443
4430
4432
4433
4434
4435
4436
4438
4439
4440
4441
4442
4443
4445
4446
4447
4448
4449
445
4450
4451
4452
4453
4454
4457
4458
4459
446
4462
4463
4465
4466
4467
4468
4469
4473
4474
4475
4476
4477
4478
4479
448
4480
4481
4486
4487
4489
4493
4494
4495
4496
4497
4499
45
450
4500
4502
4505
4506
4507
4508
4509
451
4510
4511
4512
4513
4514
4515
4516
4517
4518
452
4520
4521
4523
4524
4525
4526
4527
4528
4529
453
4532
4533
4534
4535
4536
4537
4539
454
4540
4541
4544
4545
4546
4547
4548
4549
4550
4552
4553
4554
4555
4556
4557
4559
4561
4563
4565
4566
4567
4568
4569
457
4570
4571
4572
4574
4575
4576
4577
458
4580
4581
4582
4584
4585
4586
4587
4588
459
4590
4592
4593
4594
4595
4596
4597
4598
46
4600
4601
4602
4603
4604
4607
4609
4610
4611
4613
4614
4615
4616
4617
4618
4619
462
4620
4621
4623
4624
4625
4628
463
4630
4631
4633
4634
4636
4638
4639
464
4640
4641
4642
4643
4644
4645
4646
4647
4649
4650
4652
4654
4657
4658
466
4666
4668
4669
467
4670
4673
4674
4675
4676
4677
4678
4679
4680
4682
4684
4685
4687
4688
4689
4690
4691
4692
4693
4694
4698
4699
47
470
4700
4701
4702
4703
4704
4705
4706
4708
4709
4710
4712
4713
4717
4718
4719
472
4720
4721
4723
4724
4725
4726
4727
4728
473
4730
4734
4735
4736
4737
4738
4739
474
4740
4742
4743
4746
4747
4748
4749
475
4750
4751
4752
4754
4755
4756
4757
476
4760
4761
4762
4763
4764
4765
4767
4768
4769
4771
4772
4773
4774
4775
4777
4778
4779
4780
4781
4782
4784
4785
4786
4787
4788
4789
479
4790
4791
4792
4795
4796
48
480
4803
4804
4808
4809
4810
4811
4813
4815
4816
4817
4819
482
4821
4822
4823
4824
4825
4826
4828
4830
4833
4836
4837
484
4840
4841
4842
4843
4845
4846
4847
4849
4850
4851
4852
4853
4854
4855
4856
4857
4858
486
4861
4862
4863
4864
4865
4866
4867
4868
4869
4870
4871
4872
4873
4874
4875
4876
4878
4879
4880
4881
4882
4883
4884
4886
4889
4890
4891
4892
4894
4895
4896
4898
4899
49
4900
4901
4902
4903
4904
4905
4908
4909
4910
4911
4912
4916
4917
4918
4919
492
4920
4923
4925
4928
4929
493
4930
4931
4932
4933
4934
4935
4937
4939
4940
4941
4943
4944
4945
4946
4947
4949
4953
4954
4955
4958
4959
496
4961
4962
4963
4964
4966
4967
4968
4969
497
4970
4971
4972
4974
4975
4977
4978
4979
498
4981
4983
4985
4986
4987
4988
499
4990
4992
4993
4995
4997
4998
5
50
500
5001
5002
5003
5004
5005
5006
5007
5008
5009
5011
5012
5013
5014
5017
5019
502
5020
5021
5023
5024
5025
5026
5028
5029
503
5030
5031
5032
5033
5034
5035
5037
5039
5040
5041
5042
5043
5044
5045
5048
5049
505
5051
5052
5053
5055
5056
5057
5058
5059
506
5061
5062
5063
5064
5065
5068
5069
507
5070
5071
5072
5073
5075
5076
5077
5078
5079
508
5081
5083
5084
5085
5086
5087
509
5090
5092
5093
5095
5096
5097
5098
5099
51
510
5100
5101
5103
5104
5105
5110
5114
5115
5116
5119
512
5120
5123
5124
5125
5126
5127
5128
513
5130
5131
5132
5135
5136
5137
5138
5139
5140
5142
5144
5145
5146
5148
5149
515
5150
5151
5154
5156
5157
5158
5159
5160
5161
5162
5163
5164
5165
5166
5167
5168
5169
517
5170
5171
5173
5174
5176
5177
5179
5180
5182
5183
5184
5185
5187
5188
5189
519
5191
5192
52
520
521
522
523
524
5248
5249
5251
5252
5253
5254
5256
5257
5258
526
5260
5261
5262
5263
5265
5267
5268
5270
5271
5272
5273
5274
5275
5276
5278
5279
528
5282
5284
5285
5288
529
5291
5292
5293
5294
5295
5296
5297
5299
530
5300
5303
5304
5305
5307
5308
5309
5310
5311
5312
5313
5315
5317
5318
532
5320
5324
5325
5326
5327
5329
533
5332
5333
5334
5336
5337
5339
534
5341
5343
5344
5345
5347
5348
5349
535
5352
5353
5354
5356
5357
5359
536
5360
5363
5365
5366
5367
5368
537
5373
5374
5377
5378
5379
538
5380
5381
5382
5384
5385
5387
5388
539
5391
5392
5393
5394
5396
5398
5399
540
5400
5401
5402
5403
5405
5406
5407
5409
541
5410
5411
5412
5414
5415
5416
5417
5418
5419
542
5420
5422
5424
5425
5426
5427
5429
543
5430
5432
5433
5434
5435
5437
5438
544
5441
5442
5444
5445
5447
5448
5449
5450
5451
5453
5455
5457
5458
5459
546
5460
5461
5462
5463
5464
5465
5467
5468
547
5473
5474
5475
5476
5477
5478
548
5480
5481
5485
5487
5488
549
5491
5493
5494
5495
5496
5497
5498
55
550
5500
5502
5503
5504
5505
5506
5507
5508
551
5510
5512
5513
5515
5517
5518
5519
552
5521
5522
5524
5525
5526
5528
553
5530
5531
5532
5533
5535
5537
5540
5541
5542
5544
5549
555
5550
5551
5552
5553
5554
5556
5557
5558
5559
5560
5561
5562
5563
5564
5565
5566
5568
5569
557
5572
5574
5576
5577
5578
5579
5580
5581
5582
5585
5586
5587
5588
5589
559
5590
5591
5594
5595
5596
5598
56
5600
5601
5602
5603
5604
5605
5606
5607
5608
561
5610
5611
5612
5613
5614
562
565
566
568
569
57
572
573
574
575
576
577
578
579
58
581
583
585
590
591
595
596
597
598
599
6
60
600
601
602
603
604
605
606
608
609
61
611
612
613
615
616
617
618
619
62
621
623
625
626
628
63
631
632
633
634
635
636
637
638
639
64
640
641
642
643
644
645
646
648
649
65
650
653
654
655
656
657
658
659
66
661
662
663
664
665
666
668
669
67
671
672
677
679
681
682
683
684
685
686
687
688
69
690
691
692
694
695
699
7
70
700
701
704
705
706
707
709
71
712
713
715
716
717
718
720
722
723
724
729
73
730
731
732
734
735
736
738
74
740
741
742
743
744
746
747
748
749
750
751
752
754
755
756
757
758
759
76
763
765
766
767
768
769
77
770
772
773
775
776
777
779
78
782
783
784
785
786
789
790
791
793
794
797
798
799
8
80
801
804
805
807
808
809
81
811
813
814
815
816
817
818
819
82
821
822
823
824
825
827
828
83
830
831
834
836
838
839
84
840
843
844
845
846
847
85
851
852
854
855
856
857
858
859
861
862
863
864
865
866
867
868
869
87
871
872
873
874
875
877
878
879
880
881
882
883
885
887
888
89
891
892
893
895
896
897
898
9
90
900
901
902
904
905
907
909
91
911
912
913
914
915
917
918
919
921
922
923
924
925
927
929
93
930
931
933
935
936
937
938
939
94
940
941
942
943
945
946
947
948
949
95
950
951
952
953
954
956
957
958
96
961
965
967
97
970
971
972
973
975
976
98
980
981
982
983
984
986
987
988
989
990
991
994
995
996
997
